41.44
1.1765
1.1765
1.1765
1.1765
1.17643
1.17596
1.17498
1.17343
1.17123
1.16824
1.16431
1.15924
1.15282
1.14486
1.13515
1.12352
1.10982
1.09393
1.07578
1.05535
1.03267
1.00778
0.9808
0.951856
0.921137
0.88886
0.855255
0.820554
0.78501
0.748894
0.712479
0.676031
0.639815
0.604078
0.569048
0.534935
0.501931
0.470205
0.439896
0.411117
0.383955
0.35847
0.334692
0.312631
0.292271
0.273579
0.256505
0.240985
0.226942
0.214294
0.202949
0.192814
0.183793
0.175787
0.168703
0.162446
0.156923
0.152044
0.147722
0.143871
0.140411
0.137266
0.134365
0.131641
0.129031
0.12648
0.123937
0.12136
0.11871
0.115959
0.113083
0.110068
0.106905
0.103592
0.100133
0.0965366
0.092817
0.0889925
0.085085
0.0811194
0.0771218
0.0731198
0.069141
0.065213
0.0613623
0.0576127
0.0539863
0.0505023
0.0471771
0.0440238
0.0410524
0.0382698
0.0356796
0.0332825
0.0310769
0.0290586
0.0272217
0.0255587
0.024061
0.0227188
0.021522
0.0204596
0.0195209
0.0186949
0.0179706
0.0173371
0.016784
0.0163009
0.0158782
0.0155064
0.0151768
0.0148808
0.0146102
0.0143577
0.0141164
0.01388
0.0136428
0.0133998
0.0131467
0.0128797
0.0125964
0.0122947
0.0119735
0.0116325
0.011272
0.0108931
0.0104974
0.0100871
0.00966483
