0
1.1903
1.1903
1.1903
1.1903
1.19047
1.19271
1.19758
1.2101
1.23111
1.25991
1.30122
1.33086
1.37682
1.40838
1.45744
1.49975
1.54255
1.5763
1.62481
1.66266
1.69823
1.73185
1.76378
1.78809
1.82213
1.84299
1.87142
1.89266
1.90832
1.92992
1.9432
1.9614
1.97497
1.98718
1.99829
2.00658
2.0164
2.02749
2.03447
2.04431
2.05048
2.05783
2.06629
2.07179
2.0785
2.08498
2.0924
2.0971
2.10381
2.10809
2.11427
2.11918
2.12293
2.12736
2.1323
2.13612
2.13971
2.14308
2.14563
2.14862
2.15141
2.15451
2.15691
2.15873
2.16132
2.16336
2.16491
2.16675
