0
-2.74909
-2.74909
-2.74909
-2.74922
-2.75094
-2.75897
-2.7771
-2.82883
-2.92624
-3.11748
-3.29532
-3.57621
-3.99178
-4.38748
-4.81237
-5.16774
-5.62725
-6.09964
-6.67934
-7.07293
-7.60722
-7.85212
-8.05783
-8.35569
-8.58386
-8.79817
-9.00862
-9.18385
-9.41806
-9.70709
-9.93578
-10.1469
-10.3393
-10.5127
-10.6676
-10.8058
-10.9309
-11.025
-11.142
-11.2946
-11.4432
-11.6167
-11.7727
-12.0315
-12.2666
-12.465
-12.7737
-13.0341
-13.2396
-13.4864
-13.7146
-13.9172
-14.1207
-14.232
-14.3639
-14.4437
-14.499
-14.5324
-14.5475
-14.5491
-14.5429
-14.5362
-14.53
-14.5314
-14.5362
-14.5492
-14.5609
-14.5821
-14.602
-14.6187
-14.6438
-14.66
-14.6825
-14.6993
-14.7115
-14.728
-14.738
-14.7518
-14.7626
-14.7731
-14.7837
-14.7946
-14.8036
-14.818
-14.8306
-14.8435
-14.8564
-14.8665
-14.8788
-14.8901
-14.9024
-14.9112
-14.9186
-14.9236
-14.9295
-14.9332
-14.936
-14.9379
-14.9398
-14.9417
-14.944
-14.9463
-14.9489
