41
5.17045
5.17045
5.17009
5.16677
5.15348
5.12065
5.03506
4.90496
4.70971
4.44972
4.1351
3.85359
3.47662
3.08534
2.69497
2.32124
1.97831
1.6211
1.41931
1.20695
1.03484
0.897341
0.789038
0.690998
0.63066
0.584759
0.555174
0.52322
0.493265
0.46269
0.430194
0.39559
0.359472
0.322834
0.286847
0.246175
0.215529
0.19362
0.169749
0.146214
0.130503
0.120146
0.109498
0.0993527
0.0937495
0.0875945
0.0819647
0.0764846
0.0708973
0.0650772
0.0590221
0.0528307
0.046667
0.0395713
0.0351653
0.0292198
0.0257651
0.0213888
0.0189958
0.0161228
0.0142969
0.0131422
0.012003
0.0109654
0.0102791
0.00979677
