0
0.97915
0.97915
0.97915
0.980093
0.987578
1.00045
1.02286
1.04945
1.10477
1.16163
1.22127
1.2766
1.32281
1.3515
1.38051
1.3913
1.39664
1.39345
1.3862
1.37657
1.36573
1.35325
1.33655
1.31312
1.2883
1.2402
1.20151
1.13656
1.08055
1.02766
0.98148
0.951236
0.918711
0.903455
0.89856
0.900654
0.913243
0.930388
0.9521
0.971931
1.0046
1.03359
1.06336
1.08727
1.12268
1.15138
1.17908
1.20039
1.22593
1.25493
1.27773
1.29506
1.31954
1.33854
1.35624
1.37265
1.38776
1.40162
1.41425
1.42348
1.4359
1.445
1.45298
1.4599
1.46583
1.46993
1.47432
1.47797
1.48153
1.48391
1.48587
1.48746
1.4885
1.48972
1.49033
1.491
1.49136
1.49153
1.49162
1.49155
1.49137
1.49108
1.49077
1.49019
