0
-4.4981
-4.4981
-4.4981
-4.4981
-4.4981
-4.49811
-4.49815
-4.4983
-4.49862
-4.49923
-4.50027
-4.50189
-4.50427
-4.50759
-4.51203
-4.51777
-4.52495
-4.53372
-4.54419
-4.55644
-4.57054
-4.5865
-4.60432
-4.62397
-4.6454
-4.66853
-4.69325
-4.71945
-4.74698
-4.77572
-4.8055
-4.83616
-4.86753
-4.88342
-4.93166
-4.96405
-4.99641
-5.02854
-5.06026
-5.09139
-5.12177
-5.16559
-5.17967
-5.20694
-5.24545
-5.25762
-5.2809
-5.30274
-5.32313
-5.34207
-5.35956
-5.37564
-5.39034
-5.40373
-5.41586
-5.42681
-5.43667
-5.44554
-5.4535
-5.46401
-5.46719
-5.47312
-5.47861
-5.48376
-5.48867
-5.49347
-5.49824
-5.50307
-5.50805
-5.51326
-5.51874
-5.52457
-5.53077
-5.53738
-5.54442
-5.55189
-5.55979
-5.5681
-5.57682
-5.5859
-5.59531
-5.60501
-5.61496
-5.6251
-5.63537
-5.64572
-5.6561
-5.66644
-5.67668
-5.68677
-5.69667
-5.70631
-5.71565
-5.72466
-5.73329
-5.74153
-5.74933
-5.7567
-5.76361
-5.77006
-5.77604
-5.78158
-5.78667
-5.79132
-5.79557
-5.79943
-5.80294
-5.80611
-5.80899
-5.81161
-5.81401
-5.81622
-5.81828
-5.82023
-5.8221
-5.82392
-5.82574
-5.82757
-5.82945
-5.8314
-5.83343
-5.83558
-5.83785
-5.84024
-5.84278
-5.84546
-5.84974
-5.85123
-5.85432
-5.85753
-5.86086
-5.86427
-5.86955
-5.87134
-5.87495
-5.87859
-5.88223
-5.88586
-5.88946
-5.893
-5.89648
-5.89986
-5.90315
-5.90631
