0
1.5463
1.5463
1.5463
1.5463
1.5463
1.5463
1.5463
1.54634
1.54644
1.54669
1.54715
1.54792
1.54909
1.55073
1.55288
1.55558
1.55884
1.56263
1.56693
1.5717
1.57688
1.58242
1.58828
1.59441
1.6008
1.60741
1.61423
1.62123
1.62841
1.63574
1.64322
1.6508
1.65847
1.66621
1.67397
1.68173
1.68946
1.69714
1.70474
1.71225
1.71965
1.72693
1.73408
1.74109
1.74796
1.75469
1.76126
1.76768
1.77394
1.78003
1.78596
1.79172
1.79731
1.80273
1.80797
1.81305
1.81795
1.82269
1.82728
1.8317
1.83598
1.84012
1.84411
1.84797
1.85171
1.85531
1.8588
1.86217
1.86543
1.86859
1.87164
1.87459
1.87745
1.88022
1.8829
1.88551
1.88804
1.8905
1.89289
1.89522
1.89749
1.8997
1.90186
1.90397
1.90602
1.90803
1.90999
1.9119
1.91378
1.91561
1.91741
1.91917
1.92089
1.92258
1.92423
1.92585
