0
1.17473
1.17473
1.17473
1.17473
1.17473
1.17466
1.17443
1.17394
1.17321
1.17222
1.17102
1.16967
1.16817
1.16652
1.16472
1.16277
1.16068
1.15848
1.15619
1.15381
1.15134
1.14879
1.14615
1.14341
1.14058
1.13766
1.13467
1.13161
1.12848
1.12531
1.12208
1.11881
1.11551
1.1122
1.10888
1.10556
1.10224
1.09894
1.09565
1.09238
1.08913
1.08591
1.08271
1.07954
1.07637
1.07323
1.0701
1.06697
1.06386
1.06076
1.05767
1.0546
1.05155
1.04852
1.04552
1.04256
1.03964
1.03678
1.03398
1.03125
1.02858
1.02598
1.02347
1.02103
1.01868
1.01641
1.01424
1.01214
1.01014
1.00822
1.00638
1.00462
1.00294
1.00134
0.999809
0.998352
0.996967
0.995651
0.994403
0.993221
0.992103
0.991048
0.990054
0.989118
0.988239
0.987411
0.986633
0.985903
0.985216
0.984572
0.983966
0.983396
0.982857
0.982348
0.981864
0.981403
