0
0.000167696
0.000677299
0.00151997
0.00268478
0.00416476
0.00596692
0.00596692
0.00596692
0.0133919
0.0133919
0.0133919
0.0237004
0.0237004
0.0321988
0.0321988
0.0321988
0.0321988
0.0321988
0.0321988
0.0321988
0.0722931
0.0793445
0.0866285
0.0943724
0.102345
0.102345
0.119288
0.119288
0.137613
0.137613
0.157485
0.167744
0.178461
0.189446
0.200761
0.200761
0.2247
0.2247
0.250363
0.250363
0.277382
0.291429
0.305479
0.32022
0.32022
0.32022
0.32022
0.384595
0.384595
0.384595
0.436674
0.45481
0.473519
0.493389
0.51288
0.51288
0.51288
0.572839
0.59403
0.59403
0.638378
0.661131
0.661131
0.661131
0.730202
0.730202
0.78112
0.78112
0.831193
0.857485
0.857485
0.857485
0.936247
0.964592
0.991713
1.02029
1.02029
1.02029
1.02029
1.13158
1.13158
1.13158
1.21836
1.24739
1.27596
1.30378
1.30378
1.36164
1.36164
1.36164
1.44577
1.44577
1.50169
1.52935
1.52935
1.58348
1.61042
1.61042
1.66204
1.66204
1.66204
1.66204
1.66204
1.66204
1.80951
1.80951
1.85399
1.87502
1.89398
1.89398
1.89398
1.89398
1.89398
1.89398
1.89398
1.89398
1.89398
2.06436
2.06436
2.09152
2.10212
2.11773
2.11773
2.14516
2.1598
2.1598
2.16279
2.16279
2.17051
2.17702
2.17702
2.17702
2.17702
2.17702
2.17702
2.17702
2.0975
2.0975
2.0975
2.0975
2.0975
2.0975
2.0975
2.0975
1.81371
1.81371
1.81371
1.6219
1.53657
1.44573
1.37607
1.26566
1.16883
1.16883
1.01766
0.943101
0.884813
0.884813
0.77361
0.754435
0.735204
0.735204
0.728071
0.777096
0.834615
0.905324
0.905324
0.991148
1.0206
1.04959
1.07517
1.07517
1.1327
1.14768
1.16694
1.19027
1.2008
1.20853
1.23667
1.21697
1.22441
1.22655
1.22158
1.22417
1.21843
1.21658
1.21046
1.19819
1.19701
1.18418
1.17803
1.17279
1.17279
1.15217
1.15217
1.13573
1.13573
1.10777
1.09059
1.0773
1.0773
1.04181
1.03675
1.01989
1.0084
0.99946
0.98017
0.968472
0.959359
0.941472
0.93169
0.91742
0.91742
0.88638
0.897327
0.866684
0.848335
0.835356
0.818188
0.83567
0.799696
0.786806
0.77567
0.771805
0.745277
0.742413
0.726609
0.716022
0.705752
0.691763
0.691763
0.669038
0.661039
0.64882
0.641723
0.663247
0.624456
0.624456
0.604872
0.606291
0.588476
0.588781
0.570461
0.572451
0.557753
0.550154
0.54403
0.533469
0.533
0.533
0.518908
0.513378
0.519232
0.512457
0.516823
0.514374
0.506278
0.506278
0.506278
0.492716
0.492716
0.482467
0.482467
0.488407
0.461919
0.461919
0.447146
0.447146
0.447146
0.447146
0.43642
0.425825
0.422088
0.422088
0.421616
0.403434
0.403434
0.403434
0.387463
0.400218
0.403372
0.403372
0.403372
0.403372
0.403372
0.403372
0.38833
0.38833
0.38833
0.410962
0.410962
0.410962
0.406973
0.408714
0.411326
0.411326
0.419796
0.419796
0.433991
0.420498
0.420498
0.447723
0.444191
0.444191
0.457348
0.461247
0.464197
0.464197
0.464197
0.464197
0.529636
0.521704
0.521704
0.521704
0.54485
0.54485
0.561293
0.561293
0.568039
0.568039
0.587101
0.587101
0.606793
0.606793
0.606795
0.6299
0.613685
0.621395
0.621395
0.621395
0.662809
0.667186
0.667186
0.666862
0.666862
0.666862
0.687083
0.687083
0.687083
0.687083
0.687083
0.717535
0.736968
0.736968
0.740268
0.755096
0.744453
0.759288
0.764491
0.764491
0.764491
0.778135
0.778135
0.778135
0.797672
0.795704
0.795704
0.795704
0.795704
0.818194
0.831303
0.831303
0.831303
0.831303
0.845373
0.845373
0.845373
0.853667
0.853667
0.853667
0.853667
0.853667
0.861396
0.874452
0.874452
0.874452
0.887333
0.887333
0.887333
0.887333
0.887333
0.887333
0.887333
0.887333
0.922475
0.91391
0.91391
0.91391
0.91391
0.91391
0.91391
0.91391
0.91391
0.943773
0.95179
0.95179
0.95179
0.95179
0.950597
0.950597
0.962505
0.963064
0.976423
0.976423
0.976423
0.976423
0.976423
0.976423
0.976423
0.976423
0.976423
0.976423
0.976423
0.976423
0.995609
1.0012
1.0012
1.0012
1.0012
1.0012
1.0012
1.0012
1.01807
1.01807
1.03177
1.03177
1.03177
1.03177
1.03177
1.03177
1.03177
1.03177
1.03177
1.03177
1.03177
1.01963
1.01963
1.01963
1.01963
1.01963
1.01963
1.01963
1.01963
1.03498
1.03498
1.04287
1.04287
1.04287
1.04287
1.04287
1.04287
1.04287
1.04287
1.04287
1.04078
1.04078
1.04078
1.04078
1.04078
1.04078
1.04078
1.04078
1.04078
1.04078
1.04078
1.04078
1.04078
1.04078
1.04078
1.04078
1.06971
1.06971
1.06971
1.06971
1.06971
1.06971
1.06971
1.06971
1.06971
1.06971
1.06971
1.06971
1.06971
1.06971
1.06925
1.06925
1.06925
1.06925
1.06925
1.06925
1.06925
1.06925
1.07722
1.07722
1.07722
1.07722
1.07722
1.07722
1.07722
1.07722
1.07722
1.07722
1.07722
1.07722
1.07722
1.07722
1.07722
1.07722
1.07722
1.07722
1.07722
1.07722
1.07722
1.07722
1.07722
1.25234
1.26654
1.2766
1.2766
1.2766
1.2766
1.2766
1.32282
1.32282
1.34302
1.34302
1.3466
1.3466
1.3466
1.35237
1.35237
1.3435
1.35441
1.35441
1.35441
1.36564
1.36566
1.36745
1.35687
1.36017
1.3586
1.35903
1.35903
1.35693
1.35693
1.35693
1.3542
1.34922
1.34922
1.34922
1.34922
1.34922
1.34922
1.34274
1.34448
1.34329
1.33631
1.33225
1.33002
1.33002
1.33304
1.32686
1.32686
1.32907
1.32466
1.31717
1.31554
1.32158
1.32158
1.32158
1.3183
1.30704
1.31502
1.3088
1.30376
1.30049
1.30333
1.30267
1.29694
1.29687
1.29687
1.29505
1.29334
1.29305
1.2903
1.29003
1.28636
1.28994
1.28558
1.2799
1.2799
1.27962
1.27962
1.27787
1.2747
1.27509
1.27429
1.27244
1.27244
1.27006
1.27353
1.26852
1.26324
1.25327
1.25327
1.25147
1.25962
1.2555
1.2555
1.2555
1.25586
1.25326
1.24944
1.24564
1.24472
1.24124
1.24124
1.23866
1.23866
1.23684
1.23245
1.233
1.23283
1.23075
1.23151
1.22863
1.22589
1.22589
1.22113
1.22195
1.22195
1.22195
1.22107
1.22177
1.21866
1.21882
1.21617
1.21617
1.21882
1.21754
1.21631
1.21866
1.21882
1.21882
1.21842
1.21413
1.2244
1.22094
1.22167
1.2206
1.2206
1.21819
1.21819
1.21896
1.22302
1.22137
1.21655
1.2149
1.2149
1.21896
1.2249
1.23047
1.23013
1.23097
1.23138
1.23138
1.23138
1.23138
1.23193
1.23475
1.23972
1.24291
1.23972
1.24383
1.24383
1.24383
1.24131
1.24131
1.24038
1.24857
1.2539
1.25134
1.25093
1.25864
1.26179
1.26179
1.26745
1.27127
1.26213
1.27346
1.26934
1.26934
1.27177
1.26576
1.2709
1.27467
1.27845
1.27845
1.28124
1.28435
1.28821
1.28669
1.28859
1.28603
1.2901
1.29448
1.29448
1.29381
1.29833
1.29833
1.30207
1.29951
1.30207
1.30462
1.3118
1.31517
1.31517
1.31262
1.31772
1.31516
1.32276
1.32276
1.31765
1.32276
1.3296
1.32562
1.33358
1.32426
1.33295
1.33863
1.34616
1.34366
1.33863
1.34242
1.35015
1.34764
1.35015
1.35706
1.35738
1.36211
1.35927
1.36213
1.36778
1.36778
1.36778
1.36778
1.36819
1.37345
1.37345
1.37623
1.38212
1.36441
1.37106
1.3638
1.37219
1.3891
1.42195
1.42999
1.43157
1.44133
1.44175
1.44418
1.44165
1.44394
1.45156
1.45302
1.45381
1.45718
1.45881
1.45971
1.45846
1.45846
1.46039
1.45572
1.45628
1.45702
1.45332
1.45035
1.45264
1.45264
1.44201
1.43648
1.43293
1.43208
1.43094
1.42172
1.41464
1.40765
1.40082
1.3949
1.3933
1.3917
1.3917
1.38165
1.38327
1.38153
1.37741
1.36985
1.36814
1.36141
1.36141
1.35066
1.3485
1.34659
1.33767
1.33994
1.33501
1.31767
1.32571
1.31874
1.3122
1.31536
1.30317
1.29506
1.29506
1.29821
1.28776
1.28464
1.28493
1.2777
1.27116
1.27023
1.2666
1.25885
1.25681
1.25737
1.24877
1.24022
1.23845
1.23694
1.23318
1.22559
1.22587
1.22013
1.21087
1.20754
1.20527
1.20368
1.20368
1.19997
1.19997
1.19212
1.19002
1.18711
1.18454
1.18284
1.17126
1.16747
1.16348
1.16566
1.16924
1.15238
1.15238
1.15516
1.15516
1.14529
1.15173
1.14759
1.14345
1.13705
1.14213
1.1354
1.12974
1.12606
1.12222
1.12037
1.12314
1.1185
1.11666
1.11238
1.1086
1.11178
1.10171
1.10171
1.10171
1.10171
1.1003
1.09207
1.09898
1.09682
1.08665
1.08231
1.08478
1.08503
1.08386
1.08552
1.08125
1.07868
1.08097
1.07838
1.07673
1.07514
1.07129
1.06898
1.06677
1.06637
1.06255
1.06255
1.05526
1.05536
1.05083
1.05083
1.04887
1.0429
1.03584
1.03388
1.03376
1.03179
1.02597
1.02204
1.02005
1.02265
1.01412
1.00616
1.00632
1.00654
1
0.996076
0.996076
0.989957
0.987154
0.987154
0.971313
0.979002
0.969333
0.970566
0.964409
0.962311
0.9543
0.951743
0.953532
0.953532
0.947635
0.946017
0.94038
0.938213
0.932945
0.933825
0.933825
0.931844
0.929635
0.92455
0.92455
0.925628
0.920621
0.921051
0.917915
0.913715
0.918091
0.915512
0.916258
0.91491
0.908546
0.912251
0.9117
0.912443
0.907766
0.907766
0.909253
0.908539
0.908539
0.906375
0.907951
0.909546
0.909313
0.910754
0.914866
0.916543
0.91409
0.918797
0.918797
0.922192
0.920344
0.923785
0.923785
0.928861
0.936429
0.934683
0.937406
0.944823
0.945699
0.945699
0.945699
0.952697
0.952697
0.955272
0.965412
0.971514
0.972953
0.979045
0.983392
0.988749
0.997838
0.997838
1.00219
1.00616
1.01402
1.01922
1.0254
1.02887
1.04101
1.03004
1.03324
1.05223
1.0762
1.10396
1.12229
1.15207
1.16952
1.18705
1.21058
1.22133
1.24268
1.24696
1.25365
1.27021
1.27931
1.28969
1.29841
1.30133
1.31004
1.30949
1.31296
1.31915
1.32541
1.33356
1.32949
1.33985
1.33695
1.33858
1.34675
1.34305
1.35793
1.36745
1.37246
1.38107
1.3914
1.39963
1.40824
1.41186
1.41782
1.41985
1.42585
1.43329
1.43317
1.43526
1.43665
1.43419
1.4322
1.43339
1.43478
1.43958
1.44439
1.44268
1.44566
1.44883
1.4565
1.46172
1.46477
1.46448
1.46477
1.47044
1.46859
1.47044
1.47726
1.48053
1.48153
1.48368
1.48259
1.48811
1.48456
1.48409
1.49065
1.48721
1.49205
1.50273
1.4993
1.49823
1.50033
1.49873
1.49529
1.50272
1.50572
1.50572
1.50858
1.5106
1.51365
1.52072
1.52166
1.52073
1.52506
1.52969
1.5312
1.53127
1.53071
1.53853
1.53038
1.54331
1.54099
1.53867
1.54442
1.54733
1.54878
1.55472
1.56228
1.56595
1.56611
1.56941
1.57695
1.5775
1.57524
1.57667
1.57969
1.57934
1.5876
1.58687
1.58649
1.59514
1.59514
1.59536
1.59571
1.59492
1.60458
1.60598
1.60737
1.60876
1.61088
1.61016
1.61094
1.61197
1.61758
1.61451
1.61715
1.61853
1.61701
1.62255
1.63002
1.62786
1.629
1.63036
1.63443
1.639
1.6396
1.64858
1.64858
1.65544
1.66179
1.66179
1.66179
1.66716
1.66674
1.66896
1.66527
1.66274
1.66389
1.66522
1.66397
1.66276
1.66882
1.67186
1.67759
1.67344
1.67406
1.67847
1.67497
1.68372
1.68504
1.69136
1.69429
1.70526
1.70918
1.71292
1.71682
1.70765
1.70946
1.71696
1.71941
1.72331
1.72613
1.72796
1.72419
1.7184
1.72489
1.72097
1.72489
1.73066
1.73518
1.74137
1.74418
1.74406
1.74533
1.74659
1.7475
1.75283
1.75035
1.76033
1.77153
1.77221
1.77615
1.77526
1.76781
1.76906
1.77156
1.77156
1.77156
1.78153
1.78105
1.79584
1.79088
1.79085
1.79088
1.79088
1.78609
1.79461
1.79706
1.79703
1.80828
1.80952
1.81323
1.81556
1.80808
1.81317
1.80562
1.81757
1.8188
1.82913
1.82246
1.82465
1.82045
1.8269
1.82437
1.83608
1.84367
1.84367
1.86187
1.83899
1.85301
1.85932
1.86666
1.87687
1.87138
1.87138
1.86837
1.87627
1.87742
1.88498
1.87385
1.87628
1.87944
1.88635
1.8875
1.87363
1.86882
1.87676
1.88224
1.90227
1.90505
1.91585
1.91763
1.91517
1.92479
1.93727
1.94343
1.952
1.9717
1.9735
1.98188
1.99267
2.00726
2.01476
2.0241
2.02774
2.03713
2.04565
2.04969
2.05621
2.05434
2.05965
2.06284
2.069
2.07005
2.06703
2.06925
2.06991
2.0754
2.08218
2.07944
2.08311
2.08855
2.08875
2.09047
2.0952
2.09823
2.09998
2.09965
2.10024
2.09968
2.09491
2.09491
2.09138
2.09003
2.09402
2.0895
2.09117
2.09262
2.09053
2.08541
2.08424
2.07721
2.07247
2.06961
2.06295
2.06576
2.06076
2.05949
2.05911
2.05679
2.05532
2.05816
2.05757
2.05164
2.05626
2.05716
2.05958
2.05248
2.0454
2.03708
2.0324
2.02327
2.01625
2.00915
2.00378
1.99872
1.99712
1.9927
1.9956
1.99681
1.98902
1.99261
1.99307
1.99295
1.99276
1.9907
1.98732
1.9818
1.97413
1.96965
1.9661
1.96339
1.94988
1.94581
1.94479
1.94257
1.9425
1.93886
1.92681
1.91944
1.91518
1.91571
1.91006
1.91217
1.90386
1.90063
1.894
1.88333
1.87679
1.86924
1.86772
1.85907
1.86274
1.86476
1.85796
1.85494
1.85207
1.86141
1.85687
1.86192
1.87091
1.87118
1.87089
1.88022
1.87912
1.87934
1.87934
1.89087
1.89612
1.89891
1.90381
1.90503
1.90683
1.90834
1.912
1.91793
1.92122
1.92464
1.92315
1.91742
1.91666
1.9109
1.90437
1.89485
1.89077
1.87876
1.87001
1.86543
1.85221
1.85487
1.85125
1.84671
1.8319
1.83292
1.83852
1.83221
1.83013
1.82711
1.82575
1.82018
1.82448
1.82058
1.82263
1.81513
1.80669
1.80351
1.80594
1.79959
1.80285
1.80815
1.81109
1.81154
1.81433
1.81999
1.82293
1.83028
1.83263
1.84259
1.84714
1.84581
1.84581
1.86328
1.86673
1.87101
1.87309
1.87015
1.8658
1.86558
1.85692
1.85752
1.84201
1.83442
1.82306
1.8194
1.8126
1.80926
1.80724
1.8061
1.8076
1.80828
1.80071
1.80864
1.79704
1.81049
1.80887
1.7958
1.80869
1.80707
1.80976
1.80521
1.80804
1.79357
1.79486
1.80287
1.80143
1.80412
1.7963
1.7866
1.78342
1.78874
1.78607
1.77563
1.78455
1.78617
1.80295
1.80575
1.81155
1.81904
1.82538
1.83616
1.83807
1.83456
1.83996
1.83706
1.83427
1.83398
1.83294
1.83339
1.82344
1.81951
1.81636
1.81185
1.81094
1.80328
1.7992
1.81616
1.83042
1.83425
1.83202
1.81028
1.80889
1.78621
1.77586
1.75249
1.75056
1.73674
1.73067
1.72481
1.7174
1.70784
1.70131
1.68776
1.68742
1.67231
1.66665
1.66067
1.64651
1.64094
1.64096
1.61669
1.61645
1.60317
1.58806
1.57409
1.56742
1.5446
1.53022
1.52009
1.50636
1.50619
1.50373
1.48611
1.4824
1.46679
1.45943
1.45728
1.44986
1.44948
1.45407
1.44573
1.44741
1.45549
1.45232
1.44424
1.44605
1.44185
1.43217
1.44492
1.44342
1.42407
1.41394
1.40277
1.39483
1.38347
1.37111
1.36585
1.36182
1.35271
1.35359
1.35264
1.363
1.38481
1.38794
1.38052
1.36956
1.37318
1.36922
1.35557
1.36046
1.37247
1.36872
1.37196
1.37196
1.36276
1.34741
1.34734
1.34726
1.33896
1.34161
1.34582
1.35077
1.34689
1.34712
1.3491
1.35609
1.35633
1.35878
1.35623
1.35544
1.36173
1.36344
1.36195
1.36201
1.35948
1.36212
1.35551
1.37022
1.36389
1.36506
1.36572
1.35712
1.35558
1.35426
1.36453
1.37033
1.36919
1.37115
1.37086
1.37637
1.37485
1.37195
1.38145
1.38145
1.38131
1.39606
1.40342
1.40438
1.40301
1.41198
1.4123
1.41689
1.42768
1.45629
1.46432
1.48897
1.50632
1.52776
1.54794
1.58041
1.59589
1.6349
1.68024
1.70093
1.72452
1.74429
1.76296
1.78448
1.80024
1.81549
1.83349
1.84234
1.85615
1.88921
1.89378
1.90581
1.9156
1.92823
1.94407
1.95351
1.96282
1.97143
1.97289
1.98019
1.98871
2.00088
2.00482
2.01206
2.01322
2.01959
2.01477
2.01412
2.00954
2.00401
2.00533
2.00555
2.00489
2.0058
2.00171
2.00273
2.00398
1.99634
1.99984
2.01109
2.00495
1.99973
2.00084
1.99979
1.99781
1.99592
1.99656
1.98916
1.98938
1.97967
1.98022
1.97511
1.97183
1.96471
1.963
1.95864
1.9587
1.95408
1.95444
1.95321
1.95433
1.94918
1.94316
1.94496
1.94358
1.93846
1.93777
1.93521
1.93334
1.92869
1.92539
1.92539
1.92033
1.91857
1.91718
1.9214
1.92529
1.93635
1.94274
1.94848
1.96265
1.96663
1.97244
1.97295
1.97462
1.97491
1.982
1.97955
1.98266
1.98417
1.97492
1.9781
1.97531
1.97356
1.98268
1.98586
1.9869
1.99022
1.99022
1.99254
1.99286
1.98929
1.98929
1.98929
1.98929
1.98929
1.98929
1.98929
1.98929
1.98929
1.98929
1.98929
1.98929
1.98929
1.98929
1.98929
1.98929
1.98929
1.98929
1.98929
1.98929
1.98929
1.98929
1.98929
1.98929
1.98929
1.98929
1.98929
1.98929
1.98929
1.98929
1.98929
1.98929
1.98929
1.98929
1.98929
1.98929
1.98929
1.98929
1.98929
1.98929
1.98929
1.98929
1.98929
1.98929
1.98929
1.98929
1.98929
1.98929
1.98929
1.98929
1.98929
1.98929
1.98929
1.98929
1.98929
1.98929
1.98929
1.98929
1.98929
1.98929
1.98929
1.98929
1.98929
1.98929
1.98929
1.98929
1.98929
1.98929
1.98929
1.98929
1.98929
1.98929
1.98929
1.98929
1.98929
1.98929
1.98929
1.98929
1.98929
1.98929
1.98929
1.98929
1.98929
1.98929
1.98929
1.98929
1.98929
1.98929
1.98929
1.98929
1.98929
1.98929
1.98929
1.98929
1.98929
1.98929
1.98929
1.98929
1.98929
1.98929
1.98929
1.98929
1.98929
1.98929
1.98929
1.98929
1.98929
1.98929
1.98929
1.98929
1.98929
1.98929
1.98929
1.98929
1.98929
1.98929
1.98929
1.98929
1.98929
1.98929
1.98929
1.98929
1.98929
1.98929
1.98929
1.98929
1.98929
1.98929
1.98929
1.98929
1.98929
1.98929
1.98929
1.98929
1.98929
1.98929
1.98929
1.98929
2.24418
2.24117
2.23805
2.23153
2.21938
2.18522
2.14038
2.11367
2.11367
2.11367
1.88028
1.78864
1.70538
1.70538
1.70538
1.70538
1.70538
1.70538
1.70538
1.70538
1.70538
1.70538
1.70538
1.70538
1.70538
1.70538
1.70538
1.70538
1.14797
1.14797
1.21691
1.25558
1.289
1.30789
1.32633
1.32307
1.31393
1.2877
1.25994
1.22917
1.19771
1.17574
1.14169
1.1082
1.0681
1.04269
1.01739
0.963241
0.975042
0.938535
0.904937
0.883176
0.865847
0.846609
0.838696
0.828287
0.814148
0.816739
0.819667
0.817936
0.822453
0.821902
0.828354
0.83225
0.834149
0.839719
0.842172
0.847474
0.838122
0.843559
0.838725
0.828017
0.828025
0.827408
0.819974
0.816181
0.811414
0.809767
0.812733
0.802638
0.802638
0.803005
0.796334
0.79641
0.797959
0.793505
0.792998
0.798437
0.794985
0.790682
0.780946
0.780419
0.786414
0.783812
0.777728
0.775116
0.775116
0.769633
0.763934
0.754585
0.755439
0.752878
0.751626
0.756616
0.750689
0.750689
0.750879
0.743463
0.745635
0.742428
0.748172
0.757535
0.757535
0.751645
0.756092
0.760498
0.760498
0.762872
0.766958
0.765558
0.763195
0.763195
0.760837
0.759537
0.748783
0.746463
0.746463
0.743339
0.739697
0.728195
0.722139
0.723059
0.711699
0.709325
0.714443
0.725068
0.745497
0.765516
0.790047
0.829602
0.842245
0.872152
0.8877
0.902367
0.914429
0.925397
0.934655
0.945022
0.955454
0.955454
0.964179
0.978648
0.974688
0.979717
0.974955
0.970724
0.972775
0.968997
0.970882
0.968361
0.96778
0.967432
0.969201
0.964022
0.967781
0.953963
0.954548
0.946602
0.93789
0.93532
0.932782
0.931112
0.921552
0.919354
0.910454
0.899102
0.888061
0.885159
0.885159
0.878647
0.871734
0.863606
0.859253
0.854748
0.84919
0.84025
0.829596
0.822479
0.817786
0.811896
0.807102
0.802484
0.790109
0.763429
0.773306
0.768477
0.762898
0.750533
0.747723
0.747723
0.705815
0.733846
0.705815
0.722643
0.71772
0.71772
0.71772
0.712828
0.678938
0.670412
0.699864
0.692871
0.690418
0.687973
0.675814
0.67333
0.674378
0.664791
0.664791
0.657825
0.619476
0.618784
0.643461
0.643178
0.636177
0.629854
0.630913
0.628002
0.628002
0.628002
0.617977
0.617402
0.617402
0.617059
0.614676
0.612308
0.612308
0.610055
0.605337
0.609539
0.60785
0.599449
0.602294
0.594496
0.592691
0.590368
0.586998
0.586445
0.587728
0.583872
0.580108
0.579533
0.57791
0.573817
0.575534
0.575534
0.576877
0.576877
0.579098
0.579098
0.579098
0.581338
0.576269
0.575454
0.574108
0.574108
0.574108
0.574108
0.571862
0.573412
0.572782
0.571284
0.569125
0.566987
0.566987
0.566987
0.568487
0.563743
0.563743
0.564272
0.564272
0.538113
0.541244
0.539429
0.541917
0.541917
0.541917
0.541917
0.563279
0.563279
0.564908
0.562878
0.562878
0.561249
0.56087
0.556106
0.556106
0.557015
0.558358
0.558358
0.556495
0.554354
0.561964
0.561494
0.561326
0.558032
0.561326
0.556343
0.556343
0.559595
0.557828
0.562576
0.562576
0.560724
0.559058
0.559058
0.557422
0.557422
0.55413
0.535404
0.555814
0.554236
0.552587
0.532719
0.561001
0.559286
0.559286
0.556082
0.55976
0.556297
0.556297
0.556572
0.553182
0.554428
0.554428
0.559381
0.554711
0.559381
0.557713
0.55644
0.55667
0.556686
0.580178
0.580178
0.558053
0.558053
0.558053
0.556787
0.556787
0.556787
0.561738
0.566243
0.562753
0.565046
0.565046
0.565684
0.569188
0.574268
0.574268
0.573512
0.577832
0.575084
0.578687
0.579598
0.558164
0.556887
0.557507
0.557507
0.576045
0.578722
0.578722
0.578722
0.583421
0.568865
0.603062
0.593376
0.556117
0.562413
0.532413
0.509335
0.500098
0.486783
0.483236
0.511056
0.520069
0.531145
0.543984
0.572804
0.590465
0.610142
0.625641
0.653437
0.653437
0.701912
0.70709
0.725808
0.738189
0.745093
0.758726
0.7677
0.772624
0.772272
0.784258
0.782359
0.779053
0.778308
0.784071
0.787539
0.779155
0.781718
0.783069
0.784873
0.780142
0.783622
0.772191
0.770749
0.756454
0.752694
0.714803
0.716936
0.737694
0.730761
0.728031
0.701894
0.72195
0.718331
0.715626
0.712935
0.671011
0.670645
0.696037
0.678992
0.673393
0.644213
0.663091
0.658959
0.655773
0.652926
0.643556
0.643556
0.602108
0.599819
0.626783
0.625109
0.617279
0.61293
0.612845
0.600638
0.594891
0.584771
0.580453
0.57947
0.576548
0.57073
0.564492
0.564183
0.528011
0.555449
0.554231
0.537214
0.537987
0.537863
0.537863
0.535804
0.530691
0.528666
0.518649
0.514552
0.512872
0.512872
0.509002
0.509002
0.509002
0.505198
0.501975
0.495925
0.490589
0.488723
0.48663
0.485097
0.483338
0.481615
0.481615
0.481615
0.481615
0.474306
0.473238
0.471084
0.467658
0.43727
0.431828
0.426491
0.426324
0.426324
0.453057
0.451638
0.448095
0.448993
0.448993
0.441884
0.43933
0.441545
0.438144
0.437008
0.437008
0.432046
0.435324
0.432046
0.433303
0.432374
0.432374
0.432374
0.433764
0.429236
0.42992
0.431503
0.431503
0.433157
0.432582
0.429753
0.432064
0.429285
0.435852
0.433192
0.433192
0.435042
0.435042
0.435042
0.437242
0.432531
0.437149
0.437149
0.437149
0.439616
0.439764
0.434146
0.430417
0.430417
0.430417
0.430417
0.435982
0.436438
0.439387
0.439387
0.447418
0.448672
0.451829
0.451829
0.448425
0.449203
0.451657
0.454595
0.452131
0.452131
0.452131
0.456634
0.467513
0.468586
0.468586
0.466116
0.468388
0.468388
0.472073
0.472073
0.474614
0.480471
0.479296
0.480538
0.48263
0.492448
0.492448
0.492448
0.492448
0.50188
0.50188
0.50188
0.507991
0.507991
0.518042
0.515363
0.521503
0.52514
0.52514
0.52514
0.533417
0.534149
0.535716
0.539739
0.550845
0.553268
0.553268
0.55001
0.554861
0.557972
0.557972
0.567938
0.568448
0.57156
0.573191
0.576278
0.584051
0.58716
0.594982
0.59571
0.599583
0.605019
0.605019
0.607418
0.604236
0.616569
0.616569
0.61889
0.628957
0.630628
0.625113
0.625141
0.620218
0.622299
0.622491
0.626619
0.62604
0.635055
0.65561
0.663634
0.678074
0.684774
0.680128
0.671595
0.652661
0.640104
0.631382
0.622008
0.609424
0.610506
0.607029
0.622247
0.628139
0.643844
0.653544
0.668137
0.679189
0.699141
0.712006
0.723487
0.730472
0.746644
0.748528
0.726438
0.75961
0.765683
0.758586
0.765907
0.761195
0.736159
0.764134
0.759676
0.760832
0.765487
0.732773
0.760993
0.756355
0.759282
0.753972
0.721954
0.720219
0.746412
0.742777
0.736035
0.709695
0.73615
0.729528
0.72068
0.722833
0.684461
0.707348
0.704819
0.70101
0.693776
0.65435
0.683257
0.671755
0.665559
0.665559
0.665559
0.616653
0.644163
0.639496
0.628256
0.627635
0.620882
0.609581
0.606863
0.598305
0.589822
0.594439
0.588899
0.590748
0.581975
0.579686
0.547246
0.573687
0.565487
0.563233
0.556455
0.547373
0.550064
0.544223
0.541926
0.53347
0.528383
0.521621
0.521451
0.521312
0.513267
0.511547
0.502842
0.500796
0.500648
0.500534
0.498402
0.500457
0.497309
0.493171
0.483394
0.45139
0.45139
0.449573
0.446057
0.475712
0.470537
0.472282
0.468282
0.464763
0.459578
0.454643
0.4577
0.4577
0.454468
0.452652
0.447008
0.447008
0.451278
0.451734
0.447958
0.448518
0.449137
0.449137
0.449137
0.450608
0.447018
0.446467
0.442949
0.442949
0.442891
0.439401
0.441351
0.441351
0.438005
0.434361
0.43548
0.431035
0.429771
0.428834
0.428834
0.428834
0.427137
0.427137
0.429402
0.430244
0.432525
