0.130833
0.130833
0.125794
0.132878
0.136467
0.143159
0.126834
0.136477
0.155548
0.165293
0.188898
0.220741
0.251513
0.273879
0.281127
0.289414
0.29306
0.287173
0.309088
0.296476
0.295009
0.30864
0.311859
0.31873
0.329106
0.338685
0.348347
0.351856
0.372106
0.342471
0.354617
0.364085
0.36422
0.354471
0.367535
0.348597
0.359078
0.375234
0.369115
0.36715
0.374563
0.3723
0.380434
0.366231
0.375335
0.370174
0.356326
0.365927
0.368862
0.370543
0.363729
0.372735
0.383282
0.366949
0.367957
0.364437
0.360803
0.358889
0.365106
0.372442
0.365761
0.356278
0.36866
0.376281
0.366008
0.356912
0.363143
0.359543
0.350721
0.357571
0.357571
0.356969
0.347806
0.3576
0.350725
0.348057
0.348057
0.354921
0.354921
0.354921
0.350163
0.350163
0.350163
0.345132
0.33468
0.342451
0.344162
0.333675
0.333675
0.341425
0.333675
0.333675
0.324395
0.324395
0.330736
0.330736
0.313102
0.322156
0.323885
0.32266
0.32266
0.32266
0.328218
0.321158
0.321158
0.321158
0.321158
0.321158
0.321158
0.323115
0.323115
0.31606
0.307089
0.31499
0.314207
0.314207
0.307089
0.307089
0.307089
0.316226
0.308554
0.308554
0.300607
0.300607
0.289748
0.291531
0.284265
0.284265
0.293587
0.293587
0.293587
0.293587
0.295574
0.295574
0.296379
0.290052
0.290052
0.283517
0.283517
0.283517
0.283517
0.283517
0.283517
0.283517
0.292845
0.292845
0.292845
0.277689
0.267361
0.278623
0.282222
0.284211
0.284211
0.284211
0.282222
0.289581
0.275639
0.269375
0.269375
0.269375
0.279112
0.271758
0.271758
0.272416
0.272416
0.272416
0.272416
0.266824
0.266824
0.266001
0.275739
0.269832
0.27111
0.27111
0.261611
0.261611
0.253319
0.257706
0.257706
0.267228
0.25041
0.25062
0.25062
0.261764
0.261764
0.248708
0.258291
0.258291
0.258291
0.250774
0.250774
0.260669
0.261339
0.261339
0.253857
0.255644
0.255644
0.24727
0.240411
0.240411
0.240411
0.25034
0.25034
0.25034
0.25034
0.241946
0.246345
0.254742
0.246345
0.238717
0.238717
0.238717
0.247873
0.233324
0.233324
0.233324
0.235128
0.235128
0.244887
0.244887
0.244887
0.244887
0.231389
0.231389
0.231745
0.224076
0.233847
0.241476
0.233847
0.226817
0.226817
0.226817
0.226817
0.238231
0.228679
0.230219
0.230219
0.223174
0.234631
0.234631
0.234631
0.234631
0.226887
0.226887
0.218276
0.218276
0.211804
0.221396
0.221396
0.221396
0.221396
0.231228
0.231228
0.221396
0.214574
0.214574
0.207479
0.21745
0.219394
0.219394
0.211591
0.211952
0.211952
0.209818
0.209818
0.197778
0.197778
0.197778
0.206001
0.214713
0.206001
0.217582
0.217582
0.217582
0.217582
0.217582
0.210436
0.220689
0.220689
0.210978
0.222552
0.21469
0.21469
0.21469
0.21469
0.205969
0.205969
0.206705
0.206705
0.200978
0.209744
0.200978
0.200978
0.209099
0.209099
0.209099
0.216961
0.208256
0.200358
0.193373
0.193373
0.193373
0.193373
0.193373
0.193373
0.193373
0.193373
0.193373
0.193373
0.197071
0.192236
0.192236
0.195261
0.192236
0.192236
0.192477
0.185542
0.186695
0.186695
0.186695
0.186695
0.186695
0.186695
0.186695
0.186695
0.186695
0.195541
0.195541
0.195541
0.195541
0.195541
0.195541
0.202235
0.196124
0.196124
0.19795
0.19795
0.19795
0.19795
0.19795
0.189095
0.189095
0.189095
0.189095
0.189095
0.189095
0.189095
0.18573
0.18573
0.18573
0.18573
0.18573
0.18573
0.18573
0.18573
0.18573
0.18573
0.18573
0.18573
0.18573
0.18573
0.18573
0.18573
0.18573
0.190393
0.181509
0.181509
0.181509
0.181509
0.178002
0.178002
0.178002
0.178002
0.186927
0.186927
0.186927
0.178002
0.178002
0.178002
0.178002
0.178002
0.17496
0.17496
0.176807
0.176807
0.176807
0.176807
0.176807
0.179902
0.179902
0.176807
0.179902
0.182522
0.182522
0.179076
0.170014
0.170014
0.170014
0.170014
0.170014
0.170014
0.170014
0.171158
0.171158
0.171158
0.169036
0.169036
0.169036
0.169036
0.169036
0.169036
0.169036
0.169036
0.169036
0.169036
0.169036
0.169036
0.169036
0.169036
0.169036
0.171158
0.171158
0.171158
0.171158
0.171158
0.168102
0.168102
0.168102
0.168102
0.168102
0.168102
0.169875
0.169875
0.173574
0.173574
0.173574
0.173574
0.173574
0.170152
0.169543
0.169543
0.169543
0.169543
0.16647
0.16647
0.16647
0.169875
0.169875
0.169875
0.168102
0.168102
0.156077
0.156077
0.156077
0.157884
0.157884
0.157884
0.157884
0.157884
0.156077
0.16337
0.16337
0.16337
0.16337
0.16337
0.151286
0.156831
0.156831
0.156831
0.156831
0.156831
0.153136
0.151286
0.152701
0.152701
0.164351
0.164351
0.164351
0.164792
0.152701
0.154571
0.152701
0.156823
0.15998
0.156463
0.156463
0.158385
0.158385
0.158385
0.158385
0.158385
