-0.0817182
-0.0754771
-0.112261
-0.194097
-0.127866
0.0327425
0.119468
-0.0579829
-0.0579829
-0.0579829
-0.0370826
-0.120119
-0.135254
-0.124333
-0.120446
-0.120641
-0.107807
-0.0946463
-0.0348766
0.0766897
0.116908
0.144907
0.155646
0.162781
0.157644
0.160091
0.160091
0.160091
0.160091
0.160091
-0.0793431
-0.117097
-0.117097
-0.169004
-0.185056
-0.182381
-0.188465
-0.184634
-0.171364
-0.143501
-0.143501
-0.0798366
0.0946626
0.120562
0.117196
0.173073
0.203476
0.203476
0.219839
0.219839
0.231157
0.231157
0.231157
0.231157
0.231157
0.157417
0.0733496
0.0308673
-0.142906
-0.142906
-0.142906
-0.142906
-0.242169
-0.242827
-0.230688
-0.22419
-0.208597
-0.208597
-0.208597
-0.107184
-0.107184
-0.107184
-0.107184
-0.107184
-0.107184
0.221411
0.221411
0.258654
0.268841
0.268841
0.268841
0.268841
0.192365
0.192365
0.192365
0.192365
0.192365
0.192365
0.192365
-0.202608
-0.216647
-0.216647
-0.216647
-0.216647
-0.216647
-0.237724
-0.225404
-0.19441
-0.181956
-0.142182
-0.0935245
-0.0935245
0.103094
0.136418
0.173977
0.167672
0.167672
0.167672
0.167672
0.144276
0.131691
0.100658
0.100658
-0.0565163
-0.11121
-0.127121
-0.132303
-0.147785
-0.147785
-0.142823
-0.11405
-0.0587051
-0.0472402
0.0265535
0.0265535
0.114441
0.121466
0.121466
0.121466
0.135794
0.108262
0.108262
0.108262
0.108262
-0.104425
-0.104425
-0.134475
-0.134475
-0.134475
-0.17196
-0.133771
-0.133771
-0.0712615
-0.0712615
-0.0712615
-0.0712615
0.156959
0.156959
0.156959
0.156959
0.177478
0.168591
0.144012
0.144012
0.144012
0.0299324
-0.0712797
-0.106202
-0.14995
-0.14995
-0.163199
-0.14878
-0.15738
-0.15738
-0.15738
0.0826381
0.0826381
0.170558
0.170558
0.179476
0.179476
0.149768
0.120924
0.120924
-0.0837738
-0.0837738
-0.154255
-0.154255
-0.182634
-0.182634
-0.182634
-0.182634
-0.0545623
0.0872183
0.0872183
0.157667
0.157667
0.179771
0.184128
0.184128
0.157478
0.157478
0.0683245
0.0683245
0.0683245
0.0683245
-0.177558
-0.177558
-0.177558
-0.177558
-0.177558
-0.19787
-0.19787
-0.19787
-0.19787
-0.19787
0.091673
0.15142
0.186627
0.186627
0.186627
0.186627
0.19012
0.19012
0.19012
0.122852
0.122852
0.122852
-0.118262
-0.118262
-0.118262
-0.187773
-0.202829
-0.202819
-0.202819
-0.202819
-0.202819
-0.202819
-0.202819
-0.141952
-0.141952
0.0732061
0.120257
0.163627
0.163627
0.163627
0.238276
0.238276
0.238276
0.238276
0.24954
0.233192
0.233192
0.233192
0.233192
0.233192
0.233192
0.233192
0.233192
0.233192
0.233192
-0.284157
-0.314823
-0.314823
-0.314823
-0.314823
-0.314823
-0.314823
-0.314823
-0.314823
-0.314823
-0.314823
-0.314823
-0.208492
-0.208492
-0.208492
-0.208492
-0.208492
-0.208492
-0.208492
-0.208492
-0.208492
-0.208492
-0.208492
-0.208492
-0.208492
-0.208492
0.391908
0.391908
0.391908
0.391908
0.391908
0.416901
0.416901
0.395343
0.395343
0.395343
0.395343
0.395343
0.395343
0.395343
0.395343
0.395343
-0.0646867
-0.0646867
-0.0646867
-0.0646867
-0.0646867
-0.339826
-0.339826
-0.367555
-0.367555
-0.37926
-0.373507
-0.364104
-0.364104
-0.364104
-0.364104
-0.364104
-0.364104
-0.364104
-0.364104
-0.364104
-0.364104
-0.364104
0.323391
0.323391
0.323391
0.323391
0.323391
0.323391
0.323391
0.457349
0.457349
0.434676
0.434676
0.40275
0.40275
0.40275
0.308633
0.308633
0.308633
0.308633
0.308633
0.308633
0.308633
0.308633
0.308633
0.308633
0.308633
0.308633
0.308633
0.308633
0.308633
0.308633
0.308633
0.308633
0.308633
0.308633
0.308633
0.308633
0.308633
0.308633
0.308633
0.308633
0.308633
0.308633
0.308633
0.308633
0.308633
0.308633
0.308633
0.308633
0.308633
0.308633
0.308633
0.308633
0.308633
0.308633
0.308633
0.308633
0.308633
0.308633
0.308633
0.308633
0.308633
0.308633
0.308633
0.308633
0.308633
0.308633
0.308633
0.308633
0.308633
0.308633
0.308633
0.308633
0.308633
0.308633
0.308633
0.308633
0.308633
0.308633
0.308633
0.308633
0.308633
0.308633
0.308633
0.308633
0.308633
0.308633
0.308633
0.308633
0.308633
0.308633
0.308633
0.308633
0.308633
0.308633
0.308633
0.308633
0.308633
0.308633
0.308633
0.308633
0.308633
0.308633
0.308633
0.308633
0.308633
0.308633
0.308633
-1.32982
-1.32982
-1.32982
-1.32982
-1.32982
-1.32982
-1.32982
-1.32982
-1.32982
-1.32982
-1.32982
-1.32982
-1.32982
-1.32982
-1.32982
-1.32982
-1.32982
-1.32982
-1.32982
-1.32982
-1.32982
-1.32982
-1.32982
-1.32982
-1.32982
-1.32982
-1.32982
-1.32982
-1.32982
-1.32982
-1.32982
0.634845
0.634845
0.634845
0.816612
0.816612
0.816612
0.816612
0.816612
0.816612
0.816612
0.816612
0.816612
0.816612
0.816612
0.816612
0.607708
0.607708
0.607708
0.607708
0.215549
0.215549
0.215549
0.215549
0.215549
-0.481519
-0.481519
-0.552275
-0.587095
-0.587095
-0.587095
-0.588988
-0.566414
-0.566414
-0.566414
-0.487708
-0.441168
-0.441168
-0.324605
-0.260558
-0.260558
-0.260558
-0.260558
-0.260558
0.347393
0.410985
0.443895
0.443895
0.443895
0.480175
0.483008
0.483008
0.483008
0.456123
0.435069
0.435069
0.435069
0.400016
0.400016
0.400016
0.400016
0.325767
0.300025
0.300025
0.187955
0.0801541
0.0801541
0.0801541
0.0801541
0.0801541
0.0801541
0.0801541
0.0801541
-0.529331
-0.529331
-0.529331
-0.529331
-0.618038
-0.618038
-0.618038
-0.622022
-0.617615
-0.617615
-0.565641
-0.565641
-0.565641
-0.442444
-0.372508
-0.372508
-0.247997
-0.247997
-0.247997
-0.247997
-0.247997
-0.247997
-0.247997
-0.247997
-0.247997
0.611496
0.611496
0.668613
0.668613
0.668613
0.668613
0.668613
0.645374
0.620597
0.620597
0.620597
0.620597
0.620597
0.450212
0.450212
0.450212
0.288217
0.219115
0.219115
0.219115
0.219115
0.219115
0.219115
0.219115
-0.429304
-0.429304
-0.429304
-0.429304
-0.429304
-0.429304
-0.429304
-0.429304
-0.429304
-0.429304
-0.429304
-0.518631
-0.518631
-0.518631
-0.41902
-0.41902
-0.264588
-0.264588
0.176566
0.176566
0.369218
0.406798
0.406798
0.406798
0.42942
0.42942
0.389648
0.326993
0.272536
0.272536
-0.0509781
-0.0509781
-0.0509781
-0.0509781
-0.0509781
-0.383497
-0.383497
-0.435391
-0.442786
-0.442786
-0.415958
-0.40242
-0.40242
-0.40242
-0.40242
-0.40242
-0.40242
-0.40242
-0.40242
-0.40242
0.430004
0.430004
0.430004
0.430004
0.430004
0.430004
0.552127
0.552127
0.529148
0.521174
0.502054
0.502054
0.462729
0.462729
0.462729
0.408802
0.408802
0.361317
0.361317
0.361317
0.361317
0.263137
0.263137
0.111716
0.111716
0.111716
0.111716
0.111716
0.111716
0.111716
-0.455443
-0.503596
-0.503596
-0.578833
-0.578833
-0.578833
-0.578833
-0.578833
-0.578833
-0.578833
-0.578833
-0.597986
-0.575538
-0.554164
-0.554164
-0.554164
-0.554164
-0.554164
-0.554164
-0.554164
-0.554164
-0.554164
-0.554164
-0.554164
0.430495
0.430495
0.430495
0.430495
0.430495
0.65628
0.65628
0.65628
0.65628
0.65628
0.65628
0.65628
0.65628
0.65628
0.65628
0.65628
0.559302
0.559302
0.559302
0.559302
0.303945
0.303945
0.303945
0.303945
-0.43217
-0.505651
-0.549191
-0.549191
-0.607915
-0.607915
-0.607915
-0.607915
-0.597338
-0.597338
-0.539264
-0.539264
-0.460303
-0.460303
-0.460303
-0.28
-0.28
-0.28
-0.28
-0.28
-0.28
-0.28
0.459479
0.459479
0.531668
0.531668
0.579912
0.57978
0.57978
0.576754
0.576754
0.520937
0.520937
0.520937
0.520937
0.520937
0.520937
0.520937
-0.0381008
-0.0381008
-0.0381008
-0.0381008
-0.0381008
-0.0381008
-0.0381008
-0.46096
-0.46096
-0.46096
-0.46096
-0.46096
-0.46096
-0.46096
-0.46096
-0.46096
-0.46096
-0.419532
-0.404586
-0.404586
-0.404586
-0.404586
-0.404586
-0.151495
-0.151495
0.222503
0.222503
0.327124
0.327124
0.327124
0.327124
0.327124
0.327124
0.327124
0.327124
0.327124
0.323654
0.323654
0.323654
0.323654
0.323654
0.323654
0.323654
0.323654
0.323654
-0.396304
-0.396304
-0.467926
-0.467926
-0.484002
-0.484002
-0.484002
-0.430655
-0.430655
-0.341964
-0.341964
-0.341964
-0.341964
-0.15866
-0.0832698
-0.0832698
0.20969
0.20969
0.20969
0.20969
0.284295
0.289706
0.289706
0.289706
0.313489
0.33765
0.339706
0.339706
0.368489
0.375873
0.375873
0.375873
0.375873
0.375873
0.330063
0.30193
0.245154
0.245154
-0.16645
-0.16645
-0.16645
-0.16645
-0.16645
-0.16645
-0.16645
-0.16645
-0.16645
-0.56849
-0.578335
-0.58927
-0.593129
-0.593129
-0.593129
-0.593129
-0.593129
-0.593129
-0.593129
-0.593129
-0.593129
-0.593129
-0.593129
0.377325
0.377325
0.504076
0.504076
0.606814
0.629092
0.629092
0.649689
0.649689
0.642406
0.629494
0.629494
0.577754
0.553412
0.507865
0.507865
0.354317
0.354317
0.354317
0.354317
0.354317
0.354317
-0.450221
-0.450221
-0.571786
-0.604322
-0.604322
-0.604322
-0.653255
-0.655654
-0.647541
-0.633978
-0.614623
-0.614623
-0.533198
-0.533198
-0.420075
-0.420075
-0.420075
-0.420075
-0.420075
-0.420075
-0.420075
-0.420075
0.607785
0.663116
0.663116
0.663116
0.663116
0.663116
0.663116
0.663116
0.663116
0.663116
0.663116
0.663116
0.613718
0.613718
0.613718
0.613718
0.613718
0.613718
0.613718
-0.405853
-0.405853
-0.405853
-0.605648
-0.605648
-0.605648
-0.605648
-0.605648
-0.605648
-0.605648
-0.605648
-0.573883
-0.573883
-0.501867
-0.501867
-0.501867
-0.289581
-0.10975
-0.10975
-0.10975
0.36985
0.36985
0.36985
0.36985
0.36985
0.490192
0.494069
0.486995
0.484025
0.484025
0.484025
0.443602
0.443602
0.407496
0.407496
0.341942
0.341942
0.341942
0.147622
-0.155411
-0.155411
-0.155411
-0.382464
-0.382464
-0.382464
-0.451672
-0.456409
-0.456409
-0.452517
-0.452517
-0.452517
-0.452517
-0.363848
-0.363848
-0.304041
-0.259526
-0.259526
-0.259526
-0.259526
-0.259526
-0.259526
-0.259526
-0.259526
-0.259526
-0.259526
-0.259526
0.482424
0.482424
0.482424
0.512617
0.517032
0.51624
0.504765
0.504765
0.504765
0.463548
0.463548
0.463548
0.409791
0.409791
0.409791
0.409791
0.409791
0.409791
0.409791
0.409791
-0.31009
-0.31009
-0.31009
-0.31009
-0.31009
