1.47803
1.47803
1.47802
1.47802
1.47796
1.4778
1.47765
1.47748
1.47722
1.47703
1.47684
1.4766
1.47641
1.4761
1.47585
1.47566
1.47549
1.47531
1.47518
1.47514
1.47514
1.47526
1.47543
1.47576
1.47576
1.47652
1.4772
1.4778
1.47897
1.47897
1.48063
1.48257
1.484
1.48554
1.48676
1.48801
1.48975
1.4911
1.49248
1.49436
1.49579
1.49579
1.4982
1.50065
1.50214
1.50414
1.50414
1.50721
1.50931
1.50931
1.512
1.51364
1.51587
1.51756
1.51927
1.52216
1.52392
1.52628
1.52807
1.52807
1.5311
1.53355
1.5354
1.53788
1.54037
1.54224
1.54472
1.54472
1.54782
1.54968
1.55215
1.55399
1.55399
1.55828
1.56011
1.56194
1.56439
1.56622
1.56805
1.5705
1.57233
1.57416
1.57661
1.57845
1.58029
1.58275
1.58459
1.58768
1.58768
1.59078
1.59264
1.59511
1.59696
1.59881
1.60127
1.60311
1.60494
1.60738
1.60981
1.60981
1.61344
1.61525
1.61704
1.61944
1.62182
1.62361
1.62361
1.62777
1.63191
1.63191
1.63487
1.63723
1.63899
1.64075
1.64308
1.64482
1.64655
1.64885
1.65058
1.6523
1.65459
1.65631
1.65916
1.66087
1.66257
1.66483
1.66653
1.66822
1.67048
1.67217
1.67386
1.67611
1.67779
1.67947
1.6817
1.68338
1.68505
1.68729
1.68729
1.69008
1.69288
1.694
1.69569
1.69849
1.70074
1.70243
1.70355
1.7058
1.7058
1.7086
1.71084
1.71252
1.7142
1.71644
1.71812
1.7198
1.72259
1.7265
1.7265
1.72929
1.73152
1.73373
1.73373
1.73648
1.73867
1.73867
1.74248
1.7441
1.74572
1.74734
1.74949
1.75111
1.7538
1.7538
1.7565
1.75812
1.76027
1.76242
1.76242
1.76565
1.76726
1.76888
1.77104
1.77266
1.77536
1.77698
1.77859
1.78183
1.78345
1.78506
1.78774
1.7904
1.79252
1.7941
1.7941
1.79776
1.79931
1.80085
1.8029
1.80391
1.80594
1.80796
1.80998
1.81199
1.813
1.81501
1.81501
1.81852
1.82002
1.82202
1.82351
1.82351
1.826
1.828
1.8295
1.83099
1.83299
1.83449
1.83599
1.83798
1.83948
1.84098
1.84299
1.8445
1.8445
1.84852
1.85003
1.85205
1.85305
1.85507
1.85708
1.85808
1.8601
1.86211
1.86362
1.86513
1.86714
1.86865
1.86865
1.87117
1.87318
1.87719
1.87719
1.87969
1.88118
1.88316
1.88464
1.88707
1.88853
1.8895
1.89144
1.89337
1.89481
1.89673
1.89817
1.89961
1.90151
1.90294
1.90294
1.90531
1.90721
1.911
1.91242
1.91337
1.91669
1.9181
1.9195
1.92136
1.92321
1.92321
1.92642
1.92869
1.9305
1.93185
1.9332
1.93499
1.93676
1.93852
1.93852
1.94071
1.94201
1.94374
1.94504
1.94634
1.94808
1.94938
1.95068
1.95241
1.9537
1.95499
1.95672
1.95801
1.95973
1.96103
1.96276
1.96449
1.96536
1.96709
1.96883
1.97013
1.97013
1.97231
1.97406
1.9758
1.97843
1.98019
1.98019
1.98282
1.98457
1.98631
1.98761
1.98891
1.98891
1.99149
1.9932
1.9932
1.99576
1.99704
1.99832
2.00002
2.00129
2.00341
2.00468
2.00679
2.00847
2.01015
2.01181
2.01306
2.01306
2.01513
2.01678
2.01842
2.02006
2.02128
2.0225
2.0225
2.02494
2.02615
2.02736
2.02937
2.03058
2.03219
2.03299
2.0346
2.0362
2.03741
2.03861
2.04022
2.04143
2.04384
2.04384
2.04745
2.04865
2.04983
2.05101
2.05218
2.05334
2.05411
2.05681
2.05796
2.0591
2.06063
2.06177
2.0629
2.0644
2.06553
2.06665
2.06814
2.06926
2.07112
2.07223
2.07409
2.07557
2.07669
2.07853
2.08072
2.08072
2.0829
2.08398
2.08505
2.08647
2.08789
2.08789
2.09
2.09104
2.09244
2.09382
2.09382
2.09554
2.09692
2.09829
2.10069
2.10138
2.10309
2.10411
2.10513
2.1085
2.1085
2.11082
2.11278
2.11375
2.11471
2.11566
2.11691
2.11785
2.11939
2.12031
2.12122
2.12244
2.12396
2.12547
2.12698
2.12818
2.12937
2.13025
2.13025
2.13201
2.13289
2.13376
2.13492
2.13607
2.13723
2.13723
2.13868
2.14013
2.14159
2.14276
2.14276
2.14451
2.14451
2.14655
2.14743
2.1483
2.14947
2.15034
2.1518
2.1518
2.15327
2.15415
2.15533
2.15622
2.15711
2.15829
2.15948
2.16068
2.16127
2.16248
2.16248
2.16428
2.16549
2.16549
2.16731
2.16822
2.16913
2.17034
2.17124
2.17215
2.17337
2.17458
2.1758
2.1758
2.17732
2.17854
2.17975
2.18067
2.18067
2.18248
2.18339
2.1843
2.18552
2.18643
2.18734
2.18854
2.19035
2.19154
2.19273
2.19391
2.1945
2.19567
2.19683
2.19741
2.19827
2.19941
2.20055
2.2014
2.20309
2.20393
2.20477
2.20588
2.20753
2.20862
2.20943
2.2105
2.21129
2.21208
2.21338
2.21338
2.21467
2.21595
2.21595
2.21722
2.21798
2.21924
2.22
2.22075
2.22175
2.22226
2.22351
2.22401
2.22501
2.226
2.226
2.22725
2.22799
2.22898
2.22972
2.23046
2.23145
2.23243
2.23342
2.23416
2.23465
2.23587
2.23685
2.23757
2.2383
2.23903
2.23975
2.23975
2.2412
2.24216
2.24216
2.24359
2.24431
2.24502
2.24597
2.24669
2.2474
2.24834
2.24929
2.2507
2.25141
2.25304
2.25374
2.25488
2.25556
2.25623
2.25711
2.25777
2.2582
2.25928
2.26056
2.26056
2.26203
2.26307
2.26389
2.2645
2.2651
2.26589
2.26648
2.26745
2.26783
2.2686
2.26973
2.27028
2.27084
2.27157
2.27229
2.27337
2.27389
2.27442
2.27511
2.27563
2.27614
2.27683
2.2775
2.27818
2.27868
2.27901
2.27984
2.27984
2.28067
2.28117
2.28183
2.28232
2.28282
2.28348
2.28414
2.28479
2.28529
2.28578
2.28676
2.28741
2.28838
2.28886
2.28965
2.29011
2.29058
2.2912
2.2912
2.29196
2.29242
2.29302
2.29347
2.29407
2.29452
2.29496
2.29556
2.29614
2.29658
2.29717
2.29717
2.29789
2.29832
2.2989
2.29933
2.30004
2.30046
2.30089
2.30089
2.30173
2.30215
2.30284
2.30325
2.30325
2.30393
2.30448
2.30502
2.30556
2.30556
2.30623
2.30662
2.30715
2.30755
2.30794
2.30846
2.30884
2.30922
2.30973
2.31023
2.31072
2.31109
2.31146
2.31146
2.31229
2.31311
2.31345
2.31368
2.31413
2.31457
2.31489
2.31532
2.31563
2.31594
2.31634
2.31664
2.31693
2.31693
2.3175
2.31778
2.31824
2.3185
2.3185
2.31894
2.31928
2.31953
2.31977
2.32009
2.3204
2.32063
2.32094
2.32094
2.3213
2.32159
2.3218
2.32214
2.32234
2.32267
2.32292
2.32309
2.32327
2.32354
2.32354
2.32379
2.32397
2.32415
2.32426
2.32441
2.32451
2.32463
2.32463
2.32476
2.32487
2.32492
2.32497
2.32497
2.32504
2.32507
2.32509
2.3251
2.3251
2.32508
2.32507
2.32503
2.32499
2.32492
2.32487
2.32478
2.3247
2.32462
2.32449
2.32439
2.32432
2.32413
2.32405
2.32388
2.32374
2.32345
2.32325
2.32314
2.32276
2.32276
2.32243
2.32213
2.3219
2.32171
2.32171
2.32135
2.32116
2.32097
2.32071
2.32031
2.31998
2.31964
2.3191
2.31882
2.31862
2.31828
2.318
2.3178
2.3176
2.31733
2.31713
2.31679
2.31679
2.31646
2.31626
2.31599
2.31579
2.31559
2.31532
2.31512
2.31491
2.31464
2.31436
2.31408
2.31408
2.31373
2.31352
2.31323
2.31323
2.31279
2.3125
2.31227
2.31205
2.31174
2.31151
2.31112
2.31089
2.31065
2.31034
2.31011
2.30995
2.3094
2.30916
2.30893
2.30854
2.30816
2.30785
2.30763
2.3074
2.3071
2.30681
2.30652
2.30652
2.30615
2.30594
2.30565
2.30537
2.30515
2.30487
2.30473
2.30438
2.30438
2.30403
2.30368
2.30354
2.30333
2.30298
2.30298
2.30263
2.30242
2.30214
2.30193
2.30172
2.30144
2.30123
2.30103
2.30075
2.30054
2.30019
2.29999
2.29978
2.29958
2.2993
2.29917
2.29883
2.29862
2.29842
2.29815
2.29795
2.29795
2.29761
2.29733
2.29713
2.29679
2.29659
2.29625
2.29598
2.29578
2.29558
2.29531
2.29505
2.29466
2.29446
2.29427
2.29375
2.29356
2.29331
2.29313
2.29276
2.29258
2.2924
2.2921
2.29169
2.29169
2.2914
2.29123
2.291
2.29083
2.2906
2.29038
2.29021
2.28999
2.28982
2.28965
2.28965
2.28931
2.28914
2.28885
2.28868
2.28828
2.28828
2.28799
2.28782
2.28758
2.28735
2.28735
2.287
2.28683
2.28666
2.28643
2.2862
2.28597
2.2858
2.28568
2.28545
2.28523
2.28505
2.28505
2.28471
2.28454
2.28426
2.28426
2.28398
2.28381
2.28358
2.28341
2.28324
2.28301
2.28272
2.28255
2.28238
2.28238
2.2821
2.28188
2.28165
2.28143
2.28131
2.28109
2.28087
2.2807
2.28053
2.28031
2.28014
2.27998
2.27965
2.27948
2.27921
2.27904
2.27888
2.27872
2.27855
2.27834
2.27812
2.27812
2.27786
2.27759
2.27743
2.27728
2.27712
2.27696
2.2768
2.2766
2.27639
2.27613
2.27572
2.27572
2.27542
2.27527
2.27512
2.27472
2.27472
2.27444
2.2743
2.27416
2.27397
2.27384
2.2737
2.27353
2.2734
2.27326
2.27309
2.27296
2.27283
2.27265
2.27252
2.27239
2.27221
2.27208
2.27195
2.27177
2.27164
2.27151
2.27133
2.27119
2.27105
2.27087
2.27073
2.2705
2.27036
2.27013
2.26994
2.2698
2.26967
2.26934
2.26912
2.26884
2.26884
2.26853
2.26831
2.26814
2.26801
2.2678
2.26767
2.26747
2.26714
2.26714
2.26685
2.26665
2.26649
2.26637
2.26617
2.26605
2.26605
2.26585
2.26569
2.26557
2.26545
2.26529
2.26513
2.26488
2.26475
2.26462
2.26445
2.26432
2.26419
2.26402
2.26388
2.26371
2.26357
