1e+10
1e+10
1e+10
624.36
639.669
625.634
594.755
585.348
595.893
613.554
617.288
609.886
596.866
595.893
604.708
610.836
609.524
602.345
598.859
600.013
605.017
606.83
603.245
599.729
600.942
603.594
605.396
604.2
601.832
600.763
600.482
602.846
602.846
601.546
601.546
601.66
601.269
601.269
597.736
595.705
595.705
600.281
600.993
598.906
596.289
597.454
599.851
598.393
598.153
597.22
595.747
597.044
595.747
597.044
597.044
595.466
594.296
594.296
595.466
595.766
595.187
594.014
593.425
592.85
594.014
595.488
596.134
593.781
591.409
593.957
597.057
594.783
590.857
592.388
593.205
594.39
594.39
591.152
592.027
593.509
594.39
591.152
590.575
590.872
592.652
594.32
593.122
590.4
589.401
592.89
592.42
587.893
589.766
590.952
591.26
590.07
588.309
588.309
589.683
589.683
587.433
588.493
589.683
587.613
587.078
587.078
585.729
587.513
589.252
587.822
583.932
583.698
584.752
586.244
587.822
587.549
586.244
585.054
585.361
587.17
587.211
583.639
583.122
585.855
585.269
580.836
581.893
584.003
585.209
582.805
581.339
581.339
581.339
580.154
579.324
580.572
582.376
580.947
578.273
577.274
579.756
583.083
580.565
576.994
576.716
580.294
580.294
580.651
581.139
578.394
575.136
575.969
579.228
580.445
578.334
576.652
574.738
576.898
577.836
575.543
573.763
574.916
577.102
575.89
572.3
573.488
577.142
576.964
575.518
571.795
572.723
573.934
574.257
573.042
573.042
573.666
572.774
572.453
573.529
573.208
572.083
570.962
570.498
571.717
572.943
571.452
570.821
569.338
570.136
570.331
571.095
569.773
568.382
568.282
569.509
569.246
569.246
567.753
567.026
565.536
566.301
566.074
566.634
565.175
564.582
564.582
564.492
564.96
565.464
565.379
562.973
561.741
560.193
561.057
561.388
562.628
559.892
558.439
557.979
557.941
558.945
560.103
557.953
555.14
554.811
557.01
556.976
554.281
553.649
554.52
554.4
554.034
552.34
552.34
552.079
550.755
548.497
549.171
549.467
548.908
548.008
548.983
548.983
548.529
547.169
545.476
544.576
544.314
543.889
544.104
542.603
540.814
539.326
540.883
539.432
535.217
532.856
535.267
534.894
536.121
535.859
535.778
533.054
530.243
531.462
531.074
529.847
528.752
529.258
530.832
532.05
530.49
529.13
527.064
527.028
525.901
525.81
525.552
526.703
524.623
523.716
523.375
523.375
521.415
519.041
518.692
518.692
518.366
516.771
516.016
516.296
516.168
513.342
509.235
509.918
511.175
511.528
508.558
504.438
504.326
506.583
505.92
500.898
499.619
500.453
501.5
501.22
496.869
493.021
492.893
493.533
493.624
492.102
488.987
488.767
488.427
486.939
485.858
485.154
482.268
480.354
477.54
477.243
476.941
475.313
471.638
468.216
467.769
467.791
467.326
464.366
461.361
458.189
457.937
455.735
454.177
452.574
452.032
448.937
447.69
445.515
444.199
442.205
440.169
438.714
434.22
432.447
429.415
428.46
425.867
419.943
416.984
417.421
418.38
415.464
408.049
402.055
400.561
398.229
395.668
391.608
387.509
383.048
379.486
377.612
373.963
369.245
362.242
357.512
356.463
356.069
349.407
341.056
336.437
335.818
331.748
324.056
316.599
310.886
307.708
302.003
297.054
291.064
285.923
279.845
273.392
268.503
262.964
255.423
245.994
236.867
231.784
224.156
216.675
209.859
203.089
196.616
191.779
182.631
174.534
164.642
157.655
152.683
144.295
135.167
125.738
119.612
112.463
105.934
97.7292
89.2749
79.9625
70.7672
64.2806
58.4294
52.6213
47.4868
41.9881
34.8425
30.7409
26.3818
23.622
19.7231
17.6068
13.9642
12.7279
11.6189
11.5326
10.1489
9.94987
9.94987
10.0995
10.9545
10.9545
11.6189
11.6189
11.6189
11.1355
11.1355
11.1355
10.4403
9.94987
9.53939
9.53939
8.66025
8.30662
8.12404
8.48528
9
8.66025
8.66025
8.48528
9.32738
9.32738
9.21954
10.2956
9.38083
9.38083
9.48683
10.247
9.64365
10.6771
10.6771
9.64365
10.9545
9.94987
10.9545
10.9545
11.7473
11.7473
10.9545
10.9545
10.9545
10.5357
10.8167
10.8167
10.8167
10.8167
10.8167
8.7178
8.7178
8.7178
8.7178
8.30662
7.74597
7.74597
7.74597
7.74597
7.74597
7.74597
6.7082
6.7082
6.7082
6.55744
6.48074
7
7.34847
7.48331
7.48331
8
8
9.38083
9.38083
8
8
7.93725
9.05539
8.94427
9
9
9
9
9
8.06226
8.06226
7.61577
7
7
7.81025
7.81025
7.81025
7.81025
7.34847
6.48074
6.55744
6.7082
5.74456
5.74456
5.2915
5.65685
5.65685
5.65685
6.48074
7.34847
7.81025
7.81025
7.81025
7.93725
7.93725
7.93725
7.81025
8
8
8.06226
8.06226
8.06226
8.06226
9
9
10.0995
10.0995
9
9
8.83176
8.94427
7.81025
7.81025
7.48331
8
8
9.38083
8.18535
8
7.48331
7.34847
7.81025
8
7.61577
8.06226
8.18535
9.38083
8.7178
8.88819
8.88819
8.88819
9.94987
10.9545
10.9545
10.9545
9.64365
9.64365
9.94987
10.0995
9
8.88819
8.88819
8.83176
9.79796
8.66025
8.77496
8.83176
10.0995
9
9
9
9.48683
9.16515
10.2956
9.21954
9.21954
9.21954
8.83176
7.34847
6.32456
6.7082
6.40312
6.7082
6.7082
6.40312
6.7082
6.40312
6.32456
6.9282
7.81025
8.7178
9.21954
9.21954
9.21954
8.7178
8.12404
8.18535
8.18535
8
7.48331
7.81025
8
7.61577
8.06226
8.18535
8.7178
10.3923
10.0995
10.0995
10.0995
9
9
8.18535
8.06226
7.61577
7
6.48074
6.63325
6.63325
6.63325
7.34847
6.245
5.38516
5.56776
5.09902
5.65685
4.79583
4.79583
4.79583
5.65685
5.65685
5.09902
5.09902
5.56776
5.38516
6.63325
6.63325
6.48074
6.55744
6.55744
6.16441
7
7
7.81025
7.93725
7.48331
8
