-0
-6.44158e-05
-0.000243868
-0.000555926
-0.000946383
-0.00158794
-0.00216777
-0.00294184
-0.00382557
-0.00483496
-0.00595975
-0.00720457
-0.0085578
-0.0100228
-0.011589
-0.0132719
-0.0150619
-0.0169572
-0.019066
-0.0211784
-0.0238407
-0.0263422
-0.0272861
-0.0306904
-0.0332871
-0.0388921
-0.0418877
-0.0407472
-0.0458823
-0.0492581
-0.0555909
-0.0560289
-0.0597166
-0.066892
-0.0669794
-0.0711741
-0.0712888
-0.0796553
-0.0832461
-0.0880364
-0.0829163
-0.0934726
-0.0979169
-0.10084
-0.112924
-0.112041
-0.117295
-0.122829
-0.127377
-0.141076
-0.134094
-0.132772
-0.151542
-0.157504
-0.163993
-0.162112
-0.160271
-0.165842
-0.17469
-0.180168
-0.184831
-0.2007
-0.188766
-0.199911
-0.201004
-0.206413
-0.204085
-0.210223
-0.225945
-0.226185
-0.233013
-0.229564
-0.235781
-0.235975
-0.252761
-0.24831
-0.255714
-0.264466
-0.270782
-0.26205
-0.272558
-0.280556
-0.284759
-0.294957
-0.279108
-0.295981
-0.290392
-0.297208
-0.296421
-0.300227
-0.294017
-0.311621
-0.303714
-0.315828
-0.322934
-0.312576
-0.321852
-0.325721
-0.318893
-0.333545
-0.342462
-0.324664
-0.317325
-0.347347
-0.336211
-0.344947
-0.331644
-0.341517
-0.339192
-0.353575
-0.346266
-0.331825
-0.346635
-0.338634
-0.340135
-0.348939
-0.343162
-0.357894
-0.3539
-0.346633
-0.353409
-0.34306
-0.35094
-0.354406
-0.34858
-0.356208
-0.360477
-0.357093
-0.344929
-0.372465
-0.355151
-0.348533
-0.366816
-0.360381
-0.356447
-0.349247
-0.361201
-0.365921
-0.359267
-0.352643
-0.360235
-0.362519
-0.366388
-0.361384
-0.361935
-0.365072
-0.368863
-0.36139
-0.378671
-0.361814
-0.364652
-0.368722
-0.374756
-0.362817
-0.36192
-0.367388
-0.361528
-0.367055
-0.371704
-0.365294
-0.368091
-0.370353
-0.366246
-0.364643
-0.363811
-0.371569
-0.377768
-0.372156
-0.365618
-0.371821
-0.370674
-0.368043
-0.37429
-0.378501
-0.371084
-0.372896
-0.360251
-0.363054
-0.36491
-0.381457
-0.367087
-0.368488
-0.366063
-0.363594
-0.375456
-0.378694
-0.374721
-0.370248
-0.373263
-0.37031
-0.372254
-0.35577
-0.371082
-0.373739
-0.376302
-0.373863
-0.358809
-0.37244
-0.366666
-0.370021
-0.362842
-0.34948
-0.365855
-0.359907
-0.366266
-0.364731
-0.369415
-0.362961
-0.356729
-0.372017
-0.356593
-0.35368
-0.365091
-0.362265
-0.372898
-0.352713
-0.363748
-0.355629
-0.360303
-0.359071
-0.349109
-0.341453
-0.355814
-0.361626
-0.356335
-0.352956
-0.362021
-0.348143
-0.360485
-0.354039
-0.35609
-0.352275
-0.356601
-0.347093
-0.343407
-0.34696
-0.351424
-0.344128
-0.34649
-0.341882
-0.335387
-0.341285
-0.332884
-0.33794
-0.34068
-0.327583
-0.338141
-0.341261
-0.341912
-0.336592
-0.331799
-0.324156
-0.334722
-0.322361
-0.324696
-0.325925
-0.329932
-0.325389
-0.316655
-0.330123
-0.330728
-0.32639
-0.311155
-0.310928
-0.314972
-0.317108
-0.306864
-0.309286
-0.304157
-0.303769
-0.309096
-0.294756
-0.292232
-0.304602
-0.296418
-0.291154
-0.294896
-0.29372
-0.29343
-0.296095
-0.291122
-0.28244
-0.283918
-0.272995
-0.275547
-0.27111
-0.269771
-0.283713
-0.265493
-0.275314
-0.268412
-0.268088
-0.253588
-0.261735
-0.260653
-0.255295
-0.246092
-0.258202
-0.248016
-0.247901
-0.23984
-0.239884
-0.241117
-0.231753
-0.240243
-0.24333
-0.233103
-0.231693
-0.22533
-0.223673
-0.226681
-0.233274
-0.223568
-0.217382
-0.217463
-0.214256
-0.207201
-0.197271
-0.208246
-0.205473
-0.207672
-0.195906
-0.195765
-0.205196
-0.193694
-0.194112
-0.193685
-0.185674
-0.185509
-0.184912
-0.170915
-0.172373
-0.179733
-0.1704
-0.167813
-0.169558
-0.168512
-0.166728
-0.155215
-0.154201
-0.15237
-0.154469
-0.152108
-0.151851
-0.153196
-0.142065
-0.140162
-0.140962
-0.149958
-0.138263
-0.136326
-0.124316
-0.141298
-0.126339
-0.124345
-0.133404
-0.130963
-0.128978
-0.119267
-0.116812
-0.113237
-0.114769
-0.112303
-0.110243
-0.0989635
-0.110588
-0.0983841
-0.10601
-0.096265
-0.10328
-0.092567
-0.0898415
-0.101475
-0.0876906
-0.0851837
-0.0968181
-0.0854615
-0.0930779
-0.0832769
-0.0807511
-0.0825697
-0.0795253
-0.0911708
-0.0787966
-0.0787966
-0.076252
-0.080398
-0.0818581
-0.0818581
-0.069384
-0.0708617
-0.0666187
-0.0742433
-0.0757032
-0.0617844
-0.0527531
-0.0726234
-0.0601405
-0.0585696
-0.0559938
-0.0659897
-0.0634081
-0.0547298
-0.0663824
-0.0505469
-0.0504244
-0.0504244
-0.0461961
-0.0578429
-0.0538124
-0.0465512
-0.0446864
-0.0305362
-0.0505318
-0.0505318
-0.0479264
-0.0479264
-0.0394477
-0.044759
-0.0347591
-0.034636
-0.0305932
-0.0305932
-0.0408115
-0.0422217
-0.0422217
-0.0362995
-0.0273978
-0.02727
-0.0374841
-0.0334394
-0.0348596
-0.0348596
-0.0229029
-0.0287313
-0.0287313
-0.0387493
-0.0387493
-0.0300938
-0.0274627
-0.0274627
-0.0154859
-0.0253656
-0.021191
-0.0313982
-0.0313982
-0.0213364
-0.0213364
-0.0213364
-0.0153863
-0.0167766
-0.00650078
-0.00650078
-0.0266261
-0.0280226
-0.0280226
-0.0280226
-0.0239921
-0.0119677
-0.0119677
-0.0104237
-0.01183
-0.0219947
-0.0219947
-0.0179849
-0.0278921
-0.0278921
-0.0259517
-0.0157117
-0.017121
-0.017121
-0.017121
-0.00100588
-0.00100588
-0.00100588
-0.012348
-0.000862312
-0.000862312
-0.000862312
-0.0110788
-0.0210074
5.14154e-05
0.000205735
0.000461364
0.000818234
0.00127357
0.00182458
0.00247119
0.00321901
0.00405983
0.00499277
0.00600706
0.00712443
0.00836752
0.00955661
0.0109435
0.0123987
0.0139353
0.0154843
0.0172237
0.0188926
0.0207463
0.0226286
0.024695
0.0267447
0.0286924
0.030836
0.0326378
0.0348974
0.03687
0.0392074
0.042008
0.0440401
0.0467602
0.0488858
0.0513852
0.053633
0.0560635
0.0580403
0.0599986
0.0623841
0.0654698
0.0679101
0.0704471
0.0722788
0.0745886
0.0772007
0.0794072
0.0808986
0.0832813
0.0854608
0.0884573
0.0896341
0.0931244
0.0955485
0.0966101
0.0986623
0.0998562
0.101444
0.103624
0.104537
0.106149
0.108006
0.110046
0.110356
0.111924
0.113175
0.114789
0.11584
0.116932
0.117832
0.118766
0.117949
0.119617
0.119528
0.119902
0.121008
0.121298
0.120532
0.122373
0.121412
0.121342
0.120571
0.121584
0.119921
0.120743
0.120836
0.118415
0.119167
0.117329
0.118015
0.116661
0.115625
0.114281
0.114765
0.114897
0.111363
0.111185
0.109687
0.107288
0.107641
0.104253
0.103895
0.102842
0.101491
0.0985328
0.0999745
0.0976907
0.0963101
0.0935198
0.0938073
0.0911415
0.0915436
0.0889959
0.0885386
0.0871144
0.0859592
0.0851462
0.0830069
0.0845501
0.0825505
0.0804186
0.0806275
0.0778686
0.0754237
0.0756898
0.074263
0.0719735
0.0724617
0.0698209
0.0701395
0.0689063
0.0675241
0.0670551
0.066682
0.0650785
0.0642421
0.0620458
0.061445
0.0598302
0.060555
0.0582812
0.0574272
0.0568236
0.0556841
0.0553776
0.0538281
0.0535333
0.0520692
0.051682
0.0515072
0.0500158
0.0497107
0.0475655
0.0469964
0.0446582
0.0452915
0.0443808
0.043631
0.0432359
0.0422166
0.041221
0.0406369
0.0394623
0.0390178
0.0371769
0.0361529
0.0357942
0.0346162
0.0344489
0.0333311
0.0328442
0.0316807
0.0308883
0.0304395
0.0290789
0.0281344
0.0275493
0.0270704
0.026283
0.0255635
0.0253947
0.0239625
0.0244575
0.0226076
0.0222386
0.0201364
0.0187927
0.0190625
0.0185393
0.0170857
0.0159937
0.0163755
0.0149555
0.0148391
0.0140832
0.013382
0.0126202
0.0110192
0.0109552
0.0102288
0.00902867
0.00808891
0.00775306
0.00713528
0.00693493
0.00623487
0.00584334
0.00500785
0.00393561
0.0039466
0.0030898
0.00215016
0.00231848
0.00210768
0.00157476
0.000429836
-0.000150354
-0.000549129
-0.00035525
-0.00230243
-0.00176142
-0.00300978
-0.00362831
-0.00421343
-0.00441935
-0.0050347
-0.00624919
-0.0064945
-0.00751675
-0.00724597
-0.00697469
-0.00739254
-0.00878025
-0.00998366
-0.00920129
-0.00980988
-0.0100773
-0.0101659
-0.0106073
-0.0125266
-0.0123945
-0.0135115
-0.0133493
-0.0141114
-0.0146093
-0.0158705
-0.0143654
-0.0156868
-0.0153308
-0.0149758
-0.0168447
-0.0162009
-0.0172553
-0.0168838
-0.0172196
-0.017695
-0.0178994
-0.0183333
-0.0193856
-0.0180779
-0.0193731
-0.0191651
-0.0192634
-0.0197446
-0.0208582
-0.0208244
-0.021206
-0.0220233
-0.0220997
-0.0225084
-0.0227325
-0.0233052
-0.0233619
-0.0238262
-0.0240161
-0.0244108
-0.0247298
-0.0246379
-0.0247957
-0.0245624
-0.0255712
-0.0261493
-0.026616
-0.0263156
-0.0257336
-0.0274531
-0.0263588
-0.0271211
-0.0267741
-0.028275
-0.0289702
-0.0285029
-0.0289778
-0.0291908
-0.0284294
-0.0298179
-0.0284733
-0.0289127
-0.0287987
-0.0296548
-0.0321894
-0.0314964
-0.0297406
-0.0313324
-0.0328203
-0.0304991
-0.0314432
-0.0315858
-0.0325246
-0.0328181
-0.0333458
-0.0332072
-0.031272
-0.0325496
-0.0343771
-0.0337827
-0.0312391
-0.0343146
-0.0320377
-0.0336637
-0.0320119
-0.0344333
-0.0329724
-0.0347945
-0.033265
-0.0330565
-0.0339641
-0.0342288
-0.0351804
-0.0345093
-0.0344963
-0.0339855
-0.0361635
-0.0358678
-0.0364742
-0.0345116
-0.0340833
-0.0361717
-0.0352081
-0.0352275
-0.0354915
-0.0358969
-0.0369871
-0.0363727
-0.035669
-0.035187
-0.0352534
-0.0353124
-0.0359113
-0.0367358
-0.0373036
-0.0370648
-0.0373051
-0.0357638
-0.0376407
-0.0360581
-0.0380113
-0.0355527
-0.0372534
-0.036097
-0.0373645
-0.0383751
-0.0359063
-0.0375952
-0.0375342
-0.0357014
-0.0371705
-0.0370569
-0.0360888
-0.0370176
-0.0373258
-0.0357194
-0.0372719
-0.0364591
-0.0370147
-0.035514
-0.0376814
-0.0372505
-0.037043
-0.0368937
-0.0354476
-0.0358419
-0.0351564
-0.0365733
-0.0367352
-0.0361476
-0.0376401
-0.0357781
-0.0354715
-0.0359257
-0.0358207
-0.0359094
-0.0358781
-0.0340304
-0.0355362
-0.0360258
-0.0341212
-0.0351777
-0.0333974
-0.0341822
-0.0329389
-0.0341098
-0.0334761
-0.033496
-0.0339451
-0.0345462
-0.0337649
-0.0322739
-0.0328756
-0.0332291
-0.0327669
-0.0317636
-0.0317544
-0.0313071
-0.0316672
-0.0310114
-0.0297757
-0.0309343
-0.0307646
-0.0296083
-0.0301589
-0.0295256
-0.0305056
-0.0296274
-0.0291256
-0.0296209
-0.029351
-0.0292838
-0.0293221
-0.0294987
-0.0278131
-0.028715
-0.0276905
-0.0276378
-0.027268
-0.027662
-0.0262351
-0.0263733
-0.0269005
-0.0260127
-0.0262669
-0.0267382
-0.0258872
-0.0254503
-0.0242245
-0.0246249
-0.0256745
-0.0238369
-0.0238804
-0.0241306
-0.0230253
-0.02415
-0.022777
-0.0230495
-0.0227273
-0.0237643
-0.0221142
-0.0223172
-0.0222673
-0.0213524
-0.0210886
-0.0222199
-0.0220548
-0.0199301
-0.0196726
-0.0198716
-0.0200063
-0.0196976
-0.0194404
-0.01804
-0.0191805
-0.0202276
-0.0188294
-0.0180686
-0.0196521
-0.0187388
-0.0191047
-0.0180769
-0.0170328
-0.0174893
-0.015781
-0.0160256
-0.0167033
-0.0160848
-0.0154849
-0.0162965
-0.0165496
-0.015802
-0.0158157
-0.0153458
-0.0143037
-0.0143047
-0.0152586
-0.0153653
-0.014025
-0.0141437
-0.0130885
-0.0139669
-0.0133651
-0.0135524
-0.0136081
-0.0665834
-0.0661157
-0.0658198
-0.0646434
-0.0647109
-0.0639927
-0.0655802
-0.0650845
-0.0637534
-0.0604378
-0.0573741
-0.0573067
-0.0561393
-0.0549442
-0.0544318
-0.0537203
-0.0520948
-0.0526307
-0.0510516
-0.0503925
-0.049637
-0.0479065
-0.0471728
-0.0466808
-0.0463844
-0.0451614
-0.0453866
-0.0435831
-0.0434746
-0.0397252
-0.0401105
-0.0388581
-0.0371145
-0.0368542
-0.0365157
-0.0353111
-0.0350594
-0.0354648
-0.0351608
-0.0329022
-0.0323426
-0.032151
-0.0311661
-0.0297544
-0.0306973
-0.028681
-0.0288412
-0.029298
-0.0268259
-0.0256479
-0.0245205
-0.0243538
-0.0241065
-0.023305
-0.0219234
-0.0235644
-0.023009
-0.0223567
-0.0219928
-0.0226284
-0.0212408
-0.0189188
-0.0182755
-0.019822
-0.0208982
-0.0210786
-0.0200912
-0.0194325
-0.0189735
-0.0157451
-0.0169171
-0.0159334
-0.016105
-0.0155715
-0.0145788
-0.0140514
-0.0136516
-0.0136121
-0.0131858
-0.012932
-0.012352
-0.0120177
-0.0115388
-0.0112952
-0.0108454
-0.0100733
-0.0118192
-0.0122845
-0.0124914
-0.0125291
-0.0125911
-0.0114015
-0.0110004
-0.0108317
-0.0109213
-0.0108665
-0.0104703
-0.0101928
-0.00966763
-0.00900405
-0.00851864
-0.00750533
-0.00820562
-0.00829202
-0.00863894
-0.00826395
-0.00795553
-0.00778088
-0.00694281
-0.0066935
-0.00644179
-0.00832738
-0.00821358
-0.00750043
-0.00716244
-0.00686935
-0.00643644
-0.00574255
-0.00582741
-0.00567995
-0.0052437
-0.00442913
-0.00491921
-0.00519574
-0.00524318
-0.00521383
-0.00493465
-0.0047354
-0.00579409
-0.00618547
-0.00634842
-0.00583705
-0.00570882
-0.00531937
-0.00459266
-0.00423798
-0.00422702
-0.00398455
-0.0036772
-0.00379837
-0.00355347
-0.00321504
-0.00290744
-0.00259003
-0.00226034
-0.00445817
-0.00471202
-0.00436967
-0.00414619
-0.00408127
-0.00332208
-0.00303357
-0.00263474
-0.0023506
-0.00222788
-0.00222738
-0.00216759
-0.00175468
-0.00178335
-0.00125136
-0.0018881
-0.0018999
-0.00200035
-0.00434655
-0.00511765
-0.00449895
-0.00399816
-0.00402462
-0.0036052
-0.00343592
-0.00324094
-0.00303458
-0.00292278
-0.00242155
-0.0021802
-0.00204803
-0.00200654
-0.00186878
-0.0017673
-0.00148481
-0.00141035
-0.000940655
-0.00283452
-0.00340979
-0.00324631
-0.00316573
-0.00283141
-0.00238543
-0.00206826
-0.00200454
-0.00177347
-0.00172406
-0.00192438
-0.00177271
-0.00149419
-0.00128827
-0.0010487
-0.000977211
