0.01
0.01
0.01
0.01
0.01
0.01
0.01
0.01
0.01
0.01
0.01
0.01
0.01
0.01
0.01
0.01
0.01
0.01
0.01
0.01
0.01
0.01
0.01
0.01
0.01
0.01
0.01
0.01
0.01
0.01
0.01
0.01
0.01
0.01
0.01
0.01
0.01
0.01
0.01
0.01
0.01
0.01
0.01
0.01
0.01
0.01
0.01
0.01
0.01
0.01
0.01
0.01
0.01
0.01
0.01
0.01
0.01
0.01
0.01
0.01
0.01
0.01
0.01
0.01
0.01
0.01
0.01
0.01
0.01
0.01
0.01
0.01
0.01
0.01
0.01
0.01
0.01
0.01
0.01
0.01
0.01
0.01
0.01
0.01
0.01
0.01
0.01
0.01
0.01
0.01
0.01
0.01
0.01
0.01
0.01
0.01
0.01
0.01
0.01
0.01
0.01
0.01
0.01
0.01
0.01
0.01
0.01
0.01
0.01
0.01
0.01
0.01
0.01
0.01
0.01
0.01
0.01
0.01
0.01
0.01
0.01
0.01
0.01
0.01
0.01
0.01
0.01
0.01
0.01
0.01
0.01
0.01
0.01
0.01
0.01
0.01
0.01
0.01
0.01
0.01
0.01
0.01
0.01
0.01
0.01
0.01
0.01
0.01
0.01
0.01
0.01
0.01
0.01
0.01
0.01
0.01
0.01
0.01
0.01
0.01
0.01
0.01
0.01
0.01
0.01
0.01
0.01
0.01
0.01
0.01
0.01
0.01
0.01
0.01
0.01
0.01
0.01
0.01
0.01
0.01
0.01
0.01
0.01
0.01
0.01
0.01
0.01
0.01
0.00999999
0.00999999
0.00999999
0.00999999
0.00999999
0.00999999
0.00999999
0.00999999
0.00999999
0.00999999
0.00999999
0.00999999
0.00999999
0.00999999
0.00999999
0.00999999
0.00999999
0.00999999
0.00999999
0.00999999
0.00999999
0.00999999
0.00999999
0.00999998
0.00999999
0.00999999
0.00999999
0.00999999
0.00999998
0.00999998
0.00999998
0.00999998
0.00999998
0.00999998
0.00999998
0.00999998
0.00999998
0.00999998
0.00999998
0.00999998
0.00999997
0.00999997
0.00999997
0.00999997
0.00999997
0.00999996
0.00999996
0.00999997
0.00999996
0.01
0.01
0.00999995
0.00999996
0.00999995
0.00999995
0.00999994
0.00999994
0.00999995
0.00999995
0.00999995
0.01
0.00999994
0.00999993
0.00999993
0.00999993
0.01
0.00999991
0.00999992
0.01
0.00999991
0.0099999
0.00999992
0.01
0.01
0.00999988
0.00999989
0.01
0.00999989
0.00999986
0.00999987
0.00999985
0.00999986
0.00999986
0.01
0.00999986
0.00999982
0.01
0.00999981
0.00999981
0.01
0.00999978
0.00999979
0.00999975
0.00999976
0.00999976
0.01
0.0099997
0.00999971
0.00999969
0.0099997
0.0099997
0.01
0.00999966
0.00999964
0.00999966
0.01
0.0099996
0.00999958
0.00999959
0.00999952
0.00999956
0.00999953
0.00999953
0.0099995
0.00999946
0.00999948
0.0099994
0.00999942
0.00999999
0.00999936
0.00999931
0.00999934
0.00999928
0.00999924
0.00999919
0.00999914
0.00999909
0.00999912
0.00999906
0.00999915
0.00999904
0.00999891
0.00999902
0.00999998
0.00999895
0.0099988
0.00999894
0.00999868
0.00999881
0.0099987
0.00999853
0.00999854
0.00999857
0.00999858
0.00999841
0.00999834
0.00999828
0.00999818
0.00999821
0.00999815
0.00999793
0.00999796
0.00999783
0.00999799
0.00999775
0.00999763
0.00999785
0.00999757
0.00999723
0.00999748
0.00999717
0.00999698
0.00999703
0.00999701
0.00999686
0.00999664
0.00999645
0.00999654
0.00999645
0.00999625
0.00999606
0.00999584
0.00999619
0.00999574
0.00999567
0.00999574
0.00999551
0.00999555
0.00999513
0.00999521
0.00999495
0.00999469
0.00999447
0.00999395
0.00999443
0.00999404
0.00999408
0.00999347
0.00999323
0.00999327
0.00999267
0.00999182
0.00999215
0.00999155
0.0099922
0.00999224
0.00999194
0.00999051
0.00999067
0.00999034
0.00999095
0.00999061
0.00998966
0.00998917
0.00998866
0.00998902
0.00998842
0.00998669
0.00998682
0.00998787
0.00998744
0.00998656
0.00998616
0.00998545
0.00998557
0.00998495
0.00998344
0.00998272
0.00998298
0.00998167
0.00998226
0.00998226
0.00998055
0.00998103
0.00997928
0.00997963
0.00997827
0.0099778
0.00997795
0.00997698
0.00997756
0.00997688
0.00997497
0.00997488
0.00997259
0.00997043
0.00997224
0.00997286
0.00997024
0.00996953
0.00996718
0.00996736
0.00996614
0.00996515
0.00996437
0.00996341
0.00996584
0.009963
0.00996217
0.00996063
0.00995887
0.00995768
0.00995614
0.0099552
0.00995591
0.00995185
0.00995083
0.00994733
0.00994948
0.00994751
0.00994658
0.00994517
0.00994316
0.00994363
0.00994117
0.00994214
0.00994098
0.00993309
0.00993698
0.0099352
0.00993681
0.00993232
0.00992905
0.00993063
0.00992813
0.00992637
0.00992141
0.00992197
0.00992167
0.0099185
0.00991293
0.00991164
0.00990936
0.00990726
0.00990412
0.00989873
0.00989873
0.00989816
0.00989967
0.00989326
0.00989587
0.0098887
0.00988902
0.00988439
0.00988401
0.00987659
0.0098756
0.00988091
0.00986509
0.00986448
0.00986644
0.0098648
0.00985532
0.00985657
0.00984668
0.00985557
0.00983994
0.00985106
0.00983942
0.00983707
0.00983345
0.00982872
0.00982277
0.00981885
0.00982621
0.00980656
0.00981923
0.00980332
0.00979998
0.00980291
0.00979175
0.00979676
0.00979134
0.00979385
0.00977134
0.00977681
0.00977097
0.00976405
0.0097657
0.00976073
0.00976699
0.00974658
0.00975202
0.00974311
0.00973888
0.00973567
0.00971674
0.00969457
0.00971841
0.00971088
0.00969083
0.00968293
0.00968685
0.00969303
0.00965746
0.0096891
0.00966782
0.00966001
0.00963579
0.00964228
0.0096213
0.00964113
0.00961678
0.00961129
0.00958882
0.00959852
0.00958406
0.00960413
0.0095871
0.00955954
0.00957317
0.00957079
0.00953957
0.00957397
0.00953434
0.0095117
0.00954181
0.00952249
0.00948818
0.00951875
0.00948445
0.00947968
0.0094874
0.0094552
0.00948481
0.00947533
0.00946524
0.00942257
0.00941657
0.00942998
0.00942161
0.00939416
0.00940332
0.00936151
0.00938042
0.00936718
0.00936786
0.0093718
0.00933719
0.00932609
0.00933835
0.00929781
0.00926853
0.00931402
0.00927209
0.00924631
0.00928513
0.00926849
0.00922539
0.00923065
0.00917911
0.00919601
0.00920318
0.00920902
0.00916256
0.00910714
0.00913979
0.00910523
0.00915308
0.00913066
0.00914859
0.00909886
0.00911403
0.00906219
0.00904392
0.0090834
0.00907183
0.00901486
0.00902584
0.00898875
0.0089398
0.00894902
0.00895752
0.00897059
0.00890113
0.00888991
0.00894487
0.00888545
0.00880865
0.00883209
0.00885826
0.00882833
0.00880514
0.00880514
0.0087709
0.00875604
0.00873407
0.00877673
0.00877284
0.00873572
0.00865721
0.00863387
0.0086801
0.0086077
0.0087063
0.00862719
0.00863898
0.00853554
0.00860181
0.00855121
0.00993534
0.00993648
0.0099324
0.00992804
0.00992804
0.00992804
0.00992804
0.00992804
0.00992804
0.00992804
0.00992804
0.00992804
0.00992804
0.00992804
0.00992804
0.00992804
0.00992804
0.00992804
0.00992804
0.00992804
0.00992804
0.00992804
0.00992804
0.00992804
0.00992804
0.00992804
0.00992804
0.00992804
0.00992804
0.00992804
0.00992804
0.00992804
0.00992804
0.00992804
0.00992804
