-9.50191
-9.50187
-9.49845
-9.48458
-9.46717
-9.45445
-9.45455
-9.46
-9.46554
-9.46898
-9.47553
-9.48742
-9.50029
-9.51253
-9.52208
-9.53686
-9.55182
-9.56668
-9.57772
-9.58913
-9.59944
-9.60948
-9.62003
-9.63027
-9.6394
-9.64884
-9.65654
-9.67085
-9.67635
-9.68278
-9.68804
-9.69292
-9.69787
-9.70232
-9.70571
-9.70893
-9.71201
-9.71339
-9.71353
-9.71273
-9.71132
-9.70999
-9.7078
-9.70516
-9.70204
-9.69929
-9.69569
-9.69094
-9.68657
-9.68331
-9.68019
-9.67625
-9.67159
-9.66763
-9.66346
-9.65984
-9.65576
-9.65226
-9.6483
-9.64409
-9.63969
-9.63595
-9.63243
-9.62761
-9.6244
-9.62075
-9.61614
-9.61207
-9.6082
-9.60386
-9.6001
-9.59575
-9.59231
-9.58886
-9.58471
-9.58066
-9.57551
-9.57106
-9.5665
-9.56291
-9.55937
-9.556
-9.55293
-9.54919
-9.54506
-9.54081
-9.53716
-9.53363
-9.52592
-9.52158
-9.51753
-9.51369
-9.5095
-9.50589
-9.50214
-9.50214
-9.49772
-9.49368
-9.49017
-9.48671
-9.48068
-9.47709
-9.47709
-9.47228
-9.46846
-9.46464
-9.46064
-9.45709
-9.45344
-9.44881
-9.44507
-9.44159
-9.43798
-9.43397
-9.43018
-9.42654
-9.42254
-9.41972
-9.41542
-9.41138
-9.4085
-9.40515
-9.40195
-9.39859
-9.39431
-9.39036
-9.38739
-9.38347
-9.38118
-9.37718
-9.37386
-9.37041
-9.36631
-9.36332
-9.36016
-9.35678
-9.35345
-9.34986
-9.34637
-9.34321
-9.33897
-9.33523
-9.33182
-9.32877
-9.32538
-9.32282
-9.31602
-9.31329
-9.3102
-9.30652
-9.30321
-9.29978
-9.29575
-9.29254
-9.28964
-9.28618
-9.28209
-9.27816
-9.27447
-9.2709
-9.26756
-9.26412
-9.26033
-9.25686
-9.25361
-9.25006
-9.24631
-9.24631
-9.24204
-9.23871
-9.23552
-9.23186
-9.22559
-9.22217
-9.21853
-9.21575
-9.2119
-9.20856
-9.20405
-9.20405
-9.19982
-9.19605
-9.19189
-9.18813
-9.18458
-9.18047
-9.17724
-9.17437
-9.17083
-9.16665
-9.16283
-9.15863
-9.15429
-9.15022
-9.14726
-9.1446
-9.14162
-9.1353
-9.13193
-9.1285
-9.12587
-9.1225
-9.11888
-9.11522
-9.11215
-9.10853
-9.10441
-9.10045
-9.09756
-9.09477
-9.09159
-9.08698
-9.08382
-9.08051
-9.07685
-9.07258
-9.06856
-9.06455
-9.05841
-9.05841
-9.05302
-9.04832
-9.04503
-9.03865
-9.03495
-9.0319
-9.02797
-9.02542
-9.02139
-9.01835
-9.01502
-9.01059
-9.00752
-9.00447
-9.00071
-8.99716
-8.9935
-8.9897
-8.98521
-8.98101
-8.97708
-8.97256
-8.96907
-8.96482
-8.96064
-8.956
-8.95175
-8.94441
-8.94094
-8.93739
-8.93445
-8.93074
-8.92733
-8.9234
-8.91881
-8.91373
-8.90931
-8.90631
-8.90199
-8.89786
-8.89297
-8.88924
-8.8838
-8.87935
-8.87466
-8.87028
-8.86547
-8.86208
-8.85796
-8.85796
-8.85357
-8.84899
-8.84159
-8.83832
-8.83441
-8.83441
-8.82898
-8.82345
-8.82001
-8.81518
-8.81051
-8.80377
-8.80069
-8.79652
-8.79317
-8.78754
-8.78236
-8.7772
-8.77249
-8.76837
-8.76426
-8.76013
-8.75579
-8.75159
-8.74692
-8.74272
-8.73836
-8.73473
-8.73017
-8.72532
-8.72127
-8.71748
-8.71338
-8.70968
-8.70492
-8.70091
-8.69588
-8.69262
-8.68815
-8.68424
-8.6803
-8.67571
-8.67183
-8.66838
-8.66462
-8.66025
-8.65552
-8.65097
-8.64565
-8.64136
-8.63225
-8.62705
-8.6219
-8.61727
-8.61298
-8.60809
-8.60194
-8.59573
-8.59082
-8.58646
-8.58159
-8.57862
-8.57527
-8.57093
-8.56586
-8.56086
-8.56086
-8.55486
-8.5506
-8.54291
-8.53914
-8.53534
-8.53063
-8.52561
-8.52168
-8.51631
-8.51145
-8.50652
-8.5006
-8.49597
-8.49179
-8.48763
-8.48253
-8.47945
-8.47703
-8.47236
-8.46732
-8.46245
-8.45482
-8.4494
-8.4494
-8.44196
-8.43602
-8.43132
-8.42674
-8.42273
-8.41763
-8.41313
-8.40825
-8.40305
-8.39798
-8.39261
-8.38811
-8.37991
-8.37516
-8.37009
-8.3655
-8.36078
-8.35604
-8.35604
-8.34993
-8.34523
-8.33657
-8.33657
-8.33094
-8.32547
-8.32121
-8.31695
-8.31236
-8.30333
-8.29899
-8.29419
-8.29085
-8.28553
-8.28059
-8.27456
-8.26999
-8.26469
-8.26048
-8.25581
-8.24971
-8.24413
-8.23525
-8.23132
-8.22765
-8.22257
-8.2169
-8.21148
-8.20701
-8.2024
-8.19593
-8.19108
-8.18198
-8.17625
-8.17034
-8.16545
-8.15955
-8.15346
-8.1472
-8.14188
-8.13617
-8.13048
-8.12384
-8.11641
-8.11198
-8.10588
-8.10225
-8.09731
-8.09236
-8.0869
-8.08041
-8.0749
-8.0697
-8.06274
-8.05592
-8.04961
-8.04539
-8.04056
-8.03416
-8.02923
-8.02326
-8.01478
-8.00793
-8.00793
-8.00099
-7.99426
-7.98853
-7.98302
-7.97589
-7.97059
-7.96493
-7.95309
-7.94693
-7.9405
-7.93391
-7.92797
-7.92797
-7.92034
-7.91363
-7.90757
-7.89683
-7.89683
-7.88233
-7.87749
-7.87185
-7.86605
-7.86018
-7.85435
-7.84965
-7.84274
-7.83539
-7.82879
-7.82332
-7.81726
-7.81119
-7.80473
-7.79859
-7.79135
-7.78512
-7.77858
-7.77171
-7.76554
-7.76013
-7.75021
-7.74424
-7.73784
-7.73784
-7.73007
-7.72421
-7.71845
-7.7075
-7.70307
-7.69739
-7.69116
-7.6848
-7.6789
-7.6726
-7.66745
-7.66215
-7.65565
-7.64967
-7.64251
-7.63674
-7.63084
-7.62481
-7.6184
-7.61376
-7.60682
-7.60138
-7.59575
-7.58981
-7.58349
-7.57774
-7.57033
-7.56482
-7.55804
-7.55231
-7.54643
-7.53928
-7.53386
-7.52836
-7.52382
-7.51773
-7.51136
-7.50599
-7.50065
-7.49467
-7.48791
-7.48165
-7.47572
-7.4699
-7.46479
-7.45838
-7.45309
-7.44729
-7.44147
-7.43397
-7.42914
-7.42035
-7.41295
-7.40579
-7.3994
-7.39326
-7.3853
-7.37872
-7.37259
-7.36622
-7.36041
-7.35512
-7.34795
-7.3419
-7.3356
-7.32759
-7.32267
-7.31634
-7.31072
-7.30443
-7.29778
-7.29211
-7.28493
-7.27926
-7.27442
-7.26792
-7.26205
-7.25439
-7.24918
-7.24073
-7.23378
-7.22596
-7.21969
-7.21246
-7.20615
-7.20061
-7.19429
-7.18958
-7.18281
-7.17591
-7.17054
-7.16373
-7.1555
-7.14945
-7.1426
-7.13619
-7.12805
-7.11722
-7.11082
-7.10413
-7.09778
-7.09126
-7.08428
-7.07702
-7.07182
-7.06374
-7.05782
-7.0515
-7.04484
-7.03824
-7.03204
-7.0251
-7.01994
-7.01356
-7.00705
-6.9952
-6.98869
-6.98184
-6.97541
-6.96813
-6.96224
-6.95712
-6.95015
-6.94484
-6.93694
-6.93058
-6.92339
-6.91614
-6.91011
-6.90274
-6.89735
-6.89126
-6.88467
-6.87747
-6.87094
-6.8638
-6.85691
-6.85157
-6.84
-6.83368
-6.82737
-6.8211
-6.81591
-6.81026
-6.80293
-6.79524
-6.78736
-6.77933
-6.77315
-6.76843
-6.76194
-6.75504
-6.74842
-6.74249
-6.73586
-6.72783
-6.72134
-6.71626
-6.7111
-6.70436
-6.69199
-6.68719
-6.68059
-6.67578
-6.67016
-6.66367
-6.6575
-6.65062
-6.64463
-6.63615
-6.63049
-6.62264
-6.61382
-6.60874
-6.60281
-6.59641
-6.58401
-6.58401
-6.5758
-6.56878
-6.56268
-6.55645
-6.54844
-6.5399
-6.53382
-6.52827
-6.51792
-6.51187
-6.50506
-6.49984
-6.49204
-6.48489
-6.47763
-6.47079
-6.46371
-6.45596
-6.44961
-6.44327
-6.43585
-6.42912
-6.42351
-6.41648
-6.40908
-6.4039
-6.39737
-6.38937
-6.38312
-6.37597
-6.37091
-6.3645
-6.35924
-6.35258
-6.34589
-6.33918
-6.33277
-6.32668
-6.31887
-6.31317
-6.30041
-6.29353
-6.28722
-6.28001
-6.28001
-6.27241
-6.26618
-6.25996
-6.25402
-6.24722
-6.23454
-6.22811
-6.22252
-6.21671
-6.2119
-6.2052
-6.19802
-6.19127
-6.18573
-6.18092
-6.17504
-6.16908
-6.163
-6.1561
-6.14912
-6.14045
-6.13379
-6.12721
-6.12128
-6.11531
-6.10795
-6.10237
-6.09604
-6.08722
-6.08029
-6.07426
-6.06797
-6.06221
-6.05481
-6.04798
-6.04123
-6.03467
-6.02825
-6.02217
-6.01739
-6.01154
-6.00675
-6.00196
-5.99572
-5.99003
-5.98316
-5.97633
-5.96894
-5.96131
-5.95585
-5.9508
-5.94474
-5.93893
-5.93268
-5.92677
-5.9206
-5.91096
-5.90432
-5.89764
-5.89091
-5.88455
-5.87866
-5.87866
-5.87016
-5.86359
-5.85327
-5.84725
-5.8423
-5.836
-5.83059
-5.82452
-5.81863
-5.81317
-5.808
-5.79814
-5.79074
-5.78604
-5.77977
-5.77411
-5.7691
-5.76258
-5.7564
-5.74927
-5.74357
-5.73746
-5.73102
-5.72387
-5.71944
-5.71518
-5.70926
-5.70316
-5.69747
-5.69153
-5.68579
-5.67977
-5.67304
-5.66851
-5.66351
-5.6577
-5.65269
-5.64786
-5.64271
-5.63766
-5.63178
-5.62694
-5.62079
-5.61501
-5.60794
-5.60302
-5.59726
-5.59205
-5.58772
-5.58143
-5.57721
-5.57252
-5.56704
-5.56256
-5.55747
-5.5484
-5.5435
-5.53888
-5.53361
-5.5279
-5.5279
-5.5208
-5.51513
-5.51093
-5.50616
-5.50045
-5.49441
-5.48846
-5.48406
-5.47917
-5.47333
-5.46925
-5.46379
-5.4588
-5.45305
-5.44797
-5.44283
-5.43772
-5.43318
-5.42822
-5.42343
-5.41909
-5.41412
-5.40851
-5.40356
-5.40356
-5.39394
-5.38947
-5.3851
-5.38046
-5.38046
-5.37181
-5.36719
-5.36258
-5.35849
-5.35495
-5.35096
-5.3466
-5.342
-5.33729
-5.33729
-5.33235
-5.32818
-5.32466
-5.31928
-5.31453
-5.30997
-5.30678
-5.3032
-5.29595
-5.29143
-5.28726
-5.28726
-5.28224
-5.2786
-5.27471
-5.26762
-5.26402
-5.26024
-5.25667
-5.25334
-5.2496
-5.2456
-5.24179
-5.23789
-5.23541
-5.23236
-5.22768
-5.22304
-5.21896
-5.21514
-5.21148
-5.208
-5.20477
-5.20139
-5.19851
-5.19444
-5.19104
-5.18773
-5.18487
-5.18133
-5.17882
-5.17298
-5.16977
-5.16651
-5.16651
-5.16052
-5.16052
-5.15667
-5.15338
-5.15001
-5.14629
-5.1435
-5.14106
-5.13743
-5.13486
-5.13178
-5.12814
-5.12515
-5.12162
-5.11952
-5.1165
-5.11455
-5.11205
-5.10939
-5.10495
-5.10225
-5.09995
-5.09749
-5.09515
-5.09227
-5.08966
-5.08678
-5.08465
-5.08202
-5.07962
-5.07677
-5.07434
-5.07261
-5.07039
-5.06775
-5.06517
-5.06251
-5.05972
-5.05728
-5.05463
-5.05198
-5.04871
-5.04613
-5.04325
-5.04078
-5.03891
-5.03613
-5.03392
-5.03186
-5.03048
-5.0287
-5.02703
-5.02499
-5.02242
-5.02028
-5.01875
-5.01685
-5.01515
-5.01338
-5.01121
-5.00901
-5.00716
-5.00512
-5.00319
-5.00099
-4.99895
-4.9952
-4.99342
-4.9914
-4.99001
-4.98773
-4.98579
-4.98403
-4.98274
-4.98109
-4.9791
-4.97742
-4.97623
-4.97481
-4.97312
-4.97101
-4.9694
-4.96791
-4.96642
-4.96506
-4.96375
-4.96266
-4.96099
-4.95943
-4.95813
-4.95714
-4.95576
-4.95459
-4.9532
-4.9519
-4.95054
-4.94918
-4.94837
-4.94716
-4.9457
-4.9445
-4.94318
-4.94232
-4.94129
-4.93932
-4.93815
-4.93699
-4.93603
-4.93494
-4.93399
-4.93313
-4.93207
-4.93044
-4.9296
-4.92861
-4.92762
-4.9266
-4.92567
-4.92567
-4.92356
-4.92266
-4.92192
-4.92108
-4.92025
-4.91932
-4.91862
-4.91798
-4.91702
-4.91636
-4.91549
-4.91461
-4.91371
-4.91302
-4.91228
-4.91095
-4.91023
-4.90958
-4.90958
-4.90869
-4.90797
-4.90733
-4.90658
-4.90527
-4.90459
-4.90396
-4.90333
-4.90262
-4.902
-4.90135
