-1.24301
-1.2473
-1.25062
-1.25633
-1.25215
-1.24251
-1.2282
-1.19714
-1.1786
-1.14
-1.09958
-1.05859
-1.0134
-0.978339
-0.936276
-0.894428
-0.845417
-0.808768
-0.773136
-0.724066
-0.68555
-0.641828
-0.641828
-0.576831
-0.533483
-0.504279
-0.474688
-0.438182
-0.411131
-0.380591
-0.35572
-0.33169
-0.300585
-0.280836
-0.259378
-0.239403
-0.21628
-0.1952
-0.169441
-0.159806
-0.145675
-0.145675
-0.11664
-0.101548
-0.0902758
-0.0730219
-0.0653471
-0.0571327
-0.0571327
-0.0420331
-0.0310806
-0.0259587
-0.0181388
-0.0181388
-0.00734622
-0.00273181
0.00425918
0.00658365
0.00991301
0.0177979
0.0212981
0.0212981
0.0248847
0.0260548
0.0305141
0.0328343
0.0361327
0.0369223
0.0398327
0.0396895
0.0421441
0.0421441
0.0442825
0.0495436
0.0495436
0.0443809
0.0442744
0.047023
0.0488212
0.04938
0.0501125
0.0492453
0.0486111
0.0508519
0.0538048
0.0518262
0.0518262
0.052337
0.0492729
0.0491055
0.0520439
0.0518289
0.0532023
0.0527196
0.0514896
0.0489274
0.0489274
0.0517985
0.046768
0.0504832
0.0487338
0.0482185
0.0505571
0.0493015
0.0493015
0.0447385
0.0450002
0.0462244
0.0438675
0.0443714
0.0426849
0.0426849
0.0426849
0.0344555
0.0387821
0.0403353
0.0379307
0.0379307
0.0305595
0.0305595
0.0321207
0.0281245
0.0299807
0.0288268
0.0291466
0.026845
0.0255015
0.0245403
0.0253341
0.0297613
0.0297613
0.0232522
0.023761
0.0223992
0.0192256
0.0221253
0.0227071
0.0206866
0.0205266
0.0208676
0.0212974
0.0204268
0.0186626
0.0189733
0.0139661
0.01746
0.0177569
0.0172237
0.0165447
0.0176837
0.0172412
0.0165716
0.0168216
0.0160087
0.0151256
0.0138845
0.01344
0.013537
0.0133764
0.0144737
0.0126152
0.0117253
0.0112286
0.0101082
0.00885932
0.00917378
0.00893249
0.00694278
0.00283146
0.00420847
0.0054822
0.00128936
0.000682057
-0.000384599
-0.00112675
-0.0021013
-0.00305281
-0.00280837
-0.00372344
-0.00929256
-0.00783224
-0.00754356
-0.00809048
-0.00960473
-0.0100724
-0.0108015
-0.0127881
-0.0120482
-0.0143484
-0.0150517
-0.0167814
-0.0160994
-0.0166748
-0.0197253
-0.0199309
-0.0207296
-0.0205705
-0.0236255
-0.0226399
-0.023396
-0.0250602
-0.0261215
-0.0242625
-0.0258647
-0.0251979
-0.0269312
-0.0268011
-0.0285083
-0.0287505
-0.0279289
-0.028784
-0.0274747
-0.0295388
-0.0289471
-0.0320307
-0.0303967
-0.030974
-0.0321678
-0.0323676
-0.0323676
-0.033584
-0.0329876
-0.0334967
-0.0320946
-0.0332778
-0.0343693
-0.0343432
-0.0321384
-0.0328054
-0.0328054
-0.0332682
-0.0316042
-0.0339475
-0.032965
-0.032326
-0.0316421
-0.0317256
-0.0332367
-0.0333475
-0.0334872
-0.0329906
-0.0329906
-0.0333444
-0.0321288
-0.0317991
-0.0313133
-0.0323404
-0.0318854
-0.0318449
-0.030693
-0.0321767
-0.0334591
-0.0319239
-0.0317088
-0.0298099
-0.0322998
-0.033365
-0.0340398
-0.0313674
-0.0305998
-0.0327905
-0.0330849
-0.033227
-0.0305144
-0.0311206
-0.0324018
-0.0325006
-0.0325006
-0.0278702
-0.0278702
-0.0280632
-0.0258035
-0.0258035
-0.0246406
-0.0246406
-0.0217832
-0.0217832
-0.0178914
-0.0178914
-0.013417
-0.013417
-0.0116003
-0.010795
-0.010192
-0.00735845
-0.00599676
-0.00742361
-0.00844179
-0.00833808
-0.00533118
-0.0035693
-0.00438583
-0.00438583
-0.000463237
-0.00171363
-0.00171363
-0.00128108
0.00101972
0.00082261
0.000435212
-0.000527209
-0.000527209
0.000975109
0.000975109
-0.0015639
-0.00143277
-0.000324179
-0.00340148
0.00100172
-0.00326995
-0.00326995
-0.00114004
-0.00313949
-0.00313949
-0.00107819
0.00151206
0.00187291
0.00394738
0.00394738
0.00589038
0.00875411
0.00687796
0.00749794
0.00767464
0.00837686
0.00896841
0.00879262
0.00457414
0.00447146
0.00354759
0.00554488
0.00554488
0.00760117
0.00765445
0.0082588
0.00804599
0.00625536
0.00550658
0.00696015
0.00696015
0.00910593
0.00910593
0.011592
0.0101927
0.0110784
0.013277
0.0104054
0.0104054
0.0106928
0.0113037
0.0102473
0.0099265
0.0099265
0.00624082
0.00552932
0.00520433
0.00290164
0.00290164
-0.00132321
-0.00132321
-0.000317466
-0.00117425
-0.00117425
-0.00203665
-0.00291425
-0.000507632
-0.000215734
-0.00235182
-0.00235182
-0.00145467
-0.00371937
-0.00371937
0.00307392
0.00307392
0.00502514
0.00649646
0.00695112
0.00529021
0.00489598
0.00489598
0.00385918
0.00574986
0.000790115
0.00294186
0.00294186
0.0062117
0.0062117
0.00352035
0.00162915
0.000490662
-0.00422553
-0.00422553
-0.0106186
-0.0116307
-0.0127191
-0.0189523
-0.019774
-0.0205629
-0.0233438
-0.0233438
-0.021683
-0.020686
-0.020686
-0.0196008
-0.0196008
-0.0172745
-0.0172745
-0.0166457
-0.01413
-0.0136272
-0.0136272
-0.011328
-0.0109273
-0.0104321
-0.00930964
-0.0073616
-0.00740474
-0.00636869
-0.00636869
-0.00189825
-0.00189825
0.000930042
0.00170998
0.00170998
0.00685095
0.00817981
0.00817981
0.011153
0.011153
0.0171346
0.019418
0.019418
0.0250722
0.0248734
0.0274687
0.0274687
0.0296843
0.0296843
0.0307025
0.0307025
0.0307025
0.0344399
0.0344399
0.0339504
0.0339504
0.0348433
0.0335706
0.0335706
0.0332427
0.0332427
0.0332427
0.0332115
0.0332115
0.0332115
0.0332115
0.0332115
0.0332115
0.0332115
0.0332115
0.0332115
0.0332115
0.0332115
0.0332115
0.0332115
0.0332115
0.0332115
0.0332115
0.0332115
0.0332115
0.0332115
0.0332115
0.0332115
0.0332115
0.0332115
0.0332115
0.0332115
0.0332115
0.0332115
0.0332115
0.0332115
0.0332115
0.0332115
0.0332115
0.0332115
0.0332115
0.0332115
0.0332115
0.0332115
0.0332115
0.0332115
0.0332115
0.0332115
0.0332115
0.0332115
0.0332115
0.0332115
0.0332115
0.0332115
0.0332115
0.0332115
0.0332115
0.0332115
0.0332115
0.0332115
0.0332115
0.0332115
0.0332115
0.0332115
0.0332115
0.0332115
0.0332115
0.0332115
0.0332115
0.0332115
0.0332115
0.0332115
0.0332115
0.0332115
0.0332115
0.0332115
0.0332115
0.0332115
0.0332115
0.0332115
0.0332115
0.0332115
0.0332115
0.0332115
0.0332115
0.0332115
0.0332115
0.0332115
0.0332115
0.0332115
0.0332115
0.0332115
0.0332115
0.0332115
0.0332115
0.0332115
0.0332115
0.0332115
0.0332115
0.0332115
0.0332115
0.0332115
0.0332115
0.0332115
0.0332115
0.0332115
0.0332115
0.0332115
0.0332115
0.0332115
0.0332115
0.0332115
0.0332115
0.0332115
0.0332115
0.0332115
0.0332115
0.0332115
0.0332115
0.0332115
0.0332115
0.0332115
0.0332115
0.0332115
0.0332115
0.0332115
0.0332115
0.0332115
0.0332115
0.0332115
0.0332115
0.0332115
0.0332115
0.0332115
0.0332115
0.0332115
0.0332115
0.0332115
0.0332115
0.0332115
0.0332115
0.0332115
0.0332115
0.0332115
0.0332115
0.0332115
0.0332115
0.0332115
0.0332115
0.0332115
0.0332115
0.0332115
0.0332115
0.0332115
0.0332115
0.0332115
0.0332115
0.0332115
0.0332115
0.0332115
0.0332115
0.0332115
0.0332115
0.0332115
0.0332115
0.0332115
0.0332115
0.0332115
0.0332115
0.0332115
0.0332115
0.0332115
0.0332115
0.0332115
0.0332115
0.0332115
0.0332115
0.0332115
0.0332115
0.0332115
0.0332115
0.0332115
0.0332115
0.0332115
0.0332115
0.0332115
0.0332115
0.0332115
0.0332115
0.0332115
0.0332115
0.0332115
0.0332115
0.0332115
0.0332115
0.0332115
0.0332115
0.0332115
0.0332115
0.0332115
0.0332115
0.0332115
0.0332115
0.0332115
0.0332115
0.0332115
0.0332115
0.0332115
0.0332115
0.0332115
0.0332115
0.0332115
0.0332115
0.0332115
0.0332115
0.0332115
0.0332115
0.0332115
0.0332115
0.0332115
0.0332115
0.0332115
0.0332115
0.0332115
0.0332115
0.0332115
0.0332115
