1.80978
1.79081
1.79081
1.79081
1.77642
1.76583
1.74916
1.74562
1.74166
1.66053
1.63182
1.61404
1.58096
1.50736
1.52677
1.52961
1.52206
1.49089
1.46468
1.48717
1.467
1.41718
1.4265
1.39246
1.42392
1.39048
1.36452
1.40202
1.37239
1.36154
1.37325
1.37
1.35835
1.32854
1.33804
1.33884
1.3457
1.33542
1.31707
1.31336
1.30151
1.35135
1.35105
1.32067
1.35898
1.32834
1.28733
1.35729
1.32525
1.28869
1.29941
1.29715
1.30052
1.29742
1.2971
1.2689
1.21885
1.23023
1.29396
1.3128
1.30957
1.249
1.23406
1.31717
1.2901
1.26332
1.26332
1.26512
1.26497
1.23791
1.29844
1.23205
1.23493
1.27474
1.27997
1.26978
1.26978
1.27611
1.24838
1.24578
1.24358
1.25655
1.25149
1.26484
1.22216
1.19179
1.19866
1.26254
1.24434
1.19702
1.27079
1.20534
1.20371
1.2329
1.24052
1.24677
1.2095
1.24867
1.20886
1.20886
1.21445
1.21175
1.21689
1.22755
1.22755
1.22509
1.23577
1.23343
1.23343
1.20733
1.16408
1.17026
1.2172
1.24232
1.21294
1.21294
1.21498
1.21588
1.22131
1.2086
1.22449
1.22366
1.22366
1.15715
1.17152
1.15771
1.16563
1.17539
1.14023
1.14023
1.18503
1.14904
1.13813
1.18058
1.14895
1.18397
1.14376
1.19144
1.17209
1.13178
1.13178
1.19191
1.15321
1.16074
1.23377
1.16944
1.16944
1.18047
1.17829
1.14346
1.18934
1.12653
1.15817
1.1304
1.11884
1.17703
1.11628
1.1277
1.12202
1.12202
1.12202
1.16627
1.13076
1.0755
1.06965
1.10725
1.08557
1.10517
1.14303
1.08127
1.08127
1.13859
1.15804
1.12957
1.14399
1.1667
1.13902
1.0913
1.1321
1.09698
1.0934
1.14132
1.09433
1.10237
1.1137
1.1137
1.08822
1.10927
1.08871
1.062
1.07121
1.08251
1.05398
1.05398
1.08813
0.998203
1.06313
1.09172
1.09305
1.05717
1.07245
1.05823
1.06621
1.06621
1.08531
1.04351
1.04018
0.960753
1.05274
1.01901
1.01633
1.06215
1.04311
1.06034
1.07299
1.07172
1.08621
1.04186
1.05403
1.04738
1.03136
1.03136
1.04726
1.03219
1.04067
1.04067
1.05232
1.04116
1.02853
1.0234
1.02791
1.02791
0.994852
1.01868
0.994475
1.00471
1.00112
1.03498
1.01474
0.943828
0.970759
0.957058
0.982755
1.02672
1.00749
1.04599
0.983102
0.999198
1.01673
0.983102
1.0265
1.0265
1.0265
1.02344
1.01151
1.03644
1.01657
1.01048
1.01048
0.994648
1.00212
0.982547
0.97841
0.96514
1.00738
0.984947
1.00986
0.974672
0.995032
0.941551
0.921079
0.951161
0.962984
0.961084
0.961084
0.957627
0.960489
0.960489
0.956759
0.988455
0.966519
0.962672
0.933868
0.933868
0.95055
0.943541
0.943541
0.990549
0.944071
0.909775
0.892569
0.932434
0.916377
0.919876
0.960188
0.958297
0.930649
0.930649
0.933164
0.939573
0.97337
0.955834
0.917401
0.938389
0.903642
0.915554
0.952666
0.94818
0.951456
0.91362
0.91362
0.926081
0.923649
0.923649
0.914093
0.923649
0.923649
0.899314
0.903121
0.903121
0.89061
0.893989
0.885028
0.900493
0.900493
0.927576
0.894056
0.910578
0.89282
0.88333
0.88333
0.859973
0.912844
0.875672
0.884915
0.922307
0.885292
0.885292
0.895128
0.883457
0.904415
0.905538
0.895121
0.905538
0.839425
0.839647
0.815292
0.892651
0.874194
0.874194
0.875374
0.875352
0.908605
0.884086
0.893076
0.887665
0.891473
0.857239
0.857239
0.869895
0.867642
0.867642
0.867642
0.864192
0.877679
0.827815
0.838808
0.838805
0.834392
0.845111
0.829401
0.810238
0.810238
0.810238
0.828152
0.84564
0.820416
0.820416
0.807237
0.807237
0.823923
0.807823
0.791722
0.818217
0.834422
0.798419
0.798419
0.809563
0.829073
0.776264
0.808679
0.808679
0.815771
0.786841
0.819162
0.814131
0.808306
0.789036
0.806574
0.806574
0.831307
0.831307
0.831307
0.808206
0.795408
0.805823
0.802241
0.79076
0.79076
0.802067
0.812559
0.798871
0.715821
0.756105
0.782704
0.783609
0.795825
0.794727
0.781337
0.765966
0.765966
0.760435
0.796181
0.760435
0.760435
0.816347
0.773773
0.771246
0.794452
0.759794
0.767691
0.781968
0.781968
0.781968
0.74621
0.771285
0.778119
0.764381
0.793259
0.793259
0.788693
0.774518
0.761827
0.779947
0.79581
0.783702
0.762193
0.762193
0.726833
0.713872
0.727358
0.747567
0.702275
0.702275
0.730642
0.730642
0.726971
0.713861
0.727956
0.727956
0.698729
0.748271
0.748271
0.716473
0.683678
0.683678
0.696584
0.727281
0.709812
0.7033
0.729199
0.729199
0.730565
0.730565
0.663252
0.683955
0.69448
0.739823
0.708206
0.705147
0.705147
0.715963
0.698147
0.698147
0.715677
0.727195
0.69147
0.67649
0.67649
0.726462
0.67886
0.697915
0.695395
0.695395
0.662547
0.698528
0.669169
0.673325
0.673325
0.673325
0.673325
0.667804
0.664007
0.652388
0.652388
0.660215
0.660215
0.665169
0.591314
0.606493
0.642292
0.635485
0.653181
0.633784
0.64568
0.633784
0.654061
0.666283
0.666283
0.655647
0.655647
0.655647
0.655647
0.640751
0.657041
0.657041
0.64806
0.63196
0.622726
0.63196
0.63196
0.63196
0.63196
0.650951
0.635023
0.576905
0.576905
0.592846
0.599306
0.576905
0.58562
0.61619
0.61619
0.598159
0.617994
0.642909
0.623474
0.60437
0.611622
0.60437
0.589789
0.618986
0.618986
0.607226
0.607226
0.574977
0.571455
0.571455
0.571455
0.571455
0.583004
0.605465
0.578091
0.578091
0.578091
0.573981
0.581456
0.581456
0.555813
0.571583
0.570628
0.5681
0.583412
0.583412
