0
1.00013
1.00007
1.00007
1.00007
1.00041
1.00034
1.00034
1.00095
1.00095
1.00435
1.00596
1.00596
1.0195
1.0195
1.03605
1.03605
1.03605
1.08983
1.08983
1.08983
1.11293
1.11293
1.11293
1.11758
1.11707
1.11707
1.1087
1.09908
1.09265
1.08672
1.08672
1.08672
1.06632
1.06306
1.06306
1.06306
1.04775
1.04775
1.04182
1.03814
1.0355
1.0355
1.0355
1.02872
1.0274
1.02651
1.02365
1.02258
1.02173
1.02041
1.01866
1.01773
1.01773
1.01596
1.01596
1.01417
1.01309
1.01297
1.01236
1.01144
1.01144
1.01081
1.01002
1.00961
1.00914
1.00898
1.00861
1.00861
1.00794
1.00753
1.00736
1.00719
1.00695
1.00666
1.00652
1.0064
1.00623
1.006
1.00585
1.00574
1.00571
1.00554
1.00524
1.0052
1.00513
1.00506
1.00492
1.00474
1.00473
1.00476
1.00467
1.00451
1.0045
1.00448
1.00447
1.00439
1.00437
1.00433
1.00438
1.00432
1.0043
1.00426
1.00425
1.00422
1.00424
1.00426
1.00427
1.00432
1.00435
1.00435
1.00435
1.00437
1.00446
1.00452
1.00457
1.0047
1.00481
1.00485
1.00489
1.00495
1.00512
1.00519
1.00525
1.00538
1.00559
1.00585
1.00597
1.00619
1.00638
1.00669
1.00697
1.00731
1.00759
1.00759
1.00819
1.00845
1.0088
1.00921
1.00974
1.01035
1.0109
1.01161
1.01203
1.01298
1.01368
1.0142
1.01499
1.0154
