1.40927
1.40927
1.40927
1.40926
1.40926
1.40925
1.40924
1.40922
1.40921
1.4092
1.40915
1.40911
1.40907
1.40899
1.40891
1.40881
1.40871
1.40861
1.40851
1.40835
1.40818
1.40798
1.40776
1.40752
1.40728
1.40699
1.40668
1.40635
1.40599
1.4056
1.40519
1.40478
1.40437
1.40387
1.40334
1.40278
1.40223
1.40167
1.40101
1.40033
1.39964
1.39888
1.39809
1.39726
1.39643
1.39561
1.39478
1.39395
1.39312
1.39229
1.39147
1.39064
1.38946
1.38828
1.3871
1.38592
1.38458
1.38323
1.3818
1.38036
1.37885
1.37734
1.37573
1.37408
1.37239
1.37069
1.3689
1.36709
1.36523
1.36333
1.36138
1.35942
1.3574
1.35537
1.35334
1.35131
1.34911
1.34687
1.34457
1.34227
1.33998
1.33759
1.33515
1.33271
1.33027
1.32783
1.32539
1.32296
1.3203
1.3176
1.3149
1.3122
1.30951
1.30681
1.30411
1.30141
1.29871
1.29601
1.29331
1.29061
1.28785
1.28509
1.28232
1.27956
1.2768
1.27404
1.27127
1.26851
1.26575
1.26299
1.26022
1.25806
1.2559
1.25374
1.25158
1.25034
1.2491
1.24781
1.24703
1.24635
1.24566
1.24531
1.24491
1.2445
1.24409
1.24553
1.24696
1.24847
1.25002
1.25157
1.25314
1.25469
1.25624
1.2578
1.25935
1.26074
1.26191
1.26308
1.26425
1.26543
1.26641
1.26771
1.26937
1.2712
1.27304
1.27489
1.27675
1.2786
1.27825
1.2779
1.2791
1.27917
1.27925
1.28026
1.28152
1.28277
1.28405
1.28533
1.28703
1.28857
1.29001
1.29126
1.29251
1.29425
1.29574
1.29721
1.29867
1.3001
1.30153
1.30294
1.30419
1.3055
1.30682
1.30811
1.30922
1.31033
1.3115
1.31266
1.31382
1.31499
1.31602
1.31703
1.31804
1.31904
1.32005
1.32105
1.3218
1.3227
1.3236
1.32447
1.32527
1.32596
1.32668
1.3274
1.32803
1.3287
1.32932
1.32996
1.3306
1.33116
1.33171
1.33226
1.33283
1.3334
1.33401
1.3346
1.33518
1.33574
1.33629
1.33685
1.33739
1.33793
1.33845
1.33898
1.33951
1.34003
1.34042
1.34081
1.34136
1.34191
1.34238
1.34285
1.34325
1.34372
1.34412
1.34468
1.34524
1.34583
1.34643
1.34699
1.34755
1.34812
1.34868
1.34924
1.3498
1.35015
1.35065
1.3512
1.35174
1.3521
1.35262
1.35313
1.35363
1.35413
1.35453
1.35493
1.35534
1.35574
1.35616
1.35661
1.35715
1.35768
1.35826
1.35883
1.35941
1.35998
1.36044
1.36089
1.36134
1.36198
1.36261
1.36324
1.36375
1.36425
1.36475
1.36526
1.36576
1.36627
1.36691
1.36754
1.36818
1.36881
1.36951
1.3702
1.37089
1.37159
1.37214
1.3727
1.37326
1.37382
1.37438
1.37494
1.3755
1.37605
1.37671
1.37729
1.37789
1.3785
1.3791
1.37971
1.38032
1.38092
1.38149
1.38205
1.3827
1.38334
1.38414
1.38504
1.38595
1.38686
1.38777
1.38831
1.38885
1.38939
1.38995
1.3905
1.39106
1.39162
1.39224
1.39286
1.39348
1.3941
1.39472
1.39534
1.39596
1.39658
1.3972
1.39782
1.39844
1.39906
1.39968
1.4003
1.40093
1.40156
1.40219
1.40282
1.40345
1.40408
1.4047
1.40533
1.40596
1.40659
1.40722
1.40785
1.40839
1.40893
1.40947
1.41001
1.41055
1.41109
1.41163
1.41215
1.41262
1.41309
1.41355
1.41401
1.41447
1.41492
1.41543
1.41587
1.41631
1.41664
1.41701
1.4175
1.41799
1.41844
1.41887
1.41934
1.4198
1.42028
1.42072
1.42122
1.42176
1.42229
1.42276
1.42319
1.42359
1.42403
1.42448
1.42494
1.42556
1.42596
1.42636
1.42672
1.42711
1.42752
1.42785
1.42818
1.4285
1.42887
1.42928
1.4298
1.43027
1.43071
1.43109
1.43147
1.4318
1.43218
1.43258
1.43298
1.43339
1.43387
1.43421
1.4346
1.43497
1.43533
1.43565
1.43602
1.43641
1.43678
1.43721
1.43759
1.4379
1.43816
1.4385
1.43893
1.43922
1.43957
1.43988
1.44016
1.44048
1.44074
1.44107
1.44129
1.44162
1.44197
1.44235
1.44264
1.44293
1.44318
1.44348
1.44374
1.44395
1.44428
1.4446
1.4449
1.44519
1.44555
1.44587
1.4462
1.44664
1.44694
1.44722
1.44756
1.44783
1.44818
1.44849
1.44882
1.44906
1.44929
1.44951
1.44978
1.45014
1.45046
1.4507
1.45096
1.45123
1.4515
1.45173
1.45197
1.45215
1.45238
1.45261
1.45283
1.45306
1.45328
1.45347
1.45373
1.45398
1.45426
1.45452
1.45478
1.45498
1.45518
1.45543
1.45565
1.45593
1.4561
1.45633
1.45655
1.45685
1.45706
1.4573
1.45751
1.45777
1.45798
1.45821
1.45843
1.45863
1.45879
1.45896
1.45911
1.45926
1.4595
1.45972
1.45988
1.46003
1.4602
1.46037
1.46061
1.46081
1.46095
1.46109
1.46123
1.46138
1.46154
1.4617
1.46186
1.46202
1.46219
1.46233
1.46327
1.46421
1.46529
1.46651
1.46777
1.46874
1.46981
1.47085
1.47183
1.4729
1.47377
1.47429
1.47463
1.47475
1.47478
1.47515
1.47537
1.4748
1.47418
1.47368
1.4734
1.47365
1.47371
1.47394
1.47419
1.47474
1.47538
1.47603
1.47664
1.47735
1.47807
1.47888
1.47966
1.48043
1.48109
1.48173
1.48226
1.48278
1.48314
1.48326
1.48255
1.48187
1.48113
1.48056
1.48018
1.4805
1.48083
1.4812
1.48159
1.4821
1.48259
1.48317
1.48249
1.483
1.48334
1.4838
1.48441
1.48506
1.48558
1.4859
1.48604
1.48611
1.48626
1.48646
1.48674
1.48707
1.48757
1.48811
1.48858
1.48892
1.48911
1.4893
1.4894
1.48936
1.48938
1.48891
1.48881
1.4886
1.48852
1.4883
1.48827
1.48836
1.48854
1.48878
1.48909
1.48948
1.48988
1.49028
1.4907
1.49111
1.49141
1.49168
1.49183
1.49176
1.49101
1.4903
1.48962
1.48899
1.48879
1.48876
1.48885
1.48903
1.48922
1.48949
1.48978
1.49015
1.49045
1.49074
1.49099
1.49115
1.49115
1.49091
1.49058
1.48971
1.48896
1.48814
1.48745
1.48715
1.48702
1.48704
1.48715
1.48726
1.48745
1.48769
1.48787
1.488
1.4881
1.48812
1.48811
1.48789
1.48758
1.48717
1.4864
1.48569
1.48499
1.48438
1.48393
1.48379
1.48372
1.48373
1.48371
1.48378
1.48381
1.48385
1.48373
1.48361
1.48338
1.48295
1.48228
1.4815
1.4807
1.47993
1.47925
1.479
1.4788
1.47861
1.47847
1.47829
1.47807
1.4778
1.47749
1.47713
1.47633
1.47574
1.47497
1.47416
1.47343
1.47285
1.47246
1.4722
1.47187
1.47142
1.47086
1.47019
1.46952
1.46894
1.46866
1.46841
1.46806
1.46751
1.46724
1.46707
1.46696
1.46675
1.4665
1.46593
1.46519
1.46459
1.46392
1.46324
1.46242
1.4615
1.46053
1.45955
1.45858
1.45766
1.45674
1.45587
1.45503
1.45442
1.45431
1.45425
1.45423
1.45429
1.45423
1.45416
1.45411
1.45379
1.45302
1.45212
1.45119
1.45016
1.44918
1.44811
1.44697
1.44581
1.44473
1.44377
1.44285
1.44202
1.4411
1.44038
1.43966
1.43964
1.43957
1.43907
1.43885
1.43838
1.43823
1.43745
1.4367
1.43591
1.43492
1.43395
1.4329
1.43174
1.43065
1.42945
1.4283
1.42717
1.42629
1.42542
1.42451
1.42364
1.42289
1.42194
1.42107
1.42029
1.41942
1.4186
1.41784
1.41715
1.41651
1.41587
1.41515
1.41429
1.41344
1.41252
1.41158
1.41059
1.40964
1.40877
1.40787
1.40688
1.4061
1.40523
1.40444
1.40378
1.40325
1.40269
1.40207
1.40128
1.40067
1.40001
1.39943
1.39889
1.39822
1.39747
1.39681
1.39615
1.3955
1.39455
1.39376
1.39281
1.39185
1.39104
1.39024
1.38946
1.38847
1.38743
1.38643
1.38552
1.38439
1.38335
1.38239
1.3815
1.38059
1.37983
1.37889
1.37799
1.37696
1.37623
1.37537
1.37462
1.3737
1.37279
1.37193
1.37097
1.37
1.36908
1.36797
1.36688
1.36579
1.36478
1.36376
1.36272
1.36179
1.36098
1.36002
1.35896
1.35802
1.35713
1.35618
1.35529
1.3545
1.35367
1.35281
1.35186
1.35091
1.35
1.34897
1.34826
1.34741
1.34654
1.34585
1.34505
1.34425
1.34341
1.34245
1.34138
1.34032
1.33921
1.33832
1.3374
1.33636
1.33533
1.33427
1.33321
1.3321
1.33122
1.33018
1.32935
1.32853
1.32774
1.32686
1.326
1.32512
1.32439
1.32374
1.32305
1.32248
1.322
1.32148
1.32113
1.32078
1.32011
1.3195
1.31874
1.31797
1.31714
1.31654
1.31627
1.31587
1.31523
1.31438
1.31373
1.31281
1.31196
1.311
1.31008
1.30916
1.3082
1.30727
1.30629
1.30522
1.30424
1.30309
1.30202
1.30118
1.30022
1.29909
1.29781
1.29659
1.29524
1.29412
1.29285
1.29179
1.29068
1.28953
1.28829
1.28687
1.28548
1.28394
1.28255
1.2811
1.27975
1.27848
1.27729
1.27605
1.27481
1.2735
1.27218
1.27088
1.26927
1.26754
1.2659
1.26441
1.26304
1.26192
1.26079
1.25973
1.25909
1.25856
1.25836
1.25826
1.25831
1.25827
1.25841
1.25849
1.25875
1.25905
1.25915
1.25905
1.25889
1.25881
1.25871
1.25876
1.25889
1.25879
1.25864
1.25844
1.258
1.25746
1.25669
1.25595
1.25521
1.25446
1.25415
1.25377
1.25336
1.25279
1.25185
1.2509
1.25007
1.24921
1.24853
1.24806
1.24744
1.247
1.24648
1.24593
1.24539
1.24469
1.24417
1.24349
1.2428
1.24199
1.24142
1.24078
1.24038
1.23998
1.23958
1.2393
1.23903
1.23854
1.23805
1.23756
1.23725
1.23694
1.23663
1.23628
1.23589
1.23541
1.23499
1.23478
1.2346
1.23434
1.23407
1.23381
1.23366
1.23332
1.23299
1.23265
1.23231
1.23219
1.23207
1.23166
1.23117
1.23115
1.23092
1.22948
1.22803
1.22658
1.22513
1.22368
1.22513
1.22657
1.22802
1.22946
1.23091
1.23235
1.2338
1.23524
1.23669
1.23813
1.23958
1.24102
1.24247
1.24391
1.24536
1.2468
1.24825
1.24969
1.25114
1.25258
1.25403
1.25547
1.25692
1.25836
1.25981
1.26125
1.2627
1.26414
1.26559
1.26703
1.26848
1.26992
1.27137
1.27281
1.27426
1.2757
1.27715
1.27859
1.28004
1.28148
1.28293
1.28437
1.28582
1.28726
1.28871
1.29015
1.2916
1.29305
1.29449
1.29594
1.29738
1.29883
1.30027
1.30172
1.30316
1.30461
1.30605
1.3075
1.30894
1.31039
1.31183
1.31328
1.31472
1.31617
1.31761
1.31906
1.3205
1.32195
1.32339
1.32484
1.32628
1.32773
1.32917
1.33062
1.33206
1.33351
1.33495
1.3364
1.33784
1.33929
1.34073
1.34218
1.33795
1.33355
1.32937
1.32508
1.32102
1.31728
1.31357
1.31034
1.30722
1.30456
1.30231
1.30012
1.29853
1.29711
1.29602
1.29563
1.2952
1.29588
1.29742
1.29927
1.30085
1.30262
1.30435
1.30581
1.30729
1.30916
1.31131
1.31345
1.31558
1.31789
1.32017
1.32226
1.32438
1.32664
1.32889
1.3311
1.33297
1.3349
1.33711
1.33921
1.34118
1.34321
1.34526
1.3471
1.34863
1.34981
1.35081
1.35146
1.35175
1.35194
1.35162
1.35101
1.35034
1.34952
1.34844
1.34734
1.34613
1.34498
1.34389
1.34277
1.34168
1.34073
1.33988
1.33906
1.33834
1.33773
1.33722
1.33679
1.33647
1.33618
1.33601
1.33601
1.33616
1.33641
1.33669
1.33702
1.33739
1.33783
1.33828
1.33882
1.33937
1.34
1.34062
1.3413
1.34197
1.34266
1.34333
1.34397
1.34459
1.3452
1.34579
1.34637
1.3469
1.34736
1.34778
1.34811
1.34845
1.34878
1.34906
1.3493
1.3495
1.34967
1.34981
1.34987
1.3499
1.34977
1.34956
1.34927
1.34898
1.34866
1.34832
1.34793
1.34754
1.34718
1.34678
1.34641
1.34606
1.34573
1.34538
1.34505
1.34478
1.34452
1.34426
1.34409
1.34391
1.3438
1.34369
1.3438
1.34389
1.34407
1.34425
1.34452
1.3448
1.34508
1.34536
1.34567
1.34597
1.34632
1.34661
1.34686
1.34712
1.34738
1.3476
1.34783
1.34805
1.34822
1.34834
1.34839
1.34843
1.34846
1.34848
1.34851
1.34824
1.34793
1.34764
1.3473
1.34693
1.34657
1.34619
1.34582
1.34545
1.34508
1.34473
1.3444
1.34409
1.34378
1.3435
1.34326
1.34334
1.34342
1.34353
1.34371
1.34394
1.34415
1.34436
1.34456
1.34476
1.34499
1.34524
1.3455
1.34577
1.34603
1.34628
1.34654
1.34679
1.34701
1.34716
1.34731
1.34746
1.34752
1.34752
1.34738
1.34705
1.34668
1.34631
1.34581
1.34532
1.34485
1.34436
1.34387
1.34334
1.34286
1.34245
1.3421
1.34181
1.34178
1.34177
1.34175
1.34179
1.34191
1.34202
1.34211
1.34236
1.34265
1.34296
1.34328
1.3436
1.34394
1.34429
1.34465
1.34493
1.34519
1.34544
1.34564
1.34582
1.34601
1.34603
1.34604
1.34603
1.34602
1.3456
1.34508
1.34452
1.34396
1.34354
1.34312
1.34272
1.34224
1.34173
1.34118
1.34063
1.34016
1.33969
1.33925
1.33888
1.33856
1.33861
1.33887
1.33918
1.33949
1.33985
1.34026
1.34073
1.34118
1.34164
1.34207
1.3425
1.34292
1.34332
1.3437
1.34405
1.34438
1.3447
1.34496
1.34521
1.34517
1.34503
1.34455
1.34392
1.3432
1.34249
1.3418
1.34097
1.34011
1.33922
1.33834
1.33753
1.33673
1.33594
1.3352
1.33449
1.3342
1.33419
1.33424
1.33453
1.33491
1.33537
1.33581
1.33638
1.33693
1.33752
1.33813
1.33876
1.33942
1.34005
1.34065
1.34123
1.34175
1.34222
1.34266
1.34303
1.34338
1.34356
1.34362
1.34372
1.34367
1.34292
1.34217
1.34127
1.34022
1.33916
1.33803
1.33685
1.33566
1.33448
1.33329
1.33212
1.33103
1.33
1.32908
1.32818
1.32743
1.32673
1.32666
1.32662
1.32677
1.32711
1.32746
1.3279
1.32845
1.32904
1.32971
1.33047
1.33122
1.33198
1.33276
1.33355
1.33437
1.33518
1.33598
1.33677
1.33752
1.33822
1.33884
1.33941
1.33987
1.3403
1.3406
1.34081
1.34086
1.34078
1.33993
1.33901
1.33793
1.33673
1.33534
1.33394
1.33245
1.33097
1.32945
1.3279
1.32643
1.32499
1.32357
1.32216
1.32076
1.31948
1.31829
1.31718
1.31629
1.31558
1.31559
1.31596
1.31646
1.31706
1.31781
1.31868
1.31963
1.32065
1.32175
1.32291
1.32408
1.32529
1.32653
1.32778
1.32899
1.33018
1.33133
1.33245
1.33353
1.33453
1.33544
1.33624
1.33695
1.33758
1.33806
1.33846
1.33862
1.33846
1.33748
1.33612
1.33464
1.33302
1.33129
1.32951
1.32762
1.3257
1.32378
1.32185
1.31993
1.31806
1.31623
1.31444
1.31325
1.31217
1.31136
1.31073
1.31047
1.31035
1.31097
1.31183
1.3129
1.3141
1.31536
1.31677
1.31825
1.31977
1.32133
1.32292
1.32457
1.32624
1.32791
1.32956
1.33116
1.33269
1.33411
1.33548
1.33674
1.33791
1.33898
1.33974
1.34023
1.34039
1.33959
1.33861
1.3373
1.33576
1.33413
1.33233
1.33043
1.32849
1.32646
1.32437
1.32225
1.3201
1.31794
1.31582
1.31378
1.3118
1.30988
1.3081
1.30641
1.30489
1.30353
1.30231
1.30129
1.30086
1.30149
1.30247
1.30364
1.30521
1.30692
1.30872
1.31061
1.31258
1.31468
1.31681
1.31893
1.32101
1.32309
1.32514
1.32716
1.32915
1.33087
1.33245
1.33388
1.33501
1.33596
1.33655
1.33687
1.33631
1.33525
1.3339
1.3323
1.3305
1.32852
1.32641
1.32404
1.3215
1.3189
1.31623
1.31349
1.31078
1.30809
1.30536
1.30272
1.30013
1.29756
1.29536
1.29337
1.29157
1.28989
1.28832
1.2869
1.28556
1.28433
1.28321
1.28213
1.28125
1.28049
1.27972
1.27923
1.27886
1.279
1.27904
1.27933
1.27976
1.2796
1.28024
1.28089
1.28177
1.28267
1.28372
1.28482
1.28599
1.28715
1.28832
1.28947
1.2906
1.29175
1.29296
1.29419
1.29553
1.29695
1.29849
1.3002
1.30212
1.30419
1.30645
1.30896
1.31194
1.31497
1.31802
1.32098
1.32419
1.3274
1.33042
1.33334
1.33626
1.33913
1.34191
1.34453
1.34693
1.34918
1.35125
1.35312
1.35481
1.35641
1.35792
1.35943
1.36084
1.36203
1.36302
1.36388
1.36457
1.36512
1.36549
1.36575
1.36589
1.36593
1.36583
1.36564
1.36542
1.36505
1.36459
1.36398
1.36313
1.36223
1.36122
1.36012
1.35892
1.35763
1.35627
1.35478
1.35339
1.35199
1.35062
1.34929
1.34797
1.34675
1.3456
1.34454
1.34354
1.34265
1.34187
1.34122
1.34066
1.3402
1.33987
1.33962
1.3397
1.33997
1.34034
1.34077
1.34128
1.34185
1.34249
1.34315
1.34388
1.34466
1.34551
1.34638
1.34731
1.34827
1.34925
1.35022
1.35121
1.35217
1.3531
1.35404
1.35495
1.35584
1.35671
1.35753
1.35828
1.35903
1.35971
1.36032
1.36091
1.3614
1.36189
1.36225
1.36261
1.36291
1.36313
1.3633
1.3633
1.36321
1.36278
1.3623
1.36171
1.36108
1.36039
1.35967
1.35894
1.35815
1.35732
1.35648
1.35565
1.35482
1.354
1.35318
1.35237
1.35156
1.35076
1.35001
1.34932
1.34864
1.348
1.34738
1.34685
1.34635
1.34593
1.3456
1.34536
1.34537
1.34553
1.34569
1.34596
1.34627
1.34664
1.34707
1.3475
1.34795
1.34846
1.34899
1.34952
1.35005
1.35064
1.35122
1.35182
1.35242
1.35301
1.35357
1.35412
1.35466
1.35515
1.35562
1.35609
1.35654
1.35692
1.35729
1.35764
1.35797
1.35823
1.35848
1.35866
1.35878
1.35889
1.35893
1.35884
1.35868
1.35837
1.35793
1.35743
1.35693
1.35641
1.35583
1.35522
1.35463
1.35405
1.35345
1.35285
1.35225
1.35164
1.35105
1.35049
1.34995
1.34942
1.349
1.34859
1.34819
1.34785
1.34756
1.34747
1.34753
1.34765
1.34779
1.34799
1.34822
1.34851
1.34879
1.3491
1.34945
1.3498
1.35019
1.35057
1.35094
1.35133
1.35173
1.35212
1.35256
1.35298
1.35342
1.35379
1.35416
1.35452
1.35487
1.35521
1.3555
1.35578
1.35605
1.35628
1.35649
1.35669
1.35688
1.35703
1.35713
1.35719
1.35725
1.35725
1.35721
1.3571
1.35699
1.35682
1.35634
1.35585
1.35534
1.35483
1.35434
1.3538
1.35318
1.35256
1.35195
1.35137
1.3508
1.35022
1.34966
1.34907
1.34867
1.34813
1.34761
1.3471
1.34662
1.34651
1.34614
1.34584
1.34599
1.34614
1.34639
1.34662
1.34687
1.34721
1.34756
1.34793
1.34831
1.34874
1.34918
1.34964
1.35009
1.35054
1.35103
1.35151
1.35199
1.35249
1.35301
1.35353
1.35404
1.35455
1.35497
1.35538
1.35577
1.35615
1.35651
1.35678
1.35706
1.35731
1.35748
1.35765
1.35778
1.35784
1.35789
1.35789
1.35786
1.35774
1.35756
1.35731
1.35667
1.35599
1.35535
1.35474
1.3541
1.35341
1.35267
1.3519
1.35117
1.35047
1.34979
1.34917
1.34845
1.34777
1.34716
1.347
1.34695
1.3469
1.34695
1.34701
1.34715
1.34731
1.34752
1.34777
1.34803
1.34831
1.34866
1.349
1.34935
1.3497
1.35005
1.3504
1.35075
1.35111
1.35145
1.35179
1.35213
1.35244
1.35272
1.35295
1.35317
1.35322
1.35327
1.35332
1.35334
1.35346
1.35343
1.35338
1.35331
1.35322
1.3531
1.35311
1.35314
1.35313
1.35311
1.35308
1.35311
1.3531
1.35312
1.35318
1.35322
1.35327
1.35332
1.35335
1.35336
1.35335
1.35334
1.35332
1.35328
1.35324
1.3532
1.35311
1.35301
1.3529
1.35278
1.35264
1.35283
1.35325
1.35365
1.35403
1.35437
1.35469
1.35497
1.35522
1.35547
1.35565
1.35582
1.35599
1.35615
1.35629
1.3564
1.35647
1.35656
1.35662
1.35649
1.35635
1.3564
1.35625
1.35603
1.35579
1.3555
1.35524
1.35493
1.35456
1.35418
1.35376
1.35337
1.35298
1.35258
1.35216
1.35177
1.35137
1.351
1.35065
1.35032
1.35005
1.34981
1.34958
1.34934
1.3492
1.34929
1.3494
1.34952
1.34972
1.35002
1.35037
1.35072
1.35108
1.35144
1.35181
1.35219
1.35256
1.35297
1.35338
1.35377
1.35417
1.35454
1.35493
1.3553
1.35568
1.35604
1.35638
1.35672
1.357
1.35726
1.35751
1.35769
1.35789
1.35808
1.35814
1.35815
1.35796
1.35777
1.35744
1.35709
1.35674
1.35636
1.35595
1.35554
1.3551
1.35463
1.35415
1.35368
1.35321
1.35276
1.3523
1.35185
1.35141
1.35097
1.3506
1.35028
1.34999
1.34973
1.34948
1.34923
1.34913
1.34929
1.34948
1.34966
1.34987
1.35018
1.35048
1.35081
1.35114
1.3515
1.35189
1.3523
1.35271
1.35312
1.35356
1.354
1.35442
1.35482
1.35522
1.35559
1.35594
1.35625
1.35655
1.35684
1.3571
1.35737
1.35757
1.35773
1.35781
1.35788
1.35795
1.35794
1.35772
1.35736
1.357
1.35665
1.35628
1.35589
1.35546
1.35496
1.35447
1.35398
1.35349
1.35301
1.35253
1.35205
1.35158
1.35111
1.35073
1.35039
1.35007
1.34978
1.34952
1.34926
1.34907
1.34914
1.34928
1.34943
1.34963
1.34992
1.35023
1.35054
1.35085
1.35119
1.35158
1.35199
1.35241
1.35282
1.35323
1.35364
1.35404
1.35444
1.35482
1.3552
1.35557
1.35593
1.35627
1.35658
1.35686
1.35715
1.3574
1.35759
1.35778
1.35789
1.35802
1.35809
1.35809
1.35804
1.3577
1.35738
1.35707
1.35672
1.35632
1.35585
1.35534
1.35483
1.35433
1.35382
1.35333
1.35284
1.35235
1.35186
1.35138
1.35092
1.35049
1.35014
