0
0
-0.000150111
-0.000232495
-0.000109624
-0.000109624
9.35394e-05
9.35394e-05
9.35394e-05
0.000729398
0.00142281
0.00220992
0.0031064
0.0031064
0.00419846
0.00538808
0.00670323
0.00670323
0.00670323
0.00823921
0.00986172
0.0115397
0.0132492
0.0150092
0.0168588
0.0187714
0.0207162
0.022694
0.024708
0.0267804
0.0288868
0.0310224
0.0331767
0.0353601
0.0375926
0.0398738
0.0421952
0.0445404
0.0469149
0.0493512
0.0517878
0.0542319
0.0566904
0.0591626
0.0616556
0.0641896
0.0667154
0.0692551
0.0718219
0.0743938
0.0769562
0.0795333
0.0821417
0.0847509
0.0873498
0.0899953
0.0926416
0.0952706
0.097886
0.100493
0.103127
0.105787
0.108432
0.111052
0.11369
0.116364
0.11903
0.121678
0.124344
0.127023
0.129685
0.132363
0.135045
0.137728
0.140429
0.143115
0.145784
0.148463
0.151136
0.153793
0.15649
0.15919
0.161851
0.161851
0.164508
0.167186
0.169839
0.172481
0.17514
0.17781
0.180465
0.183089
0.185758
0.188439
0.191093
0.193716
0.196371
0.199036
0.201675
0.204294
0.206957
0.209626
0.212231
0.214844
0.217487
0.220115
0.222716
0.225319
0.227907
0.230506
0.233129
0.235739
0.238309
0.24089
0.24348
0.246053
0.24861
0.251163
0.253713
0.25625
0.25877
0.261299
0.263861
0.266418
0.268902
0.271386
0.273903
0.27641
0.278893
0.281349
0.283817
0.286272
0.288718
0.291185
0.293645
0.296066
0.298489
0.300917
0.303313
0.305701
0.308089
0.310466
0.312819
0.315164
0.317514
0.319861
0.32218
0.324466
0.326745
0.329008
0.331273
0.333555
0.335804
0.337994
0.340171
0.342377
0.344559
0.346697
0.348831
0.350961
0.353082
0.355163
0.357235
0.359292
0.36133
0.363356
0.365381
0.367376
0.369335
0.371277
0.373209
0.37512
0.377024
0.378889
0.380721
0.382555
0.384363
0.386117
0.387867
0.38961
0.391313
0.392992
0.394648
0.39627
0.397865
0.399413
0.400952
0.402458
0.403909
0.405322
0.406715
0.408084
0.409415
0.410714
0.411985
0.413198
0.414381
0.414381
0.415498
0.41657
0.417605
0.418601
0.418601
0.419498
0.42035
0.421179
0.421933
0.422629
0.423309
0.423908
0.423908
0.42444
0.424906
0.424906
0.425283
0.42558
0.42558
0.42577
0.42577
0.425838
0.425872
0.425788
0.425682
0.425536
0.425331
0.425331
0.424979
0.42456
0.424105
0.423606
0.423606
0.422923
0.422923
0.422089
0.421173
0.420183
0.419143
0.418014
0.418014
0.416747
0.415416
0.413987
0.41249
0.410914
0.409257
0.407524
0.405737
0.405737
0.405737
0.405737
0.405737
0.405737
0.40366
0.40366
0.401474
0.399254
0.396987
0.394655
0.392296
0.392296
0.392296
0.389832
0.387341
0.384824
0.384824
0.382282
0.379726
0.37716
0.37716
0.374562
0.371953
0.369328
0.366689
0.364038
0.36138
0.358715
0.358715
0.356044
0.353368
0.353368
0.353368
0.353368
0.353368
0.350681
0.347991
0.347991
0.347991
0.345309
0.342628
0.33995
0.33995
0.33995
0.33995
0.337295
0.334644
0.334644
0.334644
0.331999
0.329361
0.329361
0.326731
0.326731
0.326731
0.324135
0.324135
0.324135
0.321556
0.321556
0.318989
0.318989
0.318989
0.316449
0.313919
0.313919
0.313919
0.311408
0.311408
0.311408
0.311408
0.308918
0.306433
0.306433
0.303966
0.303966
0.303966
0.301535
0.29912
0.296721
0.296721
0.296721
0.294384
0.292068
0.289771
0.289771
0.287512
0.287512
0.28527
0.283037
0.283037
0.280831
0.278631
0.278631
0.276438
0.274246
0.272048
0.26985
0.267658
0.265477
0.265477
0.263308
0.263308
0.261179
0.261179
0.259071
0.256976
0.256976
0.254897
0.254897
0.254897
0.254897
0.254897
0.254897
0.254897
0.252841
0.252841
0.252841
0.25079
0.248741
0.246684
0.244629
0.242569
0.242569
0.240512
0.238458
0.236408
0.234362
0.234362
0.232329
0.230303
0.228279
0.228279
0.226277
0.226277
0.224308
0.222363
0.220432
0.21855
0.216687
0.214852
0.214852
0.213086
0.211362
0.209709
0.209709
0.208138
0.206645
0.205191
0.205191
0.205191
0.203917
0.202722
0.201586
0.201586
0.200599
0.199665
0.19878
0.197959
0.197155
0.196405
0.196405
0.195714
0.195054
0.194441
0.193881
0.193364
0.192891
0.192472
0.192065
0.191678
0.191329
0.190994
0.190994
0.190994
0.190994
0.190994
0.190811
0.190652
0.190506
0.190506
0.190378
0.190257
0.190257
0.190172
0.190124
0.190086
0.190062
0.190043
0.190049
0.19005
0.190067
0.190067
0.190094
0.190094
0.190109
0.190107
0.190113
0.190132
0.190181
0.190248
0.190322
0.190322
0.190322
0.190375
0.190375
0.190375
0.190456
0.190552
0.19064
0.19064
0.19064
0.19064
0.19064
0.190712
0.190801
0.190903
0.191001
0.191097
0.191199
0.191199
0.191199
0.191319
0.191438
0.191557
0.191557
0.191557
0.191656
0.191758
0.191857
0.191857
0.191951
0.192048
0.192159
0.192282
0.192404
0.19251
0.192615
0.192721
0.192827
0.192827
0.192935
0.193032
0.193135
0.193135
0.193135
0.193247
0.193363
0.193484
0.193602
0.193716
0.193811
0.193811
0.193811
0.193911
0.194022
0.194022
0.194132
0.194243
0.194354
0.194354
0.194458
0.19455
0.19455
0.194637
0.194728
0.194825
0.194926
0.194926
0.195014
0.195098
0.19518
0.195261
0.195346
0.195433
0.19552
0.1956
0.1956
0.195674
0.195674
0.195751
0.195826
0.195899
0.195963
0.196027
0.196027
0.196099
0.196171
0.196171
0.196236
0.196308
0.196373
0.196438
0.196501
0.196562
0.196615
0.196668
0.196719
0.196766
0.196818
0.196866
0.196866
0.196909
0.196909
0.196917
0.196917
0.196917
0.196917
0.196917
0.196953
0.196953
0.196967
0.196967
0.196967
0.196967
0.196967
0.196967
0.196967
0.196967
0.196967
0.196967
0.196967
0.196967
0.196967
0.196967
0.196967
0.196967
0.196967
0.196967
0.196967
0.196967
0.196967
0.196967
0.196967
0.196967
0.196967
0.196967
0.196967
0.196967
0.196967
0.196967
0.196967
0.196967
0.196967
0.196967
0.196967
0.196967
0.196967
0.196967
0.196967
0.196967
0.196861
0.196761
0.196664
0.196557
0.196449
0.196341
0.196341
0.196341
0.196341
0.196214
0.196214
0.196214
0.196109
0.196019
0.196019
0.19592
0.195815
0.195713
0.195612
0.195612
0.195612
0.195524
0.195433
0.195344
0.19525
0.195153
0.195153
0.195061
0.195061
0.194967
0.194866
0.194762
0.194663
0.194564
0.194469
0.194469
0.194469
0.194386
0.194302
0.194302
0.194215
0.194131
0.194066
0.19401
0.193958
0.193912
0.193866
0.193866
0.193807
0.193745
0.193684
0.193626
0.193574
0.193574
0.193523
0.193523
0.193463
0.193404
0.193345
0.193279
0.193279
0.193218
0.193218
0.193159
0.193091
0.193015
0.193015
0.192943
0.192877
0.192815
0.192753
0.192692
0.192621
0.19255
0.19255
0.192482
0.192482
0.192482
0.192482
0.192482
0.192482
0.192407
0.192407
0.192349
0.192292
0.192292
0.192222
0.192151
0.192151
0.192078
0.192003
0.192003
0.192003
0.191942
0.191886
0.191886
0.191886
0.191886
0.191826
0.191826
0.191768
0.191707
0.19164
0.191566
0.191566
0.191566
0.191566
0.191566
0.191499
0.191432
0.191432
0.191364
0.191303
0.191303
0.191249
0.191249
0.191249
0.191249
0.191249
0.191193
0.19112
0.191033
0.190938
0.190938
0.190866
0.190798
0.190723
0.190639
0.190639
0.190639
0.190548
0.190548
0.190469
0.190389
0.190389
0.190389
0.190389
0.190389
0.190317
0.190317
0.190243
0.190243
0.190167
0.190098
0.190098
0.190029
0.190029
0.18996
0.18996
0.18996
0.189891
0.189822
0.189756
0.18969
0.189615
0.189538
0.189538
0.189538
0.189538
0.189415
0.189415
0.189415
0.189314
0.189225
0.189225
0.189225
0.18911
0.188991
0.188888
0.188799
0.188716
0.188716
0.188625
0.188519
0.188519
0.188406
0.188302
0.188191
0.188191
0.188103
0.188023
0.18794
0.187848
0.187747
0.187655
0.187655
0.187577
0.187577
0.187577
0.187479
0.187394
0.187325
0.187256
0.187181
0.187111
0.187034
0.187034
0.186954
0.186871
0.186781
0.186687
0.186687
0.186687
0.186605
0.186605
0.186605
0.186605
0.186527
0.186463
0.186463
0.186409
0.186356
0.186289
0.186205
0.186121
0.186121
0.186039
0.18598
0.185934
0.185892
0.185836
0.185746
0.185668
0.185668
0.185668
0.185619
0.185619
0.185556
0.185494
0.185494
0.185443
0.185402
0.185402
0.185402
0.185328
0.185328
0.185263
0.185214
0.185214
0.185153
0.185153
0.185049
0.184942
0.18484
0.18484
0.18484
0.184764
0.184764
0.184764
0.184637
0.184506
0.184506
0.184506
0.184506
0.18441
0.18431
0.184197
0.184081
0.183967
0.183867
0.183782
0.183704
0.183625
0.18354
0.18354
0.18354
0.183445
0.183353
0.183271
0.183271
0.183207
0.183149
0.183149
0.183149
0.18309
0.18309
0.183042
0.183042
0.183015
0.182991
0.182953
0.182912
0.182862
0.182807
0.182752
0.182752
0.182752
0.182706
0.182663
0.182604
0.182527
0.18244
0.182354
0.182285
0.182285
0.182245
0.182197
0.182136
0.182136
0.182059
0.181989
0.181921
0.181858
0.181795
0.181732
0.181671
0.181671
0.181613
0.18156
0.181508
0.181458
0.181458
0.181406
0.18135
0.181296
0.181252
0.181218
0.181218
0.181218
0.181176
0.181137
0.181137
0.181137
0.181137
0.181137
0.181137
0.181095
0.181076
0.181074
0.181085
0.181082
0.181053
0.181015
0.180981
0.180966
0.180961
0.180963
0.180963
0.180963
0.180936
0.180936
0.180883
0.180883
0.180867
0.180865
0.180863
0.18084
0.18084
0.18084
0.18084
0.18084
0.180816
0.180794
0.180771
0.180749
0.180749
0.180734
0.180734
0.180728
0.180728
0.180728
0.180709
0.180709
0.18068
0.18068
0.180667
0.180655
0.180638
0.180638
0.180609
0.18058
0.18058
0.18058
0.180559
0.180546
0.180546
0.180528
0.180528
0.180513
0.1805
0.180487
0.18047
0.180441
