79.79
80.9195
79.4598
79.3056
78.8608
76.6688
76.7062
75.3104
75.8906
74.8162
73.3558
73.9446
74.0068
72.6029
72.1929
70.8401
70.4956
70.5828
69.2495
69.3706
68.0421
67.7189
67.3727
67.0288
66.6766
66.332
66.4538
65.2715
64.5624
64.2475
63.5247
63.2171
62.5079
61.8076
61.9752
60.9073
60.244
60.3669
59.796
58.8093
58.5216
57.8721
57.5996
56.9847
56.8035
56.2327
55.357
55.4769
54.5024
54.7168
53.6091
53.0709
53.2245
52.7063
52.1498
52.0328
51.2754
50.8819
50.3776
49.9035
49.9777
49.2466
48.9072
47.9647
47.4726
47.6012
46.9532
46.2893
45.6873
45.8386
44.9096
44.3952
44.1229
43.9811
43.6048
43.2503
42.8743
42.5943
42.0858
41.6765
41.4161
40.8608
40.1934
39.9739
39.6379
39.308
39.0482
38.6422
38.2625
37.9666
37.4326
36.9987
36.5776
35.9436
35.9718
35.1746
35.0318
34.9772
34.2402
33.902
33.1104
33.0313
33.1385
32.2341
32.1109
31.5948
31.2587
31.1023
30.1941
30.4065
30.0351
29.7259
29.6835
28.9751
28.6144
28.3449
28.2108
27.6451
27.5118
27.2031
26.7585
26.2883
26.106
25.8123
25.3016
25.3181
24.6788
24.6588
24.2418
24.0711
23.5776
23.3219
22.9891
22.8092
22.1506
21.9772
21.6421
21.3825
20.9586
20.6256
20.4336
20.0646
19.889
19.5298
19.3863
19.0581
18.4366
18.3424
18.2788
17.8534
17.4282
17.1879
16.9217
16.6224
16.4574
16.0818
15.7044
15.4803
15.1582
14.8651
14.661
14.3007
14.0216
13.7939
13.5268
13.059
13.015
12.5883
12.519
12.0892
11.9327
11.5817
11.3117
11.0233
10.8564
10.611
10.1806
10.1415
9.86528
9.62534
9.21214
9.1371
8.76625
8.79058
8.3082
7.99099
7.85559
7.54666
7.18516
7.13054
6.77833
6.73084
6.58048
6.23278
6.15462
5.79387
5.65261
5.2768
5.08502
4.91996
4.59414
4.41414
4.11041
4.03862
3.80716
3.65302
3.45728
3.39504
3.2664
3.10717
2.94743
2.81361
2.70548
2.64757
2.63858
2.52098
2.35311
2.1148
2.25152
2.05837
2.10286
1.94431
1.91868
1.85378
1.78178
1.79115
1.63452
1.60433
1.43976
1.55966
1.64231
1.40094
1.45058
1.49517
1.52541
1.43079
1.39865
1.42064
1.38221
1.35339
1.36358
1.37011
1.361
1.33901
1.30927
1.27768
1.30138
1.35729
1.40445
1.26355
1.28507
1.25403
1.28494
1.24247
1.18067
1.22676
1.20257
1.14004
1.20765
1.20513
1.17164
1.18699
1.1188
1.13706
1.10819
1.04601
1.04019
1.0122
1.00995
1.06574
0.956369
1.01596
0.980756
0.932361
0.923388
0.872086
0.833503
0.883891
0.853856
0.846638
0.792395
0.791365
0.798954
0.809243
0.737152
0.836444
0.655856
0.63357
0.751075
0.718528
0.729948
0.602013
0.708873
0.599295
0.656637
0.586091
0.71747
0.626088
0.594021
0.588078
0.580077
0.61534
0.524914
0.528933
0.569011
0.52576
0.577413
0.574457
0.586174
0.483173
0.495014
0.417329
0.580134
0.580134
0.580134
0.48877
0.58876
0.507975
0.591844
0.641853
0.514749
0.653111
0.51698
0.64244
0.567788
0.539173
0.505265
0.591844
0.612243
0.504606
0.428415
0.591844
0.591844
0.630128
0.460831
0.701542
0.423193
0.550812
0.6097
0.621509
0.529921
0.615221
0.683274
0.606713
0.659321
0.554223
0.61047
0.523693
0.461586
0.55265
0.543688
0.612712
0.615694
0.62454
0.55463
0.711117
0.586029
0.464304
0.540595
0.671066
0.606657
0.426204
0.42691
0.525839
0.600546
0.6097
0.386055
0.63911
0.75497
0.686707
0.523693
0.440109
0.55265
0.505542
0.693061
0.621568
0.680595
0.656646
0.608413
0.552784
0.621568
0.506846
0.656902
0.676084
0.615779
0.611639
0.659809
0.656902
0.659809
0.441781
0.509745
0.646167
0.516956
0.46211
0.452394
0.645023
0.499376
0.588455
0.541055
0.532375
0.461406
0.452758
0.554717
0.615689
0.598066
0.432966
0.641297
0.573589
0.573626
0.435806
0.57316
0.570343
0.623357
0.639156
0.548836
0.618646
0.627469
0.647911
0.583487
0.441781
0.509745
0.647911
0.458115
0.5023
0.614311
0.43849
0.428602
0.54
0.614311
0.512696
0.624313
0.642409
0.465967
0.560244
0.686691
0.695931
0.526615
0.746325
0.493041
0.612201
0.751806
0.562295
0.744087
0.799675
0.771486
0.705589
0.815313
0.695681
0.624478
0.609338
0.75978
0.824997
0.698058
0.619954
0.748072
0.807754
0.899311
0.697565
0.565944
0.789648
0.667289
0.736452
0.491922
0.574634
0.6729
0.776199
0.741229
0.5964
0.652861
0.78712
0.726746
0.648839
0.696715
0.734259
0.753577
0.76055
0.61381
0.642846
0.523453
0.551357
0.715898
0.807617
0.51377
0.511031
0.511031
0.810542
0.674571
0.672311
0.701998
0.842577
0.601333
0.858651
