0
-0.00329998
-0.00659996
-0.00973116
-0.0121892
-0.0129814
-0.0136447
-0.0157165
-0.0188615
-0.0219441
-0.0241254
-0.0257203
-0.0274941
-0.0297633
-0.0322345
-0.0345517
-0.036439
-0.0380365
-0.0396416
-0.0414096
-0.0432564
-0.0448984
-0.0463734
-0.0476646
-0.0489329
-0.0502458
-0.0514714
-0.0525978
-0.0535986
-0.0545697
-0.0555537
-0.0565318
-0.0574424
-0.0583017
-0.0591584
-0.0599807
-0.0606893
-0.0606893
-0.0613877
-0.0620993
-0.062724
-0.0633417
-0.0639451
-0.0639451
-0.0645295
-0.0645295
-0.0651087
-0.0656767
-0.0662229
-0.0667754
-0.0672994
-0.0677773
-0.0682233
-0.0687136
-0.0692277
-0.0696437
-0.0696437
-0.0701208
-0.0706246
-0.0709059
-0.0711411
-0.0711411
-0.0716419
-0.0720101
-0.0723009
-0.0726087
-0.0729818
-0.0733302
-0.0736643
-0.0739452
-0.0741981
-0.0744713
-0.0747644
-0.0750118
-0.0751999
-0.0753179
-0.075505
-0.0757327
-0.075995
-0.0761871
-0.0763683
-0.0765313
-0.0767114
-0.0768701
-0.0769689
-0.0770991
-0.0772424
-0.0774204
-0.0775868
-0.0777318
-0.0778796
-0.0780341
-0.078143
-0.0782651
-0.0784388
-0.0786087
-0.0786907
-0.0787657
-0.0788539
-0.0789695
-0.0790984
-0.0792547
-0.0792547
-0.0792738
-0.0793235
-0.0793969
-0.0795121
-0.0795986
-0.0796567
-0.0796934
-0.0797779
-0.0799141
-0.0799942
-0.0799799
-0.0799864
-0.0800337
-0.0800804
-0.0801266
-0.0801481
-0.0801724
-0.0801724
-0.0801538
-0.0801538
-0.0801898
-0.0802147
-0.0802111
-0.0802111
-0.0802111
-0.080217
-0.0801944
-0.0801432
-0.0800635
-0.0799771
-0.0799074
-0.079896
-0.079896
-0.0798945
-0.0799031
-0.0799031
-0.07981
-0.0797197
-0.0796564
-0.0795964
-0.0795469
-0.0795139
-0.0794183
-0.0792832
-0.0792832
-0.0792417
-0.0792001
-0.0791443
-0.0789973
-0.0788186
-0.078692
-0.0786452
-0.0786452
-0.0785765
-0.0784974
-0.0783935
-0.0782679
-0.0782679
-0.0782679
-0.0781768
-0.0780853
-0.0779933
-0.07787
-0.07787
-0.0777699
-0.0776523
-0.0775517
-0.0775274
-0.0774927
-0.0774092
-0.0772907
-0.0772029
-0.0771326
-0.0770794
-0.0769982
-0.0768338
-0.0768338
-0.076721
-0.076721
-0.0766082
-0.0764954
-0.0763892
-0.0762798
-0.0762798
-0.0761289
-0.0760262
-0.0760262
-0.0760262
-0.0759028
-0.075821
-0.0757217
-0.0757217
-0.0757217
-0.0755915
-0.0755164
-0.0753999
-0.0753999
-0.0753999
-0.0753999
-0.0752907
-0.0751538
-0.0749867
-0.0749867
-0.0747577
-0.0745773
-0.0745773
-0.0745773
-0.0743355
-0.0741452
-0.0740026
-0.0738292
-0.0736433
-0.0734124
-0.0734124
-0.0732441
-0.0730957
-0.0729206
-0.0726707
-0.0724077
-0.0722503
-0.0721339
-0.071987
-0.0717686
-0.0715199
-0.0713223
-0.0711648
-0.0710114
-0.0708613
-0.0706878
-0.0705247
-0.0703454
-0.0701765
-0.0700006
-0.0698482
-0.06969
-0.0695217
-0.0693203
-0.0691595
-0.0690461
-0.0689129
-0.0687526
-0.0685625
-0.0683796
-0.0682101
-0.0680848
-0.0678967
-0.0677079
-0.0675853
-0.0674997
-0.0673417
-0.0670806
-0.066828
-0.0666174
-0.0664774
-0.0663151
-0.0661491
-0.0659396
-0.0657155
-0.0654942
-0.0652333
-0.0650162
-0.0648235
-0.0647962
-0.0649032
-0.0650076
-0.0650076
-0.0651994
-0.0654403
-0.0654403
-0.0654403
-0.0656703
-0.0656703
-0.06576
-0.0658117
-0.065793
-0.065793
-0.0656367
-0.0654373
-0.0651505
-0.0651505
-0.0648114
-0.0648114
-0.064436
-0.0640513
-0.063676
-0.0633168
-0.0629859
-0.0626993
-0.0624356
-0.0622298
-0.0620414
-0.0620414
-0.0620414
-0.0619256
-0.0619256
-0.0618501
-0.0617747
-0.0617747
-0.0616924
-0.06159
-0.06159
-0.0614767
-0.0614767
-0.061331
-0.061331
-0.061331
-0.0611339
-0.0611339
-0.0609152
-0.0606869
-0.0606869
-0.0604463
-0.060211
-0.0599892
-0.0599892
-0.0597768
-0.0595683
-0.0593599
-0.0593599
-0.0591758
-0.0590106
-0.0588507
-0.0586908
-0.0585363
-0.0583819
-0.0583819
-0.0582327
-0.0582327
-0.0580863
-0.0579304
-0.0577677
-0.0575956
-0.0574139
-0.0572323
-0.0570384
-0.0568351
-0.0566223
-0.0566223
-0.0564094
-0.0564094
-0.0562101
-0.0560243
-0.0558453
-0.0558453
-0.0556947
-0.0555605
-0.055452
-0.0553367
-0.0552159
-0.0550992
-0.0549852
-0.0548576
-0.0548576
-0.0548576
-0.0548576
-0.0546865
-0.0544964
-0.0544964
-0.0542763
-0.0540427
-0.0538063
-0.0535726
-0.0535726
-0.0533457
-0.0533457
-0.0533457
-0.0531704
-0.0530087
-0.0528646
-0.0527423
-0.0526281
-0.0526281
-0.0525166
-0.0525166
-0.0525166
-0.0524023
-0.0524023
-0.0522555
-0.0521058
-0.0519331
-0.0517481
-0.0515603
-0.0513522
-0.051144
-0.0509386
-0.0507331
-0.0505399
-0.0503657
-0.0503657
-0.0502174
-0.0500881
-0.0500881
-0.0499969
-0.0499179
-0.0498363
-0.0497505
-0.0496648
-0.0495736
-0.0494755
-0.0493775
-0.0493775
-0.0492468
-0.0491025
-0.0489445
-0.0487811
-0.0486041
-0.0484134
-0.0482228
-0.0482228
-0.0480321
-0.047851
-0.0476793
-0.0475213
-0.0473714
-0.0472215
-0.0472215
-0.0472215
-0.0472215
-0.0472215
-0.0470852
-0.0469557
-0.046833
-0.0467021
-0.0467021
-0.0467021
-0.0465684
-0.046428
-0.046428
-0.046267
-0.0461061
-0.0459452
-0.0457815
-0.0456178
-0.0454513
-0.0454513
-0.0452903
-0.0451294
-0.0451294
-0.044982
-0.0448415
-0.0447078
-0.044574
-0.044574
-0.0444403
-0.0443065
-0.0441728
-0.0441728
-0.0440499
-0.0440499
-0.0439339
-0.0438179
-0.0438179
-0.0437251
-0.0436267
-0.0435339
-0.043441
-0.0433523
-0.0432553
-0.0431624
-0.0430422
-0.0429425
-0.0429425
-0.0428304
-0.0427129
-0.0427129
-0.0427129
-0.0427129
-0.042568
-0.0424232
-0.0424232
-0.0422715
-0.0421225
-0.0419804
-0.041841
-0.041707
-0.0415759
-0.041461
-0.0413517
-0.0412424
-0.0411331
-0.0410169
-0.0410169
-0.0408994
-0.0407914
-0.0407914
-0.0406807
-0.0405713
-0.0404661
-0.0403704
-0.0402638
-0.0401749
-0.040086
-0.0400108
-0.0399233
-0.0398358
-0.0398358
-0.0398358
-0.0397564
-0.039677
-0.0395785
-0.0395785
-0.0394745
-0.0394745
-0.0393513
-0.0392281
-0.0390912
-0.0389543
-0.038816
-0.0386846
-0.038545
-0.038545
-0.0384081
-0.0382603
-0.038118
-0.0379757
-0.0378333
-0.0376978
-0.0375623
-0.03742
