-0.0272666
-0.0251454
0.000746506
0.00656092
-0.0201715
-0.0372217
-0.0682917
-0.0131657
-0.00879542
-0.022179
0.00587269
-0.0540281
0.0184883
-0.0163228
-0.0206269
-0.022789
-0.0240518
-0.0182892
-0.0184444
-0.0172832
0.0131256
0.0113881
-0.0197519
-0.0446367
-0.0204202
-0.0170247
-0.0174472
-0.0175597
0.0115453
-0.0182847
-0.0115095
-0.04685
-0.0142718
-0.0154213
0.0134564
-0.0173835
0.0104971
-0.0166519
-0.0195049
-0.0166249
-0.0166251
-0.0134433
-0.0158946
0.0145541
-0.0422437
0.00955273
-0.0185322
-0.0390832
0.013349
-0.0148868
-0.0118486
-0.0153471
-0.0118486
0.0124315
-0.017752
-0.0161952
-0.0120803
-0.0115036
-0.0132062
-0.0139967
-0.0132528
0.0110823
-0.0363848
-0.0122114
-0.0111087
-0.00943746
-0.0135677
-0.0122489
-0.0358915
-0.0115135
-0.0115136
-0.00871432
-0.00871447
-0.00936813
-0.00862209
0.0144441
-0.0332329
0.00969045
-0.00859982
0.0129775
0.0164899
-0.0106895
-0.00919506
0.010366
-0.0291237
-0.00757154
-0.00757171
0.0133944
-0.0089289
-0.00867161
-0.00568848
-0.00582221
-0.00652227
-0.00881615
-0.00978468
-0.022798
-0.00574353
-0.00681643
-0.026509
-0.0230791
-0.00765839
-0.00330517
-0.00327144
-0.00327139
-0.00113696
-0.00571081
-0.00117142
0.0138895
-0.00491809
-0.00572821
-0.00301315
-0.00276733
-0.00145199
0.000728216
-0.0167638
0.016676
-0.00118737
-0.00378273
-0.000317227
-0.00117749
-0.000855702
0.0115391
-0.0137679
-0.000385147
-0.0165255
-0.00256012
0.00394649
-0.00176968
0.00108298
-0.00151039
-0.0110914
0.00109848
0.0170481
-0.0076789
0.0179251
-0.0131005
0.000241913
0.00570881
0.00089265
0.00269516
0.0156665
0.00148218
-0.0106399
0.00149245
0.00385643
-0.00519419
0.00465886
-0.00775911
0.00274775
-0.00539043
0.00564148
0.00584072
0.00965813
0.00585331
0.00585323
0.00489664
-0.00122326
0.00759477
0.0070492
-0.000402127
-0.00251905
0.0082956
-0.00229238
0.000325823
-0.00233261
0.00907212
0.0155176
0.00908114
0.00908107
0.00539213
0.00339412
0.0107524
0.00904637
0.013359
0.0103156
0.0179008
0.00644619
0.0132208
0.0200085
0.00859017
0.0123705
0.0123704
0.0154227
0.0148616
0.019067
0.00864372
0.0210561
0.0144422
0.0174991
0.0155012
0.0123909
0.0168831
0.0157128
0.0192285
0.0148963
0.0157137
0.0160322
0.0223843
0.0148569
0.0179228
0.0169912
0.0226653
0.0186284
0.0223953
0.0162494
0.023189
0.0190965
0.0237675
0.0190925
0.0238549
0.0219955
0.0203866
0.0212955
0.0203804
0.0213152
0.0212001
0.0195521
0.0234112
0.0231604
0.0276938
0.0238934
0.0221593
0.0245653
0.0230263
0.0275469
0.0250999
0.0270367
0.0255886
0.0257931
0.0283434
0.0266959
0.0282775
0.0278863
0.0262698
0.0314985
0.0280565
0.0310759
0.0280931
0.0322498
0.0283257
0.0321556
0.033092
0.0295528
0.0297566
0.0305594
0.034275
0.0282404
0.0347933
0.031854
0.0329762
0.0315614
0.0299481
0.0296911
0.0319329
0.0369435
0.0331166
0.0377067
0.0314008
0.0369286
0.034816
0.0384185
0.0343495
0.0415537
0.0328848
0.0285139
0.0351415
0.0426172
0.0359567
0.0433469
0.03561
0.0452993
0.0376697
0.0321154
0.0457825
0.0350083
0.0431273
0.0390175
0.0453349
0.0375296
0.036531
0.040153
0.0325289
0.0414653
0.0494874
0.0378053
0.0439159
0.0340866
0.0414574
0.0515352
0.0450912
0.0418139
0.0445892
0.0376354
0.0452807
0.0429695
0.0392621
0.0527993
0.0548135
0.0564171
0.0381815
0.0567103
0.0490231
0.0382762
0.0393402
0.0469247
0.0481284
0.0468665
0.0402894
0.0605854
0.0523193
0.0593339
0.0489306
0.0395991
0.042851
0.0485825
0.0529016
0.0528333
0.0402547
0.051987
0.0511078
0.0619601
0.0514786
0.04965
0.0635902
0.0521038
0.0639115
0.064993
0.0496931
0.0550523
0.0441371
0.0663657
0.0441144
0.0667952
0.0541483
0.0663974
0.0537353
0.0570765
0.0542266
0.068029
0.0604504
0.0589234
0.0554883
0.058836
0.0460791
0.0460436
0.0555881
0.0563577
0.0714192
0.0565299
0.0599019
0.0568296
0.062465
0.0583159
0.0616957
0.0591602
0.0720683
0.074513
0.0487997
0.0634341
0.0477081
0.0485413
0.0618345
0.0584065
0.0751415
0.0600161
0.0482954
0.0489407
0.0615633
0.0769099
0.0625025
0.0659156
0.0639556
0.0788158
0.0634682
0.0613366
0.0762535
0.0480879
0.0678378
0.0468784
0.0771764
0.0778297
0.0686785
0.0503506
0.0646342
0.0828573
0.0625476
0.0640392
0.0517166
0.0787516
0.0653735
0.0820233
0.0673063
0.065715
0.0660779
0.067226
0.080957
0.0685628
0.0684239
0.0500406
0.0499569
0.0841411
0.0638447
0.0660881
0.0500309
0.0695509
0.0644012
0.0840574
0.052733
0.0526411
0.085153
0.0663568
0.071424
0.0654464
0.0712818
0.0527203
0.0687163
0.0672869
0.0681125
0.0833186
0.0655604
0.0723306
0.0658237
0.0470749
0.0824008
0.0548961
0.0726606
0.0553577
0.0553611
0.0870527
0.0731238
0.0523521
0.081504
0.0659426
0.0741589
0.0673674
0.0676699
0.0518141
0.0883838
0.0554748
0.0708488
0.0845927
0.0840884
0.0851938
0.0732334
0.0495188
0.0836411
0.0847286
0.0700549
0.0677799
0.0704241
0.0624948
0.0694845
0.0499293
0.0847633
0.0512886
0.0650907
0.0507379
0.0692961
0.0655467
0.0652499
0.0481539
0.0699837
0.0854375
0.0836908
0.0510167
0.0741739
0.0470114
0.0699539
0.0868192
0.0654097
0.0649695
0.050534
0.0844549
0.0503917
0.0721364
0.066628
0.0845899
0.0504689
0.0689078
0.0658905
0.0732896
0.0689605
0.0806294
0.0673645
0.0653576
0.0637134
0.065374
0.064744
0.0683914
0.0683942
0.0667991
0.0604054
0.0650972
0.0600966
0.0640713
0.0603527
0.0441818
0.0661603
0.0479377
0.0614318
0.0505804
0.0791469
0.0630084
0.0592615
0.0784961
0.0651507
0.0585615
0.0602911
0.0660584
0.0586463
0.0621909
0.06536
0.0630803
0.0776674
0.0596436
0.0588232
0.0594201
0.0799031
0.0550967
0.0597653
0.0597688
0.0397116
0.0798474
0.0589917
0.0520924
0.0566412
0.0742006
0.0579382
0.0570836
0.0587699
0.0645885
0.0778548
0.0740548
0.0579678
0.0589832
0.0358669
0.0391004
0.0732499
0.0571572
0.0595066
0.0525086
0.0687344
0.0571195
0.0504243
0.0370358
0.0723709
0.0562799
0.0524753
0.0816385
0.0509827
0.051977
0.0535556
0.0503501
0.0526032
0.0364925
0.0542822
0.0381266
0.0700591
0.0517874
0.0501776
0.0705462
0.0462754
0.0493434
0.0699385
0.0516106
0.0500362
0.0644926
0.0644955
0.048439
0.063848
0.0785004
0.0477769
0.044031
0.0500428
0.0628971
0.0484308
0.062903
0.0629059
0.0270781
0.0415334
0.0622429
0.0622458
0.0461874
0.0461915
0.0749343
0.043336
0.0433402
0.0433443
0.0272787
0.0414918
0.0559186
0.0426384
0.0566163
0.0566196
0.0407728
0.0213262
0.0419299
0.0419341
0.0419382
0.074065
0.0579274
0.0639962
0.0479624
0.0479661
0.0479699
0.0731448
0.057244
0.0572471
0.0538037
0.053807
0.0376327
0.0438811
0.0274204
0.0410411
0.0384515
0.0417921
0.0417961
0.0418002
0.0367713
0.0429083
0.0425077
0.0568432
0.0568462
0.0410409
0.0214804
0.0214855
0.053717
0.0537202
0.0424148
0.0489802
0.0489835
0.0489869
0.0551726
0.0177693
0.0177745
0.0394494
0.0394534
0.0394573
0.0192342
0.0351243
0.0351285
0.0351326
0.0401451
0.0401489
0.0401527
0.0206733
0.0206782
0.020683
0.0206878
0.0526951
0.0332519
0.0368707
0.03326
0.0332641
0.0134004
0.0320264
0.0383819
0.0323601
0.0345473
0.0345511
0.0483404
0.0471919
0.047195
0.0471981
0.0326581
0.032662
0.0474789
0.0474819
0.035658
0.0319535
0.00936505
0.0281881
0.0281832
0.0444405
0.0240777
0.0435329
0.0435275
0.0283807
0.0244095
0.0439712
0.0321341
0.0281585
0.0325346
0.0325301
0.028538
0.0285333
0.0278849
0.0278802
0.0445759
0.0244284
0.0447182
0.0213309
0.0451003
0.0131106
0.0259932
0.0384797
0.0135172
0.0265119
0.0390823
0.0460267
0.0464533
0.0396817
0.0297463
0.0403515
0.0276239
0.0254271
0.0514691
0.0263209
0.0302389
0.0477533
0.0197924
0.0237137
0.0416978
0.0204179
0.0609787
0.0249711
0.0314318
0.0281488
0.0508095
0.0288355
0.021645
0.0303399
0.0310424
0.0493973
0.0448264
0.0272876
0.0302487
0.0469459
0.0170553
0.0326343
0.0466614
0.0540541
0.0475755
0.0318466
0.0181537
0.0344525
0.0535584
0.0569994
0.0710557
0.0263432
0.0416805
0.0118436
0.0365427
0.0284785
0.0521201
0.0558721
0.00829474
0.0590859
0.00903425
0.0382655
0.0394557
0.0626324
0.0642243
0.0593853
0.0426842
0.0612741
0.0373621
0.0646096
0.0667797
0.0691202
0.0552058
0.0740788
0.0469725
0.0281588
0.0441581
0.0522068
0.0464742
0.0778286
0.109499
0.0695922
0.0775177
0.220624
0.0933544
0.237157
0.184937
0.150351
0.160634
0.0874647
0.233204
0.143198
0.249284
0.250497
0.177618
0.161219
0.221738
0.220364
0.168943
0.17045
0.173319
0.165464
0.0961407
0.142869
0.0625633
0.17398
0.167464
0.11785
0.0251232
0.0728071
0.0523166
0.0670579
0.199621
0.0268898
0.0477594
0.130695
0.0993045
0.0734982
0.0401059
0.0612914
0.011876
0.0565071
0.0696041
0.021769
0.0793756
0.0433547
0.0405227
0.118726
0.0898216
0.0949089
0.0540678
0.0542862
0.0849775
0.0508337
0.0801993
0.0263765
0.0458034
0.0367186
0.036503
0.046045
0.105721
0.0332443
0.0873115
0.0485312
0.0485167
0.0791814
0.00533948
0.0752899
0.0336197
0.0362672
0.0432114
0.111837
0.0608386
0.0909433
0.0298964
0.0812605
0.0289868
0.0931318
0.0266324
0.0163492
0.00214877
-0.000697313
0.0371233
0.0204963
0.0312833
0.0405483
0.0949492
0.0325647
0.0580747
0.0276022
0.00559647
-0.00329895
0.0276209
0.0252989
-0.000793315
0.0698829
0.000568016
0.00055754
0.067211
0.0672013
0.0399386
0.0297962
0.0581054
0.0389733
0.0936121
0.0381772
0.0548279
0.0548177
0.037387
0.0519687
0.0715175
0.0301923
0.0246959
0.0662116
0.0279469
-0.00243359
-0.00244388
0.0637864
0.0618383
0.0167234
0.0265417
0.0356176
0.0356078
-0.00893656
0.0485089
0.023959
0.0280652
0.0071362
-0.00280176
0.05107
0.0697806
0.0677992
0.0180552
0.0970977
0.0395014
0.0633935
-0.00911727
0.068554
0.0545267
0.0592987
0.0350707
0.052785
0.0329009
0.0320226
0.0215731
0.0498696
0.0256999
0.0270522
-0.00831231
0.0256742
0.0668527
0.0649998
0.0248053
0.0419796
0.0621048
0.0603161
0.0228165
0.0653715
0.0532802
0.0326055
0.0210324
0.0208878
0.0500798
0.048633
-0.00326409
0.0437448
0.0186132
0.0472819
0.0240407
0.0240314
0.0166182
0.0228136
0.0619676
0.0619583
0.0219055
0.01266
0.0591646
0.0591557
0.0200217
-0.0151667
0.0505851
0.0505757
0.0505664
-0.00759566
0.0284016
0.0474893
0.0474799
0.0220844
0.0233246
0.0256586
0.0447894
0.0199109
0.0210376
0.0210285
0.0391937
0.0199545
0.0608805
0.0190145
0.0190054
0.013809
0.0137995
0.0501068
0.0515061
-0.00991566
0.0282489
0.0596757
0.0596671
0.0479911
0.0134153
0.0251453
0.0558967
0.0449832
0.0190817
0.020217
0.0185437
-0.00876522
0.0190059
0.0169967
0.0180198
0.0180109
0.018002
0.00858722
0.00857783
0.0123459
0.0531309
0.0517137
-0.0125981
0.0203603
0.0616276
0.0157389
0.00701121
-0.0207136
0.0483538
0.0128026
0.0114771
-0.0122045
0.0247194
0.0452055
0.0451966
0.018611
0.0196558
0.0196472
0.0196386
0.0386101
0.0385981
0.0641019
0.0117832
0.0173889
0.0468245
0.0155498
0.00616783
-0.0202362
0.0197884
0.0151322
0.0151235
0.0151149
0.00638252
0.0102814
0.0468604
0.0468514
0.0480237
-0.0182512
0.0525449
-0.0141914
0.00509328
-0.0221856
0.0122678
0.0435514
0.00972503
0.00861211
0.0176079
0.0175995
0.047858
0.0370774
0.0370656
0.0469751
0.0154476
0.0154391
0.0154307
0.0443785
0.00950718
0.0508905
0.00945243
0.0094417
0.0133028
0.0132943
0.00466714
0.00850648
0.0453629
0.0464309
0.00825019
0.00917228
0.00822943
-0.01633
-0.0241944
0.0420838
0.0420754
0.042067
0.0420586
-0.0184202
