1.13777
1.12896
1.11539
1.12863
1.14623
1.14953
1.14815
1.14151
1.13837
1.13511
1.13594
1.13801
1.13772
1.13735
1.13609
1.13477
1.13363
1.13263
1.13229
1.13105
1.12969
1.12802
1.12687
1.12452
1.1232
1.12142
1.11821
1.11424
1.11192
1.10913
1.10583
1.10162
1.09744
1.09198
1.08776
1.0838
1.07747
1.07027
1.06311
1.05801
1.05491
1.04765
1.04331
1.03571
1.02806
1.01759
1.01252
1.00526
0.994422
0.986256
0.980419
0.971176
0.9645
0.952467
0.941481
0.933888
0.922992
0.916582
0.907892
0.897834
0.890279
0.87844
0.867904
0.856448
0.847377
0.841696
0.832612
0.822337
0.810155
0.79874
0.791195
0.776561
0.763166
0.753411
0.742187
0.73155
0.73155
0.71656
0.706344
0.696396
0.687544
0.674308
0.665265
0.658025
0.648326
0.648326
0.648326
0.648326
0.608582
0.599676
0.599676
0.581296
0.572637
0.563017
0.552654
0.546936
0.535122
0.535122
0.535122
0.535122
0.506433
0.506433
0.48815
0.48815
0.472381
0.463043
0.463043
0.446154
0.446154
0.446154
0.446154
0.446154
0.409934
0.404025
0.398321
0.398321
0.398321
0.398321
0.371725
0.364686
0.359106
0.359106
0.359106
0.359106
0.359106
0.359106
0.319738
0.319738
0.310114
0.303898
0.29973
0.294495
0.290341
0.284587
0.28029
0.276723
0.271576
0.267903
0.267903
0.259874
0.255157
0.251348
0.245802
0.24236
0.238585
0.232441
0.229448
0.2253
0.222245
0.218922
0.215016
0.21284
0.209868
0.207352
0.204087
0.201136
0.19968
0.196198
0.193615
0.191584
0.190024
0.187729
0.185081
0.183089
0.180587
0.178578
0.176654
0.175031
0.173255
0.17189
0.170173
0.168757
0.16706
0.166111
0.164591
0.163496
0.162803
0.161431
0.160504
0.159026
0.157687
0.15705
0.155932
0.154516
0.153745
0.153047
0.152425
0.151634
0.150538
0.149751
0.149189
0.148731
0.148435
0.14789
0.147199
0.146379
0.146289
0.145927
0.145776
0.145766
0.145047
0.144579
0.144495
0.14396
0.143923
0.143757
0.143684
0.143723
0.14338
0.143624
0.143481
0.142614
0.1428
0.142409
0.142427
0.142349
0.14252
0.143094
0.142034
0.142701
0.142405
0.14238
0.141644
0.141929
0.141991
0.142063
0.142565
0.142007
0.142237
0.142335
0.142241
0.142533
0.142029
0.142289
0.14222
0.141756
0.14195
0.142343
0.142441
0.141592
0.142748
0.141213
0.141993
0.142077
0.142218
0.141701
0.141861
0.141861
0.142281
0.142326
0.142096
0.142278
0.142423
0.142423
0.142476
0.142089
0.141875
0.141969
0.142035
0.142425
0.142325
0.142913
0.142913
0.142913
0.142208
0.14156
0.142065
0.142217
0.141762
0.142018
0.142339
0.142358
0.142455
0.141781
0.142294
0.142955
0.14271
0.142549
0.142116
0.141643
0.142016
0.141365
0.142237
0.141408
0.141745
0.142299
0.142159
0.14207
0.141859
0.141785
0.141666
0.142309
0.142139
0.142332
0.142299
0.142461
0.141899
0.140989
0.141459
0.141879
0.14223
0.142536
0.142265
0.142125
0.14198
0.141627
0.141957
0.141712
0.141767
0.142078
0.142374
0.141657
0.141126
0.141306
0.141209
0.14167
0.141723
0.141717
0.142036
0.140902
0.141211
0.141303
0.140826
0.141123
0.14209
0.14136
0.140655
0.141023
0.140783
0.14095
0.141199
0.141224
0.141031
0.140589
0.14095
0.140544
0.140823
0.140966
0.140977
0.141225
0.14108
0.14105
0.140727
0.140096
0.139866
0.140101
0.140058
0.139955
0.139965
0.14001
0.140056
0.139801
0.140113
0.139709
0.139638
0.139589
0.139257
0.138881
0.138643
0.138345
0.138509
0.138366
0.138933
0.138178
0.138367
0.13762
0.137632
0.137021
0.137231
0.137043
0.136377
0.136327
0.135869
0.135836
0.135776
0.135172
0.135146
0.134864
0.134316
0.134163
0.133559
0.133501
0.132989
0.132908
0.132244
0.13179
0.131254
0.131059
0.1307
0.130352
0.12981
0.12981
0.12981
0.127556
0.126982
0.126458
0.125809
0.125152
0.12451
0.123709
0.123073
0.1219
0.121591
0.120591
0.120258
0.118957
0.118063
0.116837
0.116313
0.115189
0.114187
0.113061
0.112117
0.110839
0.109864
0.108597
0.107259
0.105724
0.104594
0.103321
0.102342
0.100848
0.0996856
0.0984889
0.0972299
0.0960869
0.0946035
0.093769
0.0921304
0.0903177
0.089056
0.0878329
0.0864585
0.0855108
0.0828199
0.0819984
0.0805572
0.0788631
0.0772142
0.0762656
0.0743743
0.0731291
0.0710897
0.069198
0.0671767
0.0637391
0.0603636
0.0588791
0.0562141
0.053966
0.0519519
0.0497583
0.0463027
0.044725
0.0421909
0.0397251
0.037345
0.0357243
0.0336419
0.0313851
0.0290668
0.0276761
0.0260297
0.0242215
0.0229914
0.0217526
0.0202164
0.0186946
0.0168595
0.0155798
0.0139417
0.0129119
0.011857
0.0107383
0.00956909
0.00869524
0.00774261
0.00729572
0.0062906
0.00602172
0.00489798
0.00350808
0.00336109
0.00364412
0.00357679
0.00375803
0.00403839
0.00396148
0.00357887
0.00319401
0.00328994
0.00305438
0.0029566
0.00260305
0.00250496
0.00272584
0.00253452
0.00256909
0.00272026
0.00282054
0.00293384
0.00327748
0.00339914
0.00376742
0.00427558
0.00452249
0.00496175
0.00560861
0.00590215
0.00658142
0.00737539
0.00759715
0.00885638
0.00916736
0.0101725
0.0110778
0.0120352
0.0127743
0.0136137
0.0147624
0.0156559
0.0168863
0.0175583
0.0189913
0.0201726
0.0216149
0.0225134
0.0232685
0.0246989
0.0261194
0.0274159
0.0286993
0.0301115
0.0313184
0.0326703
0.0347515
0.0355572
0.0369296
0.0385122
0.0397585
0.0410579
0.0428999
0.0436496
0.04488
0.0472514
0.0487643
0.0500675
0.0517585
0.0527975
0.0547592
0.0558218
0.0566738
0.0573682
0.058694
0.0598396
0.060627
0.061949
0.0631027
0.0643599
0.0656785
0.0671194
0.0683974
0.06869
0.0711544
0.0709572
0.0719051
0.0723927
0.0731946
0.0744332
0.0755264
0.0771413
0.0774339
0.0778526
0.0776821
0.0779057
0.0792533
0.0800831
0.0804367
0.0813176
0.0818416
0.0828928
0.0830252
0.0830123
0.0840549
0.0837735
0.0846345
0.0861155
0.085955
0.0863621
0.0866723
0.0872293
0.0886105
0.0895461
0.0899849
0.0893917
0.0892767
0.0889701
0.0892747
0.0896063
0.0904948
0.0916067
0.09125
0.0920671
0.091874
0.0923922
0.0918752
0.0920421
0.092276
0.0922156
0.0929395
0.0937945
0.093884
0.0928967
0.0931781
0.0938355
0.0938137
0.0945769
0.0945769
0.0945769
0.0942425
0.0940056
0.0938876
0.0940517
0.0946118
0.0942616
0.0944235
0.095125
0.0944794
0.0944354
0.0947411
0.0949105
0.0950356
0.0953517
0.095008
0.0950018
0.0949121
0.0949543
0.0950305
0.0951623
0.0954249
0.0954556
0.0957494
0.0958839
0.0956161
0.0954553
0.0953547
0.0953841
0.0952651
0.0953096
0.0953221
0.0953425
0.0956165
0.0956199
0.0955755
0.0956669
0.0956438
0.0956818
0.0960899
0.0960024
0.0958205
0.095862
0.0958285
0.0959223
0.0960934
0.0961735
0.0960818
0.0962037
0.0963282
0.0963866
0.0964541
0.0967557
0.0963911
0.0968416
0.0968174
0.096769
0.0968072
0.0966884
0.0966879
0.0966188
0.0966791
0.0969823
0.0969949
0.0968887
0.096994
0.097048
0.0967496
0.0967493
0.0967185
0.0968823
0.097021
0.0967307
0.0967801
0.0967388
0.0967117
0.0968628
0.0967494
0.0967596
0.0966796
0.0966034
0.0966034
0.0966034
0.0966034
0.0966034
0.0966034
0.0966034
0.0966034
0.0966034
0.0966034
0.0966034
0.0966034
0.0966034
0.0966034
0.0966034
0.0966034
0.0966034
0.0966034
0.0966034
0.0966034
0.0980208
0.0980208
0.0987685
0.0987685
0.098393
0.098393
0.098393
0.098393
0.098393
0.098393
0.098393
0.098393
0.098393
0.098393
0.098393
0.098393
0.098393
0.098393
0.098393
0.098393
0.098393
0.098393
0.098393
0.098393
0.098393
0.098393
0.098393
0.098393
0.098393
0.098393
0.098393
0.098393
0.098393
0.098393
0.098393
0.098393
0.098393
0.098393
0.098393
0.098393
0.098393
0.098393
0.098393
0.098393
0.098393
0.098393
0.098393
0.098393
0.098393
0.098393
0.0936104
0.0934954
0.0934822
0.0932315
0.0931602
0.0932695
0.093495
0.0930279
0.0925894
0.0921156
0.0919848
0.0915046
0.0911617
0.0906804
0.0900771
0.0905819
0.0906353
0.0903101
0.0898
0.0904479
0.0905813
0.0894592
0.0883264
0.0881947
0.0880803
0.0877354
0.0874289
0.0873028
0.0874546
0.0870712
0.0868543
0.0870147
0.087356
0.0870022
0.0865821
0.0871927
0.0870657
0.0866386
0.0858285
0.0853717
0.0848967
0.0846701
0.0840855
0.0839253
0.0838423
0.0843654
0.0843332
0.0837103
0.0837324
0.0836178
0.0826777
0.0824151
0.0824151
0.0809069
0.0806288
0.0806288
0.0801252
0.0799065
0.0799065
0.0799065
0.0799065
0.0797356
0.0797356
0.0797356
0.0793035
0.0796599
0.0801853
0.0799286
0.0798599
0.0797844
0.0786277
0.0787228
0.078331
0.0777871
0.077423
0.0772494
0.0762638
0.0758028
0.0755606
0.0748168
0.0747231
0.0737988
0.0738567
0.0730216
0.0722645
0.0721021
0.0715835
0.0715835
0.0705288
0.0705288
0.0705288
0.066611
0.0665842
0.0650997
0.0650997
0.0635402
0.0631293
0.0615825
0.0609488
0.0609488
0.0609488
0.0583713
0.0559395
0.0547459
0.0545456
0.0545456
0.0534319
0.0521657
0.0517955
0.0517955
0.0503828
0.0495344
0.0486051
0.047962
0.0471647
0.0461851
0.0459084
0.0453209
0.0448437
0.0448437
0.0448437
0.042461
0.0417196
0.0410937
0.0408701
0.039994
0.0390179
0.0395714
0.0393336
0.0393336
0.0374737
0.037186
0.0368238
0.0368238
0.0349309
0.0348503
0.0350839
0.0350839
0.0339277
0.0334419
0.0323894
0.0320567
0.0313324
0.0313324
0.0304934
0.0304656
0.0297733
0.0287713
0.0284722
0.027798
0.027417
0.027316
0.0272976
0.0277361
0.0277361
0.0259129
0.0254798
0.0250407
0.0244996
0.023214
0.0231748
0.0228068
0.0228068
0.0229676
0.0223493
0.0217639
0.0214754
0.0213408
0.021356
0.0212835
0.0212835
0.0203108
0.0191491
0.0195047
0.0193239
0.019132
0.019132
0.019132
0.019132
0.019132
0.0167481
0.0163875
0.0161447
0.0157539
0.0152619
0.0152619
0.0152619
0.0149873
0.0147937
0.0142711
0.0132358
0.0131135
0.0127521
0.0123429
0.011947
0.0117119
0.0117946
0.012059
0.0111716
0.0111716
0.0106603
0.0106238
0.00991118
0.00991294
0.00948271
0.00937318
0.0088874
0.0087883
0.00909421
0.00856506
0.00877026
0.00880852
0.00858554
0.00866354
0.00660213
0.00676116
0.00676116
0.00595368
0.00699827
0.00723348
0.00717878
0.00689663
0.00689663
0.00689663
0.00722542
0.00724023
0.00724023
0.00768878
0.00768878
0.00768878
0.00821497
0.00827644
0.00861941
0.00874002
0.0093866
0.00958281
0.0101698
0.0106805
0.0105802
0.010843
0.0112862
0.0115045
0.0110582
0.0110051
0.0111821
0.0110724
0.0109133
0.0106853
0.0103969
0.0102961
0.0101603
0.00965937
0.00972459
0.00973047
0.00885281
0.00896124
0.0084604
0.00831129
0.00735895
0.00717077
0.00698109
0.00656215
0.00621773
0.00555879
0.00530638
0.00486318
0.00456676
0.00452359
0.00440597
0.00394823
0.00370016
0.00340599
0.00342613
0.0033124
0.00329171
0.00299693
0.00290766
0.00300136
0.00287639
0.00280887
0.00289925
0.00287113
0.00277338
0.0029965
0.0029965
0.0029965
0.00366183
0.00279833
0.00281404
0.00337348
0.00297367
0.00352268
0.00274866
0.0025291
0.00205012
0.00200496
0.00173283
0.00191216
0.00195025
0.00189711
0.00156388
0.00186703
0.00181997
0.00153812
0.00130976
0.000698987
0.00028153
0.000500045
0.000488618
0.000224127
0.000231457
0.000790702
0.000895676
0.000871404
0.000977899
0.00116387
0.0012088
0.00118712
0.00104942
0.00101701
0.00101337
0.00090606
0.000612444
0.000776659
0.00108085
0.00107832
0.00166876
0.00175603
0.00177761
0.00177145
0.00172837
0.00170592
0.00225358
0.00253034
0.00275136
0.00208876
0.00209557
0.00214717
0.0018717
0.00152678
0.00157773
0.00157773
0.00157773
0.00157773
0.00157773
0.0011496
0.000596832
0.000580646
0.00144712
0.000734086
0.00111933
0.00164063
0.00241246
0.00249611
0.00283235
0.00226758
0.00193296
0.00148894
0.00103621
0.00121659
0.000613015
0.00108726
0.000942318
0.00120898
0.00422657
0.00422657
0.00299154
0.00266305
0.00296553
0.00316496
0.00316496
0.00296435
0.00277925
0.00259625
0.00181313
0.00113362
0.00119797
0.00134097
0.00103093
0.00137201
0.00123347
0.00143178
0.00151357
0.00171428
0.00181031
0.00220759
0.00115961
0.0013125
0.0013125
0.0013125
0.00324398
0.00324398
0.000882344
0.000882344
0.000799837
0.000799837
0.000799837
0.000799837
0.000799837
0.00150499
0.00149031
0.00155595
0.00170069
0.00180695
