1.91739e-05
1.91739e-05
1.91739e-05
1.91739e-05
1.91741e-05
1.91745e-05
1.91754e-05
1.91769e-05
1.91781e-05
1.91792e-05
1.91795e-05
1.91792e-05
1.91786e-05
1.91779e-05
1.91773e-05
1.91776e-05
1.91787e-05
1.91808e-05
1.91841e-05
1.9188e-05
1.91925e-05
1.91972e-05
1.92018e-05
1.92064e-05
1.92109e-05
1.92158e-05
1.92211e-05
1.92264e-05
1.9232e-05
1.92386e-05
1.92452e-05
1.92518e-05
1.92582e-05
1.92649e-05
1.92714e-05
1.92773e-05
1.92842e-05
1.92906e-05
1.92948e-05
1.93008e-05
1.93064e-05
1.93085e-05
1.93131e-05
1.93157e-05
1.93184e-05
1.93191e-05
1.93193e-05
1.93176e-05
1.93134e-05
1.93116e-05
1.93065e-05
1.92982e-05
1.92909e-05
1.92788e-05
1.92768e-05
1.92701e-05
1.92625e-05
1.92458e-05
1.923e-05
1.92115e-05
1.9199e-05
1.91795e-05
1.91602e-05
1.91386e-05
1.91106e-05
1.90738e-05
1.90291e-05
1.90089e-05
1.89622e-05
1.89473e-05
1.89047e-05
1.88671e-05
1.88196e-05
1.8757e-05
1.86921e-05
1.86417e-05
1.85621e-05
1.84802e-05
1.8383e-05
1.82937e-05
1.82146e-05
1.81165e-05
1.80193e-05
1.79359e-05
1.77983e-05
1.76837e-05
1.75561e-05
1.74267e-05
1.72892e-05
1.71398e-05
1.69487e-05
1.68271e-05
1.66281e-05
1.65276e-05
1.63146e-05
1.61279e-05
