1
1
1
1
0.999774
0.996695
0.989715
0.978371
0.95579
0.934033
0.909696
0.885635
0.859372
0.832216
0.803001
0.777019
0.749892
0.722796
0.696409
0.665371
0.665371
0.634705
0.612381
0.591334
0.571238
0.547848
0.531085
0.511405
0.495831
0.479943
0.463187
0.45091
0.440784
0.430685
0.425368
0.421244
0.418807
0.417586
0.417311
0.417311
0.420086
0.422667
0.42578
0.42578
0.428853
0.432611
0.439355
0.441832
0.446396
0.449942
0.454237
0.454237
0.458872
0.463443
0.470142
0.473064
0.47615
0.47615
0.480706
0.482896
0.485659
0.48755
0.48924
0.491108
0.492619
0.494278
0.495534
0.496774
0.497956
0.497956
0.499479
0.500942
0.502266
0.503349
0.504268
0.505042
0.506027
0.50679
0.507579
0.508348
0.509096
0.509783
0.510497
0.511208
0.511912
0.512568
0.513328
0.514139
0.515031
0.515711
0.516343
0.51686
0.517455
0.518051
0.518051
0.518762
0.519339
0.520062
0.520656
0.521459
0.522117
0.522756
0.523349
0.523965
0.524574
0.525291
0.525841
0.526415
0.526963
0.527512
0.528025
0.528609
0.529161
0.529711
0.530264
0.530825
0.531389
0.531389
0.532051
0.532608
0.533169
0.533723
0.534272
0.534811
0.53584
0.536375
0.536913
0.537465
0.53791
0.53791
0.538379
0.538741
0.539122
0.539524
0.539969
0.540337
0.540828
0.541161
0.541536
0.541878
0.542211
0.542519
0.542843
0.543174
0.543588
0.543889
0.544154
0.54451
0.544813
0.545111
0.545404
0.545673
0.545954
0.54622
0.546489
0.546754
0.547018
0.547018
0.547336
0.547639
0.548133
0.548404
0.548643
0.54887
0.54887
0.549102
0.549331
0.549514
0.549686
0.549856
0.550026
0.550215
0.550404
0.550404
0.550557
0.550681
0.550795
0.550913
0.551027
0.551136
0.551251
0.551333
0.551435
0.551494
0.551538
0.551574
0.551593
0.551605
0.55161
0.551597
0.551566
0.551508
0.551435
0.551345
0.551244
0.551135
0.551028
0.550916
0.550809
0.550687
0.550539
0.550376
0.550226
0.550048
0.549875
0.549734
0.549584
0.54943
0.549278
0.549137
0.548999
0.548806
0.548657
0.548491
0.548491
0.548285
0.548115
0.547947
0.54779
0.547619
0.547451
0.547218
0.546959
0.546743
0.546514
0.546297
0.546012
0.545717
0.545509
0.545248
0.545026
0.544788
0.544554
0.5443
0.544023
0.543759
0.543522
0.543257
0.542974
0.542719
0.54245
0.542166
0.541877
0.541585
0.541285
0.540957
0.540648
0.540326
0.540082
0.539751
0.539398
0.539049
0.538643
0.538286
0.537934
0.537597
0.537286
0.537286
0.536908
0.536567
0.536245
0.535938
0.535361
0.53502
0.534677
0.534315
0.533969
0.533969
0.533581
0.532986
0.532657
0.53235
0.532026
0.531617
0.531287
0.530943
0.530606
0.530302
0.530004
0.529699
0.529419
0.529148
0.529148
0.528834
0.528611
0.528411
0.52823
0.528078
0.527927
0.527744
0.527638
0.527542
0.527474
0.527431
0.52741
0.527415
0.527437
0.527472
0.527519
0.527587
0.52769
0.52783
0.528005
0.528212
0.528212
0.528667
0.528914
0.52919
0.529492
0.529768
0.530079
0.53045
0.53081
0.531203
0.531741
0.531741
0.532418
0.533102
0.533734
0.534409
0.534994
0.535413
0.535707
0.535826
0.535791
0.535669
0.535424
0.534899
0.534258
0.533545
0.532954
0.53226
0.531314
0.530643
0.529921
0.529265
0.528936
0.528808
0.52912
0.529528
0.530183
0.531187
0.532377
0.533478
0.534497
0.535558
0.537318
0.540043
0.543534
0.549252
0.55371
0.558909
0.564515
0.569663
0.575011
0.579425
0.583523
0.590868
0.596216
0.596216
0.60307
0.609968
0.612882
0.615497
0.618388
0.620501
0.622953
0.624265
0.625361
0.626317
0.627004
0.627584
0.627994
0.628231
0.6283
0.628201
0.627923
0.627923
0.627286
0.626152
0.624959
0.623797
0.622324
0.620499
0.618638
0.61603
0.61326
0.610377
0.606847
0.603341
0.599638
0.595821
0.591152
0.58695
0.582869
0.579202
0.574799
0.574799
0.571006
0.56746
0.564443
0.561455
0.558803
0.55602
0.554006
0.552654
0.551384
0.550171
0.549506
0.549041
0.548958
0.549173
0.549719
0.550661
0.552022
0.553901
0.556129
0.558269
0.559807
0.562257
0.564595
0.567103
0.569351
0.572166
0.57398
0.576442
0.57862
0.581333
