0
8.4987e-05
0.000342583
0.000778407
0.00137375
0.00213424
0.00305307
0.00413402
0.00538952
0.00681794
0.00842793
0.0102249
0.0121963
0.0143279
0.016638
0.0191031
0.0217249
0.0245002
0.0274346
0.0305363
0.0338041
0.0372393
0.0408485
0.0446166
0.0485506
0.0526334
0.0568843
0.0612942
0.0658511
0.070565
0.07543
0.0804758
0.0856401
0.0909829
0.0964684
0.102103
0.107909
0.113856
0.119964
0.126216
0.132609
0.139162
0.145805
0.152667
0.15962
0.166764
0.17401
0.181412
0.188974
0.196669
0.204492
0.212526
0.220719
0.229059
0.237482
0.246034
0.254704
0.263566
0.272414
0.281582
0.290806
0.300309
0.30976
0.319309
0.329088
0.338948
0.349111
0.35914
0.369368
0.380036
0.390776
0.401561
0.412315
0.423367
0.434263
0.445089
0.45639
0.468019
0.479737
0.491379
0.503738
0.515609
0.527839
0.540058
0.552646
0.564852
0.577607
0.590471
0.603062
0.616257
0.629437
0.642942
0.656706
0.670669
0.683716
0.697711
