0.567539
0.5687
0.559043
0.562854
0.569258
0.574709
0.574996
0.569452
0.567173
0.566409
0.566435
0.566851
0.567375
0.566941
0.567121
0.566464
0.566079
0.56551
0.565242
0.564819
0.563891
0.563013
0.562135
0.561392
0.560424
0.559795
0.558404
0.557562
0.555988
0.554863
0.552493
0.550905
0.549393
0.547613
0.545161
0.543966
0.542151
0.539345
0.536085
0.533875
0.530675
0.527928
0.52562
0.522168
0.519006
0.516246
0.513227
0.510062
0.506047
0.502304
0.498646
0.494852
0.490801
0.486864
0.481571
0.478276
0.473141
0.469446
0.46469
0.460978
0.455307
0.452588
0.447032
0.442467
0.437422
0.432911
0.427113
0.422507
0.417515
0.411609
0.405617
0.400695
0.396201
0.391593
0.386925
0.38192
0.376444
0.371298
0.365965
0.361149
0.354517
0.349191
0.344032
0.340517
0.334867
0.329896
0.324207
0.319074
0.3125
0.307463
0.303023
0.298545
0.293756
0.28953
0.284153
0.277722
0.272157
0.268187
0.262875
0.259708
0.254397
0.249637
0.247141
0.242667
0.237771
0.232874
0.228089
0.224702
0.221351
0.217253
0.21428
0.211557
0.207961
0.203591
0.201519
0.197801
0.193343
0.1911
0.187784
0.185214
0.183051
0.179514
0.177482
0.174674
0.17277
0.170651
0.167775
0.166476
0.163859
0.161791
0.15854
0.158209
0.156567
0.154616
0.153058
0.15218
0.151292
0.150391
0.148482
0.145963
0.1446
0.145355
0.144502
0.142223
0.141886
0.141753
0.140465
0.140812
0.13796
0.139939
0.137304
0.137556
0.137659
0.135522
0.136109
0.133882
0.134668
0.13539
0.135925
0.135494
0.134899
0.134103
0.133224
0.133813
0.134164
0.133382
0.132277
0.132797
0.132753
0.132629
0.133057
0.131804
0.132682
0.132447
0.132738
0.132384
0.131739
0.132776
0.131796
0.131946
0.132272
0.132758
0.132809
0.1326
0.132332
0.132438
0.132896
0.132111
0.13318
0.132431
0.133688
0.132861
0.133183
0.133125
0.133428
0.133482
0.133849
0.13437
0.132903
0.132996
0.133307
0.133727
0.134064
0.13465
0.134535
0.134978
0.134202
0.133801
0.134244
0.134761
0.134942
0.134827
0.134951
0.134958
0.134898
0.135006
0.135046
0.134817
0.135133
0.135137
0.135464
0.134932
0.136183
0.135226
0.135542
0.136342
0.136183
0.136175
0.135986
0.136259
0.136471
0.136537
0.136871
0.136065
0.13586
0.136313
0.136781
0.137044
0.136081
0.136019
0.136883
0.136031
0.13621
0.136608
0.13695
0.136416
0.136556
0.136113
0.136815
0.136262
0.137118
0.136477
0.136405
0.136606
0.136997
0.136988
0.136962
0.136975
0.136897
0.136718
0.136966
0.13641
0.136201
0.136273
0.136689
0.137061
0.137343
0.136645
0.136184
0.136352
0.135783
0.136403
0.136285
0.136347
0.136305
0.13608
0.136753
0.136009
0.135892
0.136052
0.135983
0.135931
0.135905
0.135533
0.135817
0.135864
0.135636
0.135506
0.135606
0.135016
0.135487
0.134999
0.135192
0.134922
0.134919
0.134859
0.134811
0.134633
0.134648
0.13457
0.134545
0.134354
0.134247
0.134303
0.133603
0.133895
0.133667
0.133577
0.133559
0.133304
0.13346
0.133171
0.132837
0.132916
0.132529
0.132487
0.132186
0.132141
0.132079
0.131893
0.131612
0.131698
0.131321
0.130988
0.130946
0.130496
0.130598
0.130198
0.129935
0.129777
0.129545
0.129052
0.128982
0.128714
0.128268
0.128123
0.127748
0.127535
0.12714
0.126826
0.12624
0.12598
0.125536
0.125133
0.12488
0.124379
0.123799
0.123304
0.122887
0.122477
0.122186
0.121569
0.120951
0.120374
0.120052
0.119278
0.118845
0.118252
0.117508
0.116907
0.116169
0.115499
0.114951
0.114279
0.113246
0.11253
0.111544
0.111144
0.110278
0.109338
0.108604
0.107647
0.106516
0.105845
0.104899
0.104048
0.103288
0.102341
0.101106
0.100116
0.0992623
0.0980623
0.0968181
0.0960768
0.094563
0.09398
0.0929581
0.091441
0.0902396
0.0890063
0.0878104
0.0866801
0.0853547
0.0842159
0.0828868
0.0815899
0.0802789
0.0790999
0.0779935
0.0768731
0.0753633
0.0740676
0.0729488
0.0713042
0.0700604
0.0689566
0.0670377
0.0650197
0.0623504
0.0599035
0.0584378
0.0558309
0.0534611
0.0515204
0.0493372
0.0470762
0.045043
0.0433745
0.0410087
0.0391838
0.0372029
0.0358196
0.03363
0.0316308
0.0301496
0.0282476
0.0266729
0.0249963
0.0236547
0.0227075
0.021272
0.0198433
0.0188343
0.0175645
0.0165271
0.0154827
0.0144917
0.0139633
0.012811
0.0121311
0.0117739
0.0107472
0.00962698
0.00874099
0.00839166
0.00732133
0.00679624
0.00628024
0.00610652
0.00552367
0.00490344
0.00374073
0.00349169
0.00362507
0.00342981
0.00360149
0.00338723
0.0036612
0.00349083
0.00371889
0.00327169
0.00300466
0.00318776
0.00285044
0.0029617
0.00288547
0.00283756
0.00321734
0.00293314
0.00320938
0.00334249
0.003603
0.00384961
0.00428959
0.00475286
0.00531186
0.00557501
0.00645665
0.00708594
0.00780702
0.00831342
0.00859697
0.00951574
0.0104616
0.0109867
0.0121387
0.0129654
0.0136658
0.0147822
0.0157285
0.0165936
0.0176558
0.0187973
0.019701
0.0211322
0.0222447
0.0235143
0.0244925
0.0258618
0.0269041
0.0280277
0.0292819
0.0304862
0.0317644
0.033478
0.0347478
0.0361411
0.0372333
0.0389959
0.0403564
0.0417206
0.0432885
0.0445224
0.0458911
0.0471109
0.0481167
0.049551
0.0505656
0.0520882
0.0527748
0.0545969
0.0557488
0.0570813
0.0586615
0.0598872
0.0608208
0.0620631
0.0631861
0.0640472
0.0653884
0.0663089
0.0675279
0.0691955
0.0703515
0.0710929
0.0723714
0.0732866
0.0742711
0.0751676
0.0759611
0.0772025
0.0779287
0.0786104
0.0794745
0.0799941
0.0806034
0.0812534
0.0820893
0.0827944
0.0836988
0.0841871
0.0848748
0.0855783
0.086333
0.0870093
0.0878444
0.0882833
0.0889157
0.089101
0.0894957
0.089988
0.0902758
0.0905731
0.091063
0.0916064
0.0920078
0.0922081
0.0929026
0.0930593
0.093804
0.0940657
0.0944749
0.0948959
0.0951256
0.0955604
0.095522
0.0957971
0.0961039
0.0961364
0.0962855
0.0965698
0.096419
0.0965531
0.0970737
0.0970963
0.0976245
0.0978987
0.0982677
0.098432
0.0986109
0.098565
0.0988571
0.0988571
0.099111
0.099111
0.0994731
0.0995447
0.0995447
0.0999225
0.100059
0.100004
0.10001
0.100289
0.100201
0.10037
0.100438
0.100486
0.100795
0.100778
0.100761
0.100895
0.100909
0.101151
0.101161
0.101243
0.101025
0.101025
0.101124
0.10123
0.101427
0.101426
0.101618
0.101902
0.101875
0.10203
0.102131
0.102263
0.102263
0.10225
0.10214
0.102006
0.102116
0.102049
0.102188
0.102404
0.102392
0.102195
0.102322
0.102652
0.102659
0.102694
0.103004
0.10273
0.102272
0.10226
0.102283
0.102187
0.102312
0.102125
0.102166
0.102184
0.102297
0.102348
0.102057
0.102029
0.102382
0.102486
0.102031
0.102025
0.10205
0.10194
0.101814
0.101903
0.101993
0.102068
0.102167
0.10225
0.102199
0.102082
0.102211
0.102335
0.102331
0.102466
0.102684
0.103169
0.102784
0.102433
0.102224
0.101919
0.101919
0.101648
0.101596
0.101568
0.101726
0.101569
0.101783
0.101548
0.101309
0.101309
0.101466
0.101474
0.101474
0.101474
0.101474
0.101474
0.101474
0.101474
0.101474
0.101474
0.101474
0.101474
0.101474
0.101474
0.101474
0.101474
0.101474
0.101474
0.101474
0.101474
0.101474
0.101474
0.101474
0.101474
0.101474
0.101474
0.101474
0.101474
0.101474
0.101474
0.101474
0.101474
0.101474
0.101474
0.101474
0.101474
0.101474
0.101474
0.101474
0.101474
0.101474
0.101474
0.101474
0.101474
0.101474
0.101474
0.101474
0.101474
0.101474
0.101474
0.101474
0.101474
0.101474
0.101474
0.101474
0.101474
0.101474
0.101474
0.101474
0.101474
0.101474
0.101474
0.101474
0.101474
0.101474
0.101474
0.101474
0.0918266
0.0918266
0.0918266
0.0918266
0.0918266
0.0891249
0.0898049
0.0884695
0.0884695
0.0877472
0.087581
0.0868299
0.0863353
0.085851
0.085851
0.0853462
0.0858114
0.0852254
0.0844884
0.0844206
0.0845709
0.0835805
0.0833103
0.0833178
0.0826114
0.0823481
0.0820456
0.081728
0.0814617
0.0814494
0.0815518
0.0810468
0.0808048
0.0809292
0.0804969
0.0803544
0.0801825
0.0799977
0.0796455
0.0797626
0.0796895
0.0796866
0.0795826
0.0794745
0.0794075
0.0790742
0.0784983
0.0781987
0.0782534
0.0776725
0.0779471
0.077979
0.077621
0.0775396
0.0773089
0.0770729
0.0769189
0.0769859
0.0770947
0.0768093
0.0767076
0.0766348
0.0761379
0.076437
0.0767023
0.0759235
0.0756289
0.0751053
0.0743533
0.0743511
0.0740471
0.0733999
0.0731304
0.0728693
0.0729484
0.0728726
0.0719981
0.0710528
0.069766
0.0692691
0.0680479
0.0670474
0.0655596
0.0649761
0.0630842
0.0626229
0.0615984
0.0600567
0.0592687
0.0584271
0.0574222
0.05664
0.0556199
0.0548392
0.0540099
0.0531026
0.0528215
0.0521601
0.0511209
0.0498881
0.0487925
0.0483753
0.0473327
0.0464668
0.0459656
0.0452959
0.0444629
0.0443851
0.0438787
0.0434592
0.0436351
0.0432515
0.0424178
0.0420689
0.0411291
0.0405395
0.039778
0.0388142
0.0381848
0.037838
0.0372747
0.0364763
0.0362921
0.0354683
0.0355711
0.0347768
0.0345235
0.0337135
0.0335626
0.0327938
0.0319828
0.0318543
0.0313528
0.0311542
0.0305569
0.0306213
0.0299173
0.0291795
0.0295833
0.0285562
0.0277448
0.02755
0.0274683
0.0267402
0.0258678
0.0254313
0.0249725
0.0245021
0.0243037
0.0241353
0.0234115
0.0232387
0.0234645
0.0232303
0.0230768
0.0229079
0.022242
0.0221297
0.0216585
0.0210601
0.0205701
0.019852
0.0197044
0.0194036
0.0192337
0.0184421
0.0184511
0.0179755
0.0178093
0.0176037
0.0174126
0.0167327
0.0163865
0.0163734
0.0158248
0.0154849
0.0152601
0.0150921
0.014728
0.01411
0.0137899
0.0136826
0.0134714
0.0129301
0.0125002
0.0126122
0.0122756
0.0118996
0.0119481
0.0116533
0.0113681
0.0114247
0.0109204
0.0103287
0.0104461
0.0100029
0.00983708
0.00957006
0.00933528
0.00931233
0.00884019
0.00860769
0.00860769
0.00830534
0.00774282
0.00762081
0.00765694
0.00737966
0.00711686
0.0069279
0.00636728
0.00615212
0.00591774
0.00540313
0.00521603
0.00498706
0.00504642
0.00498712
0.00530312
0.00583812
0.00599939
0.00635758
0.00649319
0.0073238
0.00720298
0.00727003
0.00680769
0.00681383
0.00638788
0.00628577
0.00692197
0.00669722
0.00711449
0.00685857
0.00626311
0.00626311
0.00614826
0.00566766
0.00586226
0.00545747
0.00511713
0.00539633
0.00466355
0.00397626
0.00391949
0.00426183
0.00357858
0.0034537
0.00344421
0.00341224
0.00270116
0.00276379
0.00255037
0.00228033
0.00228034
0.00230092
0.00171501
0.001435
0.0014053
0.00138269
0.00124854
0.00125519
0.000918025
0.00100544
0.00100049
0.000834855
0.000850803
0.000651824
0.00045348
0.000482718
0.000322439
0.000294668
0.000269435
0.000645241
0.00156888
0.00153664
0.00149946
0.00200295
0.0019852
0.00227281
0.00237776
0.00230574
0.00259541
0.0024544
0.00209742
0.00218172
0.00190833
0.00135973
0.00125702
0.000951407
0.00111039
0.00107393
0.00100694
0.00107188
0.00113979
0.000936181
0.00124273
0.00127961
0.000720775
0.000802933
0.000865758
0.0010584
0.00114958
0.00205987
0.00226638
0.00205779
0.00208479
0.00194607
0.00175409
0.00176166
0.00137298
0.000863668
0.000905431
0.000622605
0.000893369
0.00121103
0.00220185
0.00251475
0.00250804
0.00254929
0.00257583
0.00182935
0.00137074
0.00132065
0.000860271
0.00027715
0.000789582
0.00161163
0.00188899
0.00307811
0.00311214
0.00343895
0.00345651
0.00357062
0.00250389
0.00146459
0.00130907
0.000542226
0.000355513
0.000768512
0.00101569
0.00209232
0.00239081
0.00240467
0.00254634
0.00263204
0.00270966
0.00224042
0.00145526
0.00151402
0.00161183
0.00102414
0.00137447
0.00174352
0.00152974
0.00230771
0.00245532
0.00261832
0.00300604
0.00288105
0.00230225
0.00232344
0.00150486
0.00104469
0.000716964
0.000769733
0.00162915
0.00180926
0.00226884
0.00239829
0.00216299
0.00222777
0.00211968
0.00216593
0.00209959
0.0014813
0.00112532
0.000733045
0.00110886
0.00185406
0.00188897
0.00181804
0.00213913
0.00293898
0.00328229
0.00284073
0.00157221
0.00127092
0.00149421
0.00109206
0.000435064
0.00115472
0.00146329
0.00236672
0.00316102
0.00310411
0.0030476
0.00330157
0.00296566
0.00256776
0.00258608
0.00256451
0.00128965
0.000820775
0.000939628
0.00130536
0.00190579
0.00231081
0.00323245
0.00311463
0.00369555
0.0039387
0.0035819
0.00339333
0.00231271
0.00154887
0.00123538
0.00142892
0.00108752
0.00161106
0.00170295
0.00254471
0.00332604
0.00344089
0.0034617
0.00355
0.00316036
0.00321203
0.00318574
0.00232948
0.00119336
0.00103983
0.00154397
0.00105341
0.00202339
0.00241966
0.00252299
0.0029063
0.0029407
0.00258014
0.00261537
0.00283162
0.00218146
0.0021387
0.00124617
0.00132559
0.00158471
0.00115685
0.00197045
0.0018398
0.00288301
0.00294709
0.00339313
0.00336108
0.00307294
0.00326894
0.00243044
0.00088043
0.00103246
0.00100565
0.00103347
0.00125186
0.00183805
0.00214448
0.00199074
0.00258229
0.00278084
0.00257305
0.00193142
0.00169407
0.00111707
0.00120762
0.00133808
0.00125038
0.00156035
0.00204576
0.00235759
0.00249481
0.00270287
