0
0.932356
0.938204
0.934443
0.928243
0.914829
0.898417
0.878244
0.849016
0.808864
0.770879
0.744917
0.693098
0.693098
0.693098
0.693098
0.693098
0.693098
0.693098
0.411356
0.381154
0.340465
0.304746
0.266756
0.266756
0.198952
0.174644
0.145618
0.125081
0.103715
0.0847582
0.0728165
0.0600608
0.0490773
0.0395606
0.0316408
0.0266785
0.0266785
0.0123417
0.0123417
0.0123417
0.00206337
-0.0015919
-0.00135796
-0.00128921
-0.00332065
-0.00300216
-0.00358642
-0.00167228
-6.04158e-05
-0.00292562
0.00358978
0.00381526
0.00722206
0.00659551
0.00659551
0.0100681
0.0115284
0.0108405
0.0131446
0.0110696
0.0150193
0.0153027
0.0144589
0.017741
0.017507
0.017507
0.0179903
0.0189193
0.0189193
0.0189193
0.0242584
0.0234984
0.0257865
0.0251761
0.0246286
0.026086
0.0245605
0.027796
0.0290539
0.0290705
0.0282178
0.0263121
0.0300855
0.031029
0.0294323
0.0306018
0.0302211
0.0318721
0.0321949
0.0317505
0.0324627
0.0324627
0.0312811
0.0296084
0.0306233
0.0315659
0.0315659
0.0269763
0.029992
0.0291691
0.0290962
0.0290549
0.0306062
0.0311977
0.0312353
0.0294082
0.0317865
0.0329549
0.0344827
0.034743
0.0329749
0.035966
0.0360476
0.0377527
0.0379135
0.0388829
0.0376642
0.0398909
0.0396484
0.0402377
0.0402124
0.0411337
0.042119
0.042555
0.042555
0.0445751
0.0438279
0.0448102
0.0407864
0.045287
0.0436325
0.0394574
0.0430259
0.0430259
0.0448773
0.0444575
0.0449801
0.0442145
0.0465906
0.0455361
0.0456464
0.0456464
0.0386907
0.0416469
0.0413934
0.039441
0.039441
0.04209
0.0421004
0.0423446
0.0423446
0.0376139
0.0405505
0.0379043
0.0394431
0.0395233
0.0412532
0.0396202
0.0378234
0.0395148
0.0421935
0.0449388
0.0449388
0.0419272
0.0383493
0.0454336
0.0418201
0.0433221
0.0450083
0.046503
0.046503
0.0463004
0.0432221
0.0432221
0.0432221
0.0432221
0.0404287
0.0453087
0.0453087
0.0453087
0.0453087
0.0420975
0.0431913
0.0389241
0.0389241
0.0365092
0.0372565
0.0376679
0.0426469
0.0424028
0.0429126
0.0393477
0.0419445
0.039666
0.0394295
0.0375138
0.0395764
0.0385098
0.0400142
0.0384054
0.0430229
0.041549
0.041549
0.0466763
0.0460815
0.0445165
0.0466543
0.0472431
0.0468276
0.0466649
0.0465746
0.044845
0.0533538
0.048041
0.0527514
0.0506802
0.048439
0.0511709
0.0492317
0.0481461
0.0444096
0.0485496
0.0492038
0.0495648
0.0474568
0.0474031
0.048899
0.0482182
0.0455291
0.0451131
0.0451131
0.0431627
0.0455732
0.0452446
0.0382012
0.0468651
0.0452123
0.0459694
0.0459694
0.0469853
0.0475896
0.0475896
0.0477922
0.0477922
0.0477922
0.0542483
0.0522787
0.0522787
0.0563802
0.0490046
0.0490046
0.0536757
0.0537871
0.0527385
0.0481258
0.0429225
0.0382071
0.0382071
0.0382071
0.0382071
0.0268354
0.0268354
0.0240797
0.0145709
-0.00159316
-0.00159316
-0.00159316
-0.000473847
-0.000473847
-0.00332478
-0.00429126
-0.00535478
-0.00491577
-0.00752808
-0.00752808
-0.0049044
-0.0046546
-0.0046546
-0.0028853
-0.0028853
-0.00118481
-0.000916882
-0.000916882
-0.00236601
-0.00278771
-0.00620141
-0.00505309
-0.00505309
-0.00414678
-0.00629826
-0.00629826
-0.00194417
-0.001836
-0.000128727
-0.000224637
-0.00201945
-0.00201945
0.00270489
0.000144671
-0.00063208
-0.00063208
-0.00063208
0.00167069
-0.00120512
-0.00120512
0.000817546
0.000817546
0.00208119
0.00165516
0.00133278
0.000116452
-0.00118948
-0.00223534
-0.00137319
-0.00137319
-0.00137319
-0.00137319
-0.00137319
0.00753299
0.0071963
0.00638232
0.00652893
0.00500842
0.00548135
0.00225166
-0.000959858
-0.001761
-0.00363505
-0.00363505
-0.00334253
-0.00334253
-0.00334253
-0.00334253
-0.00320443
-0.00320443
-0.00229686
-0.0041371
-0.0041371
-0.0041371
-0.000642989
-0.00438449
-0.004911
-0.00776159
-0.0062948
-0.00872004
-0.0093706
-0.0112298
-0.0123901
-0.0109249
-0.0105918
-0.0105918
-0.0105918
-0.00524575
-0.00467985
-0.00405048
-0.00405048
-0.000518128
-0.00105981
0.000552861
3.98585e-05
-0.00147057
-0.00320899
-0.00305303
-0.00350174
-0.00445334
-0.00541029
-0.00534531
-0.00635716
-0.00567272
-0.00669869
-0.00672059
-0.00668194
-0.00636713
-0.00837188
-0.00952628
-0.00952628
-0.00867346
-0.00896557
-0.00825622
-0.00739581
-0.00739581
-0.00739581
-0.0087085
-0.00851676
-0.00889024
-0.00966786
-0.0122827
-0.0122827
-0.00937717
-0.0103725
-0.0103725
-0.00840687
-0.00974498
-0.00974498
-0.00944353
-0.00965409
-0.00874192
-0.0100112
-0.00959161
-0.00914151
-0.00987168
-0.00987168
-0.00987168
-0.010406
-0.0104978
-0.0104978
-0.0104978
-0.0120795
-0.0128132
-0.0131028
-0.0125937
-0.0125937
-0.0121528
-0.0133833
-0.0118234
-0.0141994
-0.01324
-0.0122602
-0.0122602
-0.0110526
-0.0110948
-0.0110948
-0.0110948
-0.00988745
-0.00952666
-0.0103834
-0.0103834
-0.0103834
-0.0103834
-0.00523649
-0.00305085
-0.00388573
-0.00505581
-0.00479965
-0.00473123
-0.00287575
-0.00327157
-0.00539128
-0.00636676
-0.00636676
-0.00401164
-0.00604077
-0.00715528
-0.00715528
-0.00651899
-0.00746616
-0.00740275
-0.00740275
-0.00972491
-0.00972491
-0.00972491
-0.00972491
-0.0110183
-0.0110183
-0.0110183
-0.0116273
-0.0138348
-0.0125554
-0.0129216
-0.010495
-0.0103911
-0.0102183
-0.0097297
-0.0097297
-0.00784746
-0.00784746
-0.00483249
-0.00408508
-0.00408508
-0.00408508
-0.00262484
-0.00262484
-0.0029878
-0.00428573
-0.00428573
-0.00493861
-0.00661291
-0.00620695
-0.00620695
-0.0100699
-0.0100699
-0.0108527
-0.0121588
-0.0121588
-0.0137246
-0.0144608
-0.0144608
-0.0144608
-0.0150139
-0.0162445
-0.0176809
-0.0176809
-0.0176809
-0.0167377
-0.0167377
-0.0167377
-0.0167377
-0.0167377
-0.0167377
-0.017476
-0.017599
-0.0174205
-0.019064
-0.0188664
-0.016831
-0.016831
-0.016831
-0.0145636
-0.0145636
-0.0145636
-0.0145636
-0.0113719
-0.0120727
-0.0132544
-0.0132544
-0.0132544
-0.0132544
-0.0109879
-0.0109879
-0.0109879
-0.0109879
-0.0109879
-0.00876418
-0.0104916
-0.0104916
-0.0136645
-0.0138554
-0.0138554
-0.0133667
-0.0133667
-0.0133667
-0.0133667
-0.0149685
-0.0149685
-0.0149685
-0.0172978
-0.0185671
-0.017841
-0.017841
-0.017841
-0.0239201
-0.021131
-0.0203053
-0.0203053
-0.0203053
-0.0205929
-0.0212821
-0.0218951
-0.0230165
-0.0222593
-0.0217227
-0.0217227
-0.0217227
-0.0231768
-0.0224895
-0.0222497
-0.0222497
-0.0222199
-0.0222199
-0.0212743
-0.0212252
-0.0228148
-0.0236346
-0.0233654
-0.0233654
-0.0199265
-0.0205707
-0.0207676
-0.020237
-0.0191207
-0.0207501
-0.0189457
-0.0208393
-0.0207472
-0.0207472
-0.0231206
-0.0231867
-0.0244332
-0.0239275
-0.0247502
-0.0253022
-0.0253022
-0.0253022
-0.0247168
-0.0247168
-0.0247168
-0.0269505
-0.0275236
-0.0275236
-0.0275236
-0.0275236
-0.0300116
-0.0300116
-0.0283313
-0.0294435
-0.0273808
-0.0273808
-0.0276117
-0.0276117
-0.0246809
-0.0250906
-0.0250906
-0.0253118
-0.0240506
-0.0247079
-0.0239752
-0.0239752
-0.0230138
-0.0238565
-0.0238565
-0.0238565
-0.0252257
-0.0253198
-0.0259697
-0.0259697
-0.0268016
-0.0257662
-0.0285361
-0.029818
-0.0302452
-0.0287481
-0.0302576
-0.0323036
-0.0323036
-0.0339975
-0.0331041
-0.0326443
-0.0345651
-0.0354467
-0.0358975
-0.0358975
-0.0342758
-0.0342758
-0.0345439
-0.0321378
-0.0325321
-0.0319888
-0.0315947
-0.031362
-0.0325029
-0.0329923
-0.0313205
-0.0339177
-0.0339177
-0.0339177
-0.0299251
-0.0298333
-0.0267201
-0.0252751
-0.0260241
-0.0274374
-0.0274374
-0.0274374
-0.0273058
-0.027757
-0.027757
-0.0282754
-0.0295057
-0.0303835
-0.0316442
-0.0320691
-0.0342037
-0.0341408
-0.0345725
-0.0345725
-0.0327765
-0.0321755
-0.0348937
-0.0338096
-0.033524
-0.0344869
-0.0344048
-0.0344048
-0.0344048
-0.0344048
-0.0344048
-0.0344048
-0.0364218
-0.0357114
-0.0347055
-0.03613
-0.03613
-0.0372531
-0.0375113
-0.0374407
-0.0370699
-0.0363209
-0.0367349
-0.0378471
-0.0367713
-0.0365693
-0.036151
-0.0377534
-0.0377534
-0.0372246
-0.0401345
-0.0392164
-0.0409792
-0.0382968
-0.0367609
-0.0392202
-0.0389912
-0.0387589
-0.0380263
-0.039535
-0.0374578
-0.0373627
-0.0378346
-0.0372994
-0.0361084
-0.0366008
-0.0347071
-0.0347071
-0.0347071
-0.0347071
-0.031002
-0.0316913
-0.0300965
-0.0293427
-0.0289704
-0.0289704
-0.0286159
-0.0282771
-0.0299333
-0.0290683
-0.0290683
-0.0290683
-0.0265995
-0.0265995
-0.0285846
-0.0283179
-0.0279529
-0.0265814
-0.0269748
-0.0269748
-0.0277388
-0.027983
-0.0270307
-0.0291081
-0.0270667
-0.0286972
-0.0269616
-0.0289887
-0.02928
-0.0295279
-0.0290026
-0.0290026
-0.0290026
-0.0290026
-0.0290026
-0.0290026
-0.0279607
-0.0285823
-0.0285401
-0.0285401
-0.0285401
-0.0285401
-0.0285401
-0.0284302
-0.0290395
-0.0290395
-0.0285552
-0.0271
-0.0267284
-0.0282167
-0.0239388
-0.0239388
-0.0244566
-0.0253418
-0.0233507
-0.0262
-0.0234565
-0.0230237
-0.0230237
-0.0220654
-0.0260928
-0.0252949
-0.0256991
-0.0256991
-0.0256991
-0.0271211
-0.0263171
-0.0278828
-0.0298675
-0.0298675
-0.0298675
-0.0298675
-0.0298675
-0.0298675
-0.0255087
-0.0255087
-0.027317
-0.0261975
-0.0227822
-0.0227822
-0.0218201
-0.0229225
-0.0222135
-0.0207604
-0.0215845
-0.0198761
-0.0198761
-0.0198761
-0.0219815
-0.0235318
-0.0202558
-0.0202558
-0.0207825
-0.0207825
-0.0183657
-0.0183657
-0.0170939
-0.0159667
-0.0158201
-0.0164661
-0.0164661
-0.014753
-0.0153891
-0.0153891
-0.0153891
-0.0153891
-0.0153891
-0.0113256
-0.00801373
-0.00863911
-0.00863911
-0.00863911
-0.0101231
-0.0101231
-0.00808768
-0.00784509
-0.00373175
-0.00699671
-0.00615017
-0.00448808
-0.00622589
-0.00700659
-0.00700659
-0.00817413
-0.00427974
-0.00577636
-0.00762228
-0.00416876
-0.00416876
-0.00416876
-0.00416876
-0.00586812
-0.00433184
-0.00634939
-0.00634939
-0.00903
-0.00903
-0.00903
-0.010787
-0.0119782
-0.0107688
-0.0107688
-0.011325
-0.0134497
-0.00879189
-0.0127476
-0.00999161
-0.0111752
-0.0106659
-0.00755908
-0.00687574
-0.00697704
-0.0053402
-0.00500292
-0.00417791
-0.00417791
-0.00684785
-0.00440682
-0.00401971
-0.00401971
-0.00401971
-0.00324723
-0.00320601
-0.00320601
-0.00181875
-0.00289308
-0.00289308
-0.00327274
-0.00451867
-0.0070846
-0.00437599
-0.00778265
-0.00852583
-0.0048627
-0.0048627
-0.0048627
-0.00486546
-0.00548325
-0.00288738
-0.00424658
-0.00541991
-0.00274442
-0.00274442
-0.00509985
-0.00421972
-0.00421972
-0.00421972
-0.00674142
-0.00628553
-0.00628553
-0.00806267
-0.00411599
-0.00411599
-0.00411599
-0.00215184
-0.00420573
0.000620193
0.000319562
0.000319562
0.00426297
0.00561581
0.00561581
0.00487284
0.00914666
0.0106261
0.00846543
0.0104757
0.0120027
0.00927872
0.00944182
0.00944182
0.00944182
0.0130977
0.0145092
0.0126684
0.0146776
0.0146776
0.013156
0.0153011
0.0141406
0.0153796
0.0153796
0.0122386
0.0113358
0.0136376
0.0114029
0.0103038
0.0103038
0.00610423
0.00692272
0.00647727
0.00758761
0.00758761
0.0101587
0.00896267
0.00896267
0.00896267
0.00134693
0.0042943
0.00582117
0.00522463
0.00825454
0.00497768
0.00336451
0.00336451
0.00341013
0.00130386
0.00168604
-0.00228931
0.000859389
0.000859389
-0.00641019
-0.00526485
-0.00526485
-0.00915227
-0.00717358
-0.00903642
-0.00903642
-0.00903642
-0.0148775
-0.0161897
-0.0168556
-0.0178465
-0.0174242
-0.0184745
-0.0185467
-0.0177808
-0.0189338
-0.0173693
-0.016591
-0.0145623
-0.0152757
-0.0162616
-0.0137551
-0.013896
-0.0123304
-0.0110492
-0.0113973
-0.0109147
-0.00984722
-0.00936673
-0.00936673
-0.00855308
-0.0103588
-0.00738031
-0.00946737
-0.00639684
-0.00639684
-0.00661271
-0.0073664
-0.00662512
-0.00662512
-0.00561211
-0.00558099
-0.00297514
-0.0048275
-0.0048275
-0.0048275
-0.00390537
-0.00441783
-0.00211558
-0.00136633
-0.00063227
-0.00063227
-0.00043046
-0.000944964
0.000374816
-0.000855591
0.00173726
0.00173726
0.00275776
0.00234079
0.00185835
0.00185835
0.00234012
0.00129233
0.00123209
0.000851499
0.00204324
0.00373231
0.0042475
0.00362224
0.00329669
0.0034697
0.00194333
0.00265739
0.00328421
0.00328421
0.00550772
0.00459495
0.00567509
0.00572381
0.00597349
0.00513144
0.00520858
0.00533158
0.00477325
0.00493176
0.00492946
0.00512768
0.00521715
0.00728035
0.00821276
0.00694524
0.00765813
0.00765813
0.0085257
0.00786891
0.00798855
0.00815402
0.00869532
0.00959467
0.00944405
0.00885491
0.00899735
0.00987623
0.0107036
0.0107355
0.0107122
0.0128231
0.0128231
0.00975308
0.0097461
0.0103846
0.00964659
0.00912854
0.00984617
0.0105638
0.0113845
0.0113845
0.0113463
0.011956
0.0100432
0.010076
0.010076
0.010076
0.0101734
0.00910347
0.00950329
0.0102681
0.0108815
0.00942534
0.00930134
0.00993939
0.0106298
0.00946216
0.0100809
0.0105945
0.0112122
0.0118298
0.0104407
0.0108254
0.0127736
0.0121891
0.0137235
0.0119782
0.011015
0.0103972
0.0126259
0.0144971
0.013072
0.0136258
0.0141796
0.0129503
0.0129503
0.0122463
0.0127126
0.0130554
0.0122644
0.0135605
0.0147565
0.0155824
0.0161414
0.0147478
0.0130325
0.0150618
0.0155738
0.0155738
0.0144545
0.0157874
0.0157101
0.0137371
0.0151861
0.0145265
0.0156459
0.0160775
0.0152039
0.0154443
0.0171967
0.0154635
0.0146934
0.0158579
0.0179476
0.0164796
0.0156863
0.0149869
0.0187638
0.0172574
0.0175739
0.0155482
0.0169534
0.0170597
0.0180694
0.0181047
0.0164723
0.0164723
0.0169445
0.0169445
0.017611
0.0155523
0.0155523
0.0162059
0.0160115
0.0172243
0.0180989
0.0180989
0.0177705
0.0166125
0.0170396
0.0159868
0.0183453
0.0183453
0.0183453
0.0165872
0.0180498
0.0170016
0.016885
0.0162867
0.0162147
0.0180005
0.0159512
0.0177737
0.0197218
0.017101
0.0185821
0.0171793
0.0166681
0.0166681
0.0168628
0.0168628
0.016625
0.0182816
0.0187025
0.0170159
0.0165743
0.0172194
0.0197407
0.0160464
0.0174009
0.0163164
0.0185438
0.0176893
0.0183499
0.0183499
0.0189493
0.019005
0.0197934
0.0178984
0.0173326
0.019743
0.017953
0.017953
0.0189528
0.0186732
0.0185923
0.0175758
0.018776
0.0174685
0.0174685
0.0174685
0.0177177
0.0166986
0.0190308
0.0190308
0.0190308
0.0194997
0.0180139
0.0180139
0.0188189
0.0165316
0.0151253
0.0151253
0.0148964
0.0148964
0.0148964
0.0140837
0.0140837
0.0200282
0.0200282
0.00871288
0.00871288
0.00871288
0.00871288
0.00871288
0.00871288
0.00871288
0.00871288
0.00871288
0.00871288
0.00871288
0.00871288
0.00871288
0.00871288
0.00871288
0.00871288
0.00163879
0.00163879
0.00163879
0.00163879
0.00163879
0.00163879
0.00163879
0.00163879
0.00163879
0.00163879
0.00163879
0.00163879
0.00163879
0.00163879
0.00163879
0.00163879
0.00163879
0.00163879
0.00163879
0.00163879
0.00163879
0.00163879
0.00163879
0.00163879
0.00163879
0.00163879
-0.00286167
-0.00286167
-0.00286167
-0.00286167
-0.00286167
-0.00286167
-0.00286167
-0.00286167
-0.00286167
-0.00286167
-0.00286167
-0.00286167
-0.00286167
-0.00286167
-0.00286167
-0.00286167
-0.00286167
-0.00286167
-0.00286167
-0.00286167
-0.00463158
-0.00463158
-0.00463158
-0.00463158
-0.00571199
-0.00571199
-0.00571199
-0.00571199
-0.00703323
-0.00930928
-0.0122683
-0.0157933
-0.0181029
-0.0181029
-0.0165026
-0.0165026
-0.021033
-0.0193001
-0.0232617
-0.0237249
-0.0237249
-0.0223241
-0.0246914
-0.0246914
-0.0225075
-0.0225075
-0.020385
-0.020385
-0.0221144
-0.0211621
-0.0186991
-0.0190636
-0.0179084
-0.0179084
-0.0179084
-0.0143819
-0.0143819
-0.0131078
-0.0131078
-0.0131078
-0.0103881
-0.0103881
-0.0104856
-0.0074763
-0.00768122
-0.00768122
-0.00618196
-0.00618196
-0.00548416
-0.00474315
-0.00474315
-0.00328943
-0.00442651
-0.00442651
-0.00402697
-0.00402697
-0.0040873
-0.00408578
-0.0026033
-0.00515356
-0.00371207
-0.00511308
-0.00590999
-0.00722517
-0.008633
-0.008633
-0.00839623
-0.00839623
-0.00815163
-0.0093506
-0.0093506
-0.0105496
-0.0105496
-0.00919422
-0.00991964
-0.00861928
-0.00861928
-0.00957874
-0.00941836
-0.00987071
-0.00987071
-0.0116538
-0.00942826
-0.00830487
-0.00954942
-0.00968171
-0.0102645
-0.0102645
-0.00994838
-0.0108419
-0.0118761
-0.00874956
-0.00874956
-0.0102097
-0.010721
-0.0115171
-0.012592
-0.0106566
-0.0106566
-0.00900144
-0.0100587
-0.0111186
-0.0104254
-0.0104254
-0.0100432
-0.0100432
-0.00807161
-0.00737329
-0.00737329
-0.00691397
-0.00638593
-0.00638593
-0.00280763
-0.00432441
-0.0043056
-0.00631039
-0.00558131
-0.00424303
-0.0030728
-0.00366849
-0.00455453
-0.00365585
-0.00432438
-0.00648298
-0.00502071
-0.00502071
-0.00502071
-0.0063165
-0.0063654
-0.00500195
-0.00572089
-0.00624634
-0.00624634
-0.00686783
-0.00748932
-0.00811082
-0.00742782
-0.00742782
-0.00801815
-0.0056552
-0.00465342
-0.00565681
-0.00596585
-0.00596585
-0.00650915
-0.00650915
-0.00705245
-0.00705245
-0.00618301
-0.00386746
-0.00302341
-0.00420196
-0.00580465
-0.00456371
-0.00533128
-0.00527329
-0.00527329
-0.0028821
-0.00330423
-0.00388297
-0.00293789
-0.00293789
-0.00200392
-0.00386853
-0.00328829
-0.00285383
-0.00488331
-0.00445126
-0.00556394
-0.00566397
-0.00513425
-0.00334138
-0.00334138
-0.00612075
-0.00435132
-0.00435132
-0.0027015
-0.00090981
-0.00106731
-0.00200038
0.000124854
0.00176111
0.00176111
0.00377467
0.00377467
0.00250683
0.00150941
0.00150941
0.00115801
0.00279706
0.000496497
0.000260513
0.00181805
0.00181805
0.00181805
-0.000189385
-0.00122235
-0.00236169
-0.00125552
-0.00119258
-0.0007852
-0.000244625
-0.00224065
-0.00224065
-0.00330747
-0.00352751
-0.0045021
-0.0045021
-0.00472744
-0.00337139
-0.00357279
-0.00632167
-0.00528342
-0.00488129
-0.00359132
-0.00494566
-0.00520428
-0.00520428
-0.00556822
-0.00491187
-0.00464065
-0.00403608
-0.00489744
-0.00512773
-0.00368703
-0.00368703
-0.00368703
-0.00424163
-0.00424163
-0.00415229
-0.00277182
0.000364589
0.000364589
6.22041e-05
6.22041e-05
8.29507e-05
-9.28277e-05
-0.000145399
0.000147276
-0.00143229
-0.000101441
-0.00205596
-0.00162547
-0.000838973
-0.000838973
-0.00114704
-0.000977638
-0.00102032
0.00145882
0.000455036
-0.000421785
-0.000421785
0.00165396
-0.000123094
3.23453e-05
3.23453e-05
0.000112205
9.42811e-05
7.63572e-05
-7.78028e-05
0.00011793
-0.000319297
-0.000813088
-0.000867824
-0.000761163
-0.000761163
-0.000336709
-0.000258968
-0.00027203
-0.000285093
-0.00218215
-0.00262446
-0.00197451
-0.00387738
-0.00395114
-0.00417141
-0.0026606
-0.00268977
-0.00273876
-0.00429169
-0.00254129
-0.00254129
-0.000316842
0.000535453
0.0023395
0.000591914
0.000591914
0.00201396
0.00201396
0.00224034
0.00224034
0.000589515
0.000628305
0.000628305
0.000667095
-0.000474395
0.00203488
0.00203488
0.000519756
-0.00244608
-0.000873544
-0.00102492
-0.000850092
-0.000850092
-0.00124126
-0.00139131
-0.00139131
-0.00295687
-0.00402044
-0.00439446
-0.00133299
-0.00133299
-0.00128536
-0.00123774
-0.00119011
-0.000223062
-0.000446175
0.000527539
0.00126736
-0.000988565
0.00075598
0.00075598
0.00112438
0.00274679
0.000999273
0.00023082
0.00023082
0.00151841
0.000936703
0.00101093
0.00108516
0.00265276
0.00275081
0.00275081
-0.000243296
-0.000243296
0.000661307
0.00233356
0.00157416
-0.00184024
-0.00184024
-0.000505604
-0.000435077
0.000175829
0.00013942
-0.00132571
-0.00127898
-0.0014141
-7.75022e-05
-0.00150735
-0.00146084
0.000198173
0.000158419
0.000340699
0.000340699
0.000412769
0.000484839
-0.000775917
0.000772266
0.000948425
-0.000482745
-0.000482745
0.000678045
0.000638119
-0.00122587
0.000245806
-0.00112231
0.00194127
-0.00163519
-0.00163519
-0.000897983
-0.00205915
-0.00205915
-9.20938e-05
-9.20938e-05
-0.000322937
-0.000758196
-0.00208836
-0.00204287
-0.000371003
-0.002156
1.90997e-05
1.90997e-05
-0.000848632
-0.000968969
-0.000968969
0.00145617
0.00145617
0.00155192
0.00182652
-0.000685667
-0.00166854
-0.00166854
-0.00160259
-0.00142532
-0.00142532
-0.00154315
0.000279755
-0.00130883
-0.00130883
0.0025573
0.0025573
0.0025573
0.00023922
0.00203238
0.00203238
0.00188299
0.00188299
0.00239349
0.00239349
0.000574753
0.00265869
0.000590316
0.000590316
0.00138571
0.00204192
0.00204192
0.00147894
0.00326025
-0.000236462
-0.000169076
0.00161551
0.00161551
0.000468421
-3.35607e-05
-0.00127811
-0.000133916
0.000141181
-0.00142716
-0.00142716
-0.00305618
-0.00305618
0.00081433
-0.00130594
-0.00130594
-0.00275328
-0.00117182
-0.00110841
-0.00270081
0.000875172
1.51904e-05
0.00105388
0.00105388
0.00248192
0.00248192
0.00126144
0.000851638
0.00117275
-0.000511189
0.00277408
-0.00292281
0.000348116
0.000348116
-0.000865662
0.00137359
0.00137359
0.00137359
0.00211164
-0.00368434
0.000735013
-0.000131576
-0.000131576
-0.00205656
0.000809461
0.000792009
-0.00142642
-0.00142642
0.000385112
-0.00287222
0.000962015
0.000208378
0.000413583
0.000272944
-0.000878231
-0.00070328
-0.00070328
-0.000456987
0.000943933
-0.00220572
-0.00217008
0.00121413
0.00130329
0.00130329
0.00139245
0.00305333
0.00305333
3.12361e-05
0.00323205
0.00334651
0.000323086
0.00181234
0.00287813
0.00276797
0.00276797
0.00191385
0.0036563
0.0019515
0.0019515
0.000247451
0.000247451
-0.00309602
-0.00313903
-0.00160528
-0.000527778
-0.000527778
-0.000460914
-0.00291655
-0.00347869
-0.00176393
0.000727266
0.000776126
0.0010441
0.0010536
0.00106463
0.0012232
0.00138212
0.00146631
0.00147651
0.00159949
0.00168617
0.00166167
0.00278309
0.00198496
0.00199601
0.00200838
0.00134952
-0.000378374
-0.000378374
0.000512908
0.000512908
7.47945e-05
0.000263336
-1.21223e-05
-0.00134032
-0.00128332
-0.00128332
-0.00138068
-0.00121389
-0.00293978
-0.00291182
-0.00291182
-0.00125104
-0.00119532
-0.00119532
-0.00102781
-0.000255991
-0.00103101
-0.00103101
-0.000827841
-0.000772862
-0.000604045
-0.000604045
-0.000735407
-0.000752862
2.51182e-05
2.51182e-05
-0.000374465
-0.00027994
-0.000225756
-0.000171571
-0.000117387
-0.0002876
-0.000232242
-0.000232242
-0.000176885
0.00151967
-0.000110685
0.0017721
2.98706e-05
0.000230724
0.000285703
0.000453362
0.00207961
0.00207961
0.000337437
0.000337437
0.00222014
0.00222014
0.00222014
0.00240595
0.00240595
0.000777751
0.000777751
0.000614968
-7.69539e-05
0.000722087
-0.000922589
1.3316e-06
-0.000920968
-0.00209459
-0.00191374
-0.000592912
-0.000592912
-0.00290195
-0.00290195
-0.00256867
-0.00256867
-0.000715994
-0.000715994
-0.000663244
-0.000663244
-0.000610494
-0.000557744
-0.000557744
-0.000504994
-0.000504994
-0.000675565
-0.000693515
-0.000693515
-0.00175221
0.0028314
0.000149703
0.00149467
0.00131685
-0.000822197
0.0013098
0.000463151
-0.000252593
0.0013444
0.0013444
0.00160844
3.15931e-05
0.00188429
0.00188429
0.000350147
0.000350147
0.000403681
0.00221629
0.00229502
0.00255578
-0.000971093
0.00265977
0.00265977
0.00258159
0.00149515
0.00434925
-0.000895996
0.000129776
-8.37147e-05
-0.000912351
-0.000912351
-0.00390908
-0.00390908
0.000718911
0.000718911
-0.0013466
-0.00158243
-0.00150815
-0.00150815
-0.00128301
-0.00128301
-0.00266718
-0.0028055
-0.00193912
-0.00193912
-0.00215068
-0.000920912
-0.00103761
-0.000963329
-0.00058476
-0.000512171
-0.000439582
-0.000366994
-0.000366994
0.00140748
0.0014975
0.0014975
0.00158751
0.00167752
0.00158168
0.00266858
0.00266858
0.00394004
0.00404562
0.0041512
0.00317003
0.00426031
0.00426031
0.00446534
0.00446534
0.00484634
0.00495007
0.0050538
0.00327382
0.00327382
0.00146373
-0.000229513
0.000236942
-0.00158436
-0.00158436
0.00021538
0.00021538
-0.00202325
-0.00118005
-0.00193607
-0.00210881
-0.00192655
-0.00266381
-0.0037924
-0.00393244
-0.00393244
-0.00395739
-0.00387063
-0.00387063
-0.00205576
-0.00205576
-0.00279283
-0.00279283
-0.00299897
-0.00299897
-0.000280884
-0.000280884
-0.0019215
-0.000267146
-0.000202429
0.00166024
0.00166024
0.00169963
0.00152649
0.00353242
0.00353242
0.00461467
0.00488764
0.00481039
0.0039713
0.0039713
0.00202252
0.00207187
0.00207187
0.00244409
0.0022209
0.0026438
0.0026438
-0.00303225
-0.00146373
-0.00146373
-0.00148041
-0.00152231
-0.00106588
-0.0010576
-0.00131033
-0.00130315
-0.00129596
8.27043e-05
-0.00139628
0.000123112
0.000123112
-0.00237769
-0.00477181
-0.00477181
-0.00477181
-0.00481157
-0.00322712
-0.00133568
-0.00105061
-0.00105061
-0.000927234
-0.001338
0.00053871
0.00222507
0.00222507
0.00229766
0.00229766
0.00237024
0.00237024
0.00450639
0.0042424
0.0042424
0.00243658
0.00238594
0.00238594
0.00481082
0.00373492
0.00463189
0.00463189
-0.00236862
-0.00236862
0.00119253
0.00119253
-0.00252398
-0.00253458
-0.00253458
-0.00253458
-0.00254976
-0.00431524
-0.00253367
-0.00313282
-0.00313282
-0.00408407
-0.00261627
-0.00244236
-0.00272824
-0.00286712
-0.000709934
0.00210605
0.00210605
0.000827546
0.000827546
0.000827546
0.00261643
0.00261643
0.00297797
0.00333289
0.00340348
0.00319325
0.00416018
0.00406476
0.00406476
0.00252882
0.00176954
0.000932237
0.00329141
-0.000153118
-0.00176985
-0.000144339
-0.000144339
-0.00373931
-0.00364802
-0.00305632
-0.00369992
-0.00369992
-0.00373274
-0.00375829
-0.00580472
-0.00580472
-0.00423176
-0.00423176
-0.00386713
-0.00389268
0.00134782
-0.000365491
0.00317049
0.00313357
0.00341712
0.00469898
0.00347202
0.00347202
0.00561024
0.00561024
0.00391816
0.00353361
0.00353361
0.00378316
0.00385744
0.00385744
0.00393172
0.000533377
0.00224551
0.00224551
0.00265846
0.00271338
0.000874156
0.000874156
-0.00115271
-0.00115271
-0.00278844
-0.00281399
-0.00281399
-0.00283954
-0.00527761
-0.00527761
-0.005075
-0.00699327
-0.00511435
-0.00511435
-0.0052424
-0.0052424
-0.00716071
-0.00716071
-0.00439144
-0.00439144
-0.000834408
0.00181187
0.00150012
0.00150012
0.00155587
0.00216468
0.00216468
0.00236023
0.00241439
0.00241439
0.00414959
0.00514915
0.00316938
0.00437336
0.00552911
0.00293003
0.00298372
0.00283593
0.00283593
0.0045098
0.0045098
0.00279414
0.00277169
0.00277169
0.00247414
0.00348156
0.00329197
0.00329197
0.00306986
0.00201273
0.00162366
0.00162366
0.00177675
0.00177675
-0.00188226
-0.00582958
-0.00582958
-0.00590093
-0.00590093
-0.00796559
-0.00796559
-0.00606225
-0.00613361
-0.00613361
-0.00613361
-0.00620496
-0.00627632
-0.00627632
-0.00471606
0.000761941
0.000987412
-0.00130676
-0.00130676
0.00175206
0.00180243
0.00288592
0.00283139
0.00332707
0.00332707
0.00302771
0.00344607
0.00317677
0.00348143
0.00348143
0.00339976
0.00339976
0.00317855
0.00323761
0.00323761
0.0037129
0.0037129
0.00412252
0.00412252
0.00319216
0.00332953
0.00332953
0.00266657
0.00266657
0.00199704
0.00199704
0.00100213
0.00178814
5.92156e-05
7.29883e-05
8.6761e-05
8.6761e-05
-0.00326497
-0.00528282
-0.00327763
-0.00327763
-0.00729898
-0.00628466
-0.00628466
-0.00596121
-0.00596121
-0.00568014
-0.0059876
-0.00576868
-0.00576868
-0.00402337
-0.0040573
-0.000201679
-0.000201679
0.00157362
0.00161443
0.00233255
0.00242194
0.00347456
0.00389042
0.00389042
0.00351349
0.00400527
0.003629
0.003629
0.003629
0.00412013
0.00382522
0.0038836
0.00429717
0.00429717
0.00228089
0.0023217
0.00163947
0.00210223
0.00210223
0.00275715
0.00219448
0.000291027
0.000425122
-0.0010517
-0.0010517
-0.00137519
-0.00137519
-0.00319118
-0.00511963
-0.00528238
-0.00314769
-0.00314769
-0.00148245
-0.00330217
-0.003531
-0.00547098
-0.00374222
-0.00185167
0.000254536
9.1661e-05
3.9112e-05
2.83344e-05
0.00200047
0.00200047
0.00204278
0.0020851
0.00212742
0.000444468
0.000469165
0.00250144
-0.00018645
0.00226679
0.00230911
0.00235143
0.00235143
0.00239375
0.00239375
0.00239375
0.00232429
2.87924e-05
2.87924e-05
-0.00127675
0.00117228
0.00239746
0.0016138
0.0016138
-0.000124712
-0.000124712
-0.00117086
-0.00282801
-0.00109229
-0.00286276
-0.00289439
-0.00456791
-0.00299389
-0.00299389
-0.00303882
-0.00319158
-0.00319158
-0.00306509
-0.00298476
-0.0014188
-0.00143531
-0.00143531
-0.000242082
0.00209869
0.00213931
0.00213931
0.00217993
0.00189042
0.00263661
0.00263661
0.0016036
0.00186012
0.00246633
0.00246633
0.00106443
0.00106443
-0.000816077
-0.000816077
0.000792618
0.000792618
0.000784637
0.00257079
0.00257079
-0.00132153
-0.00118056
0.000963331
0.000963331
-0.00100685
0.000875513
0.000530368
0.000926904
0.00095406
0.000723988
0.000635554
0.000635554
0.000846167
-0.000867288
0.00108403
0.00108403
-0.000808727
-0.000808727
-0.000958606
-0.000958606
-0.00281451
-0.00069942
-0.00108253
-0.00108253
4.14434e-06
-0.00100124
0.00106067
0.000153043
-0.00066581
-0.00096638
-0.000877592
-0.000877592
-0.00182941
-0.0035233
-0.00282277
-0.00282277
-0.00108337
-0.00108337
0.000720307
0.000670941
0.00080876
0.00080876
0.00101987
0.00101987
0.000317422
0.000317422
0.00290982
0.00290982
0.00312843
0.00312843
0.00116392
0.00319385
0.00309637
0.000176176
0.000176176
0.00191484
0.00191484
0.00130459
0.00132929
-0.000413736
-0.000413736
-0.00071274
0.00106033
0.00106033
0.00106033
0.00134222
-0.00066193
-0.00407892
-0.00425879
-0.0043183
-0.00249255
-0.00413558
-0.004313
-0.00264022
-0.00455476
-0.00644693
-0.0032037
-0.00119904
-0.00128393
-0.00191878
-0.00117265
0.000742176
0.000742176
0.000876673
