0.994708
0.994708
0.994708
0.994708
0.994708
0.994707
0.994706
0.994704
0.994702
0.994699
0.994695
0.994691
0.994685
0.994679
0.994671
0.994662
0.994652
0.99464
0.994627
0.994612
0.994596
0.994578
0.994558
0.994536
0.994513
0.994487
0.994459
0.994428
0.994396
0.994361
0.994324
0.994284
0.994241
0.994196
0.994147
0.994096
0.994042
0.993985
0.993925
0.993861
0.993795
0.993724
0.993651
0.993574
0.993494
0.99341
0.993323
0.993231
0.993136
0.993037
0.992934
0.992827
0.992717
0.992601
0.992481
0.992357
0.992228
0.992096
0.991959
0.991818
0.991672
0.991521
0.991365
0.991205
0.991039
0.990869
0.990694
0.990514
0.990329
0.990139
0.989945
0.989745
0.98954
0.98933
0.989116
0.988896
0.98867
0.988438
0.988202
0.987961
0.987715
0.987463
0.987207
0.986945
0.986678
0.986407
0.986129
0.985847
0.985557
0.985263
0.984964
0.984658
0.984347
0.984029
0.983707
0.983377
