-1
-1
-0.999969
-0.999848
-0.999501
-0.998876
-0.99792
-0.997291
-0.996398
-0.994158
-0.994158
-0.992703
-0.991419
-0.990284
-0.988878
-0.987373
-0.985871
-0.984441
-0.983245
-0.98178
-0.980355
-0.978975
-0.976298
-0.974831
-0.973388
-0.971902
-0.970655
-0.9696
-0.9684
-0.967076
-0.965523
-0.963893
-0.962485
-0.961101
-0.959798
-0.958718
-0.957308
-0.956345
-0.955277
-0.953128
-0.951727
-0.950041
-0.948825
-0.947573
-0.946342
-0.945068
-0.943841
-0.942321
-0.940953
-0.939643
-0.938281
-0.936467
-0.935208
-0.933879
-0.932455
-0.931257
-0.929441
-0.927303
-0.925777
-0.924783
-0.923129
-0.921896
-0.920273
-0.919056
-0.919056
-0.917246
-0.916005
-0.914573
-0.913179
-0.911151
-0.909859
-0.908338
-0.907381
-0.906363
-0.905016
-0.903672
-0.902178
-0.900842
-0.898408
-0.897227
-0.896164
-0.894971
-0.893766
-0.892477
-0.891611
-0.890359
-0.889225
-0.887488
-0.886305
-0.885131
-0.883905
-0.882309
-0.881219
-0.87979
-0.87841
-0.877056
-0.875757
-0.874384
-0.872836
-0.871436
-0.870262
-0.869107
-0.867871
-0.866757
-0.865474
-0.864313
-0.86332
-0.862151
-0.860907
-0.859916
-0.858684
-0.857573
-0.856449
-0.855121
-0.853687
-0.852526
-0.851332
-0.849761
-0.848541
-0.847205
-0.846016
-0.844808
-0.843521
-0.842292
-0.841192
-0.83989
-0.838952
-0.837908
-0.836921
-0.835813
-0.834393
-0.833584
-0.832671
-0.831774
-0.830694
-0.829672
-0.828344
-0.82698
-0.825408
-0.824424
-0.823501
-0.822566
-0.820553
-0.819721
-0.818595
-0.817492
-0.816065
-0.814798
-0.813683
-0.812278
-0.811193
-0.81033
-0.809077
-0.808466
-0.807712
-0.80661
-0.805704
-0.804558
-0.803498
-0.802324
-0.801351
-0.800432
-0.79944
-0.798498
-0.797649
-0.7967
-0.79564
-0.794662
-0.793694
-0.792053
-0.791133
-0.791133
-0.789549
-0.788827
-0.787604
-0.78649
-0.785496
-0.784586
-0.784586
-0.782681
-0.781535
-0.780584
-0.779505
-0.77846
-0.777828
-0.776905
-0.776327
-0.77566
-0.774895
-0.774036
-0.773335
-0.771748
-0.771748
-0.770686
-0.769208
-0.768293
-0.768293
-0.766524
-0.765635
-0.764691
-0.763678
-0.762904
-0.761999
-0.760888
-0.760026
-0.759337
-0.758753
-0.758043
-0.757253
-0.756458
-0.75581
-0.755093
-0.754457
-0.753792
-0.753111
-0.752486
-0.751767
-0.750788
-0.74998
-0.749174
-0.748502
-0.747946
-0.747211
-0.746506
-0.745804
-0.745104
-0.7442
-0.743604
-0.742872
-0.742198
-0.741546
-0.740801
-0.739914
-0.739235
-0.738435
-0.737842
-0.73729
-0.736368
-0.736368
-0.735534
-0.734958
-0.734243
-0.733459
-0.732916
-0.732291
-0.731698
-0.731078
-0.729923
-0.72944
-0.728934
-0.728373
-0.727794
-0.727363
-0.726703
-0.726166
-0.725608
-0.725168
-0.724681
-0.723656
-0.723195
-0.723195
-0.722387
-0.721751
-0.72116
-0.720713
-0.720176
-0.719769
-0.719382
-0.719077
-0.718691
-0.718388
-0.717875
-0.717287
-0.716728
-0.716166
-0.715626
-0.714965
-0.714602
-0.71408
-0.713606
-0.71319
-0.712759
-0.712443
-0.71202
-0.711553
-0.711143
-0.710673
-0.710294
-0.709928
-0.709557
-0.709265
-0.708953
-0.708606
-0.70825
-0.707974
-0.707658
-0.707403
-0.707151
-0.706841
-0.706588
-0.706266
-0.705974
-0.705677
-0.705341
-0.705066
-0.704854
-0.704588
-0.704362
-0.704173
-0.703853
-0.7036
-0.70317
-0.702973
-0.702802
-0.702596
-0.702466
-0.702263
-0.702162
-0.702005
-0.701856
-0.70166
-0.70146
-0.701276
-0.701162
-0.701075
-0.701033
-0.700999
-0.700999
-0.700975
-0.700925
-0.700847
-0.700733
-0.700637
-0.700567
-0.700497
-0.700434
-0.700377
-0.700333
-0.700285
-0.700234
-0.700177
-0.700159
-0.700153
-0.700152
-0.700146
-0.700139
-0.700132
-0.70013
-0.700139
-0.700171
-0.700224
-0.700234
-0.700234
-0.700239
-0.70025
-0.70027
-0.70028
-0.700286
-0.700298
-0.700322
-0.70038
-0.70048
-0.700607
-0.700786
-0.700896
-0.701052
-0.701176
-0.701308
-0.701414
-0.701493
-0.701586
-0.701686
-0.701783
-0.701932
-0.702036
-0.702192
-0.702364
-0.702543
-0.702764
-0.702956
-0.703094
-0.703259
-0.70343
-0.703569
-0.703788
-0.703788
-0.704081
-0.704303
-0.704581
-0.704906
-0.705145
-0.70543
-0.705739
-0.705936
-0.70618
-0.706356
-0.706641
-0.706879
-0.707064
-0.707413
-0.707706
-0.708267
-0.708639
-0.708919
-0.709264
-0.709589
-0.709874
-0.7102
-0.710472
-0.71078
-0.711037
-0.711231
-0.711517
-0.71175
-0.71196
-0.712381
-0.712735
-0.71312
-0.713523
-0.713854
-0.714209
-0.714589
-0.715041
-0.715476
-0.715819
-0.716199
-0.716574
-0.716938
-0.71735
-0.717545
-0.71809
-0.718394
-0.718675
-0.719036
-0.71938
-0.719667
-0.720087
-0.720444
-0.72088
-0.72121
-0.721485
-0.721745
-0.721943
-0.722475
-0.72273
-0.723035
-0.723324
-0.723631
-0.724069
-0.7245
-0.725086
-0.725626
-0.726074
-0.726393
-0.726841
-0.727133
-0.727465
-0.727787
-0.728192
-0.728633
-0.72901
-0.729849
-0.730331
-0.730331
-0.730939
-0.731399
-0.731971
-0.732285
-0.732662
-0.733043
-0.733446
-0.733826
-0.734208
-0.735143
-0.735143
-0.736155
-0.736606
-0.73694
-0.737299
-0.737812
-0.738234
-0.738556
-0.738898
-0.739352
-0.739866
-0.740787
-0.741293
-0.741293
-0.742325
-0.742749
-0.743162
-0.743505
-0.744123
-0.744451
-0.744941
-0.745589
-0.746002
-0.746399
-0.746855
-0.747328
-0.747735
-0.74811
-0.748651
-0.748985
-0.749368
-0.749943
-0.750395
-0.750958
-0.751484
-0.752052
-0.752577
-0.752918
-0.753403
-0.753859
-0.754698
-0.755213
-0.7558
-0.756163
-0.756765
-0.75739
-0.7579
-0.758347
-0.758641
-0.759068
-0.759645
-0.76023
-0.760814
-0.761434
-0.762035
-0.762522
-0.762855
-0.763234
-0.764171
-0.76464
-0.765079
-0.765728
-0.766295
-0.766786
-0.767502
-0.76821
-0.76871
-0.769105
-0.76959
-0.770089
-0.770619
-0.771078
-0.771581
-0.772186
-0.772692
-0.772936
-0.774015
-0.774378
-0.774807
-0.775074
-0.775526
-0.775967
-0.776523
-0.777113
-0.777632
-0.778173
-0.778709
-0.77972
-0.780348
-0.780871
-0.781428
-0.781934
-0.782257
-0.782628
-0.783015
-0.783535
-0.784105
-0.784633
-0.785195
-0.785666
-0.786293
-0.786757
-0.787408
-0.787892
-0.788443
-0.789026
-0.789715
-0.790227
-0.790566
-0.790979
-0.791515
-0.792067
-0.792751
-0.793454
-0.79408
-0.794477
-0.794897
-0.79557
-0.796192
-0.796787
-0.797416
-0.797951
-0.798524
-0.799038
-0.799661
-0.800158
-0.800707
-0.801191
-0.801677
-0.802176
-0.802731
-0.80346
-0.804033
-0.80444
-0.805043
-0.80579
-0.80632
-0.806855
-0.807443
-0.808085
-0.808581
-0.80895
-0.809475
-0.810158
-0.810915
-0.811497
-0.811984
-0.812442
-0.812992
-0.813531
-0.814247
-0.815442
-0.815945
-0.816466
-0.816908
-0.817381
-0.817831
-0.81825
-0.818887
-0.819596
-0.820144
-0.820647
-0.821042
-0.821576
-0.822212
-0.823155
-0.82361
-0.82412
-0.824833
-0.825463
-0.825996
-0.826595
-0.827062
-0.827897
-0.828478
-0.829191
-0.829782
-0.830347
-0.83078
-0.831286
-0.831899
-0.832614
-0.833158
-0.833855
-0.834363
-0.83498
-0.835637
-0.836168
-0.836869
-0.837503
-0.838252
-0.838882
-0.83941
-0.839947
-0.840339
-0.840707
-0.8413
-0.84207
-0.842689
-0.843281
-0.844647
-0.845359
-0.84621
-0.847083
-0.847083
-0.848292
-0.848906
-0.849366
-0.849882
-0.850478
-0.851326
-0.852039
-0.852833
-0.853375
-0.85394
-0.854421
-0.855075
-0.855703
-0.85628
-0.856826
-0.857433
-0.858164
-0.858994
-0.859718
-0.860733
-0.861714
-0.862587
-0.86347
-0.864286
-0.864969
-0.865776
-0.866775
-0.867538
-0.86863
-0.869752
-0.870524
-0.872218
-0.873376
-0.874699
-0.875901
-0.877324
-0.878569
-0.879878
-0.880803
-0.881874
-0.883531
-0.884958
-0.885844
-0.887097
-0.888545
-0.891617
-0.89305
-0.894197
-0.895477
-0.89665
-0.898048
-0.900228
-0.901719
-0.903007
-0.904584
-0.90607
-0.907574
-0.908285
-0.909629
-0.910981
-0.913993
-0.915277
-0.916144
-0.917166
-0.918344
-0.919944
-0.921962
-0.923346
-0.924403
-0.92583
-0.927572
-0.929228
-0.931047
-0.932477
-0.933797
-0.93466
-0.935298
-0.93601
-0.93662
-0.937161
-0.937871
-0.938781
-0.93963
-0.940401
-0.941018
-0.94145
-0.941822
-0.942222
-0.943152
-0.94375
-0.944304
-0.944776
-0.945253
-0.945565
-0.945957
-0.94627
-0.946677
-0.947016
-0.947318
-0.947607
-0.94823
-0.948715
-0.949332
-0.950015
-0.950616
-0.951045
-0.951716
-0.951997
-0.952326
-0.95261
-0.952969
-0.953214
-0.953214
-0.953546
-0.953968
-0.954752
-0.955145
-0.955603
-0.956011
-0.956416
-0.956738
-0.957019
-0.957349
-0.957655
-0.95789
-0.958057
-0.958171
-0.958347
-0.958347
-0.958643
-0.958932
-0.959179
-0.959365
-0.959547
-0.959944
-0.960143
-0.96033
-0.960431
-0.960484
-0.960514
-0.960534
-0.960564
-0.960626
-0.960753
-0.960938
-0.961091
-0.961238
-0.961399
-0.961567
-0.961751
-0.96193
-0.962178
-0.962463
-0.962817
-0.963283
-0.963283
-0.963546
-0.963732
-0.963888
-0.964088
-0.964227
-0.964414
-0.964567
-0.964766
-0.96489
-0.965038
-0.965237
-0.965412
-0.965575
-0.965678
-0.965773
-0.965817
-0.965922
-0.966036
-0.966159
-0.966276
-0.966473
-0.96665
-0.966757
-0.966852
-0.966909
-0.966954
-0.967001
-0.967172
-0.967324
-0.96756
-0.967823
-0.968129
-0.968326
-0.968422
-0.968481
-0.968507
-0.96854
-0.968608
-0.968739
-0.968894
-0.969043
-0.969184
-0.969289
-0.969414
-0.96952
-0.969638
-0.969683
-0.96971
-0.969732
-0.969763
-0.96981
-0.96988
-0.969953
-0.97005
-0.970207
-0.970207
-0.970355
-0.970431
-0.970453
-0.970504
-0.970577
-0.970695
-0.970784
-0.970884
-0.971064
-0.97125
-0.971399
-0.971589
-0.971819
-0.971959
-0.972148
-0.972357
-0.97262
-0.972982
-0.973332
-0.973626
-0.973785
-0.973912
-0.973993
-0.974029
-0.974058
-0.974088
-0.974142
-0.97419
-0.974262
-0.974338
-0.974338
-0.974538
-0.97469
-0.97489
-0.975042
-0.975115
-0.975107
-0.975111
-0.975091
-0.975058
-0.975019
-0.975003
-0.974998
-0.975022
-0.975061
-0.975147
