7.35196
7.35115
7.35115
7.35115
7.35115
7.35115
7.35115
7.58101
7.63394
7.71231
7.79312
7.82988
7.85219
7.85219
7.85219
7.85266
7.85396
7.85276
7.84883
7.84163
7.8434
7.84892
7.85259
7.85673
7.85695
7.85695
7.85919
7.86031
7.85875
7.85692
7.85375
7.8507
7.8507
7.84403
7.84403
7.8364
7.83266
7.82967
7.82576
7.82196
7.81943
7.81576
7.81348
7.81053
7.80827
7.80605
7.80374
7.80186
7.79987
7.79787
7.79787
7.79462
7.79415
7.79256
7.79096
7.78967
7.78868
7.78816
7.78674
7.78616
7.78559
7.78561
7.78461
7.7845
7.78322
7.78315
7.78402
7.78316
7.78316
7.7825
7.78348
7.78424
7.78403
7.78282
7.78384
7.78495
7.78533
7.78653
7.78648
7.7871
7.78868
7.78964
7.79096
7.79256
7.79404
7.79539
7.7966
7.79838
7.79999
7.80258
7.80454
7.80526
7.8079
7.81051
7.81308
7.81569
7.81785
7.82028
7.82247
7.82486
7.82745
7.83174
7.83452
7.8363
7.83846
7.84197
7.84494
7.8483
7.85104
7.85353
7.85353
7.86175
7.86436
7.86711
7.87188
7.87521
7.87882
7.87882
7.88512
7.88795
7.89128
7.89483
7.8981
7.90104
7.90292
7.90442
7.90733
7.91003
7.91242
7.91332
7.91332
7.91332
7.92054
7.9222
7.9222
7.92378
7.9259
7.92728
7.92709
7.92821
7.93018
7.93062
7.93169
7.9324
7.92984
7.92984
7.92984
7.93345
7.9333
7.93267
7.93267
7.93483
7.93581
7.93619
7.93548
7.93636
7.93721
7.93693
7.93687
7.93687
7.94077
7.94206
7.94144
7.94202
7.944
7.944
7.94748
7.94842
7.94963
7.94835
7.94899
7.95156
7.95365
7.95555
7.95539
7.956
7.95775
7.95933
7.95996
7.95753
7.96064
7.96438
7.96569
7.96754
7.96749
7.97008
7.97177
7.97177
7.97277
7.97269
7.97269
7.97614
7.9781
7.97906
7.97974
7.98131
7.98073
7.98245
7.98378
7.98433
7.98433
7.98547
7.98537
7.98389
7.98204
7.98114
7.97885
7.97681
7.97374
7.97092
7.96641
7.96223
7.96223
7.95508
7.95007
7.94553
7.94553
7.94553
7.93001
7.923
7.91793
7.91105
7.91105
7.91105
7.89191
7.88557
7.88557
7.87139
7.86428
7.8575
7.85091
7.85091
7.83711
7.83711
7.82601
7.82601
7.81627
7.81627
7.80753
7.80753
7.80753
7.79924
7.79702
7.79702
7.79702
7.79702
7.79702
7.79702
7.79702
7.79702
7.79425
7.79494
7.79494
7.79494
7.79494
7.79994
7.80193
7.80193
7.80616
7.80857
7.81125
7.81125
7.81722
7.82017
7.82276
7.82276
7.82986
7.8337
7.83685
7.83685
7.84388
7.84388
7.84388
7.85397
7.85824
7.86152
7.86152
7.86917
7.87178
7.8758
7.8758
7.8758
7.88455
7.8881
7.89029
7.89029
7.89029
7.89936
7.90152
7.90434
7.90655
7.9089
7.9089
7.91332
7.91521
7.91747
7.91747
7.91747
7.92407
7.92616
7.92616
7.93024
7.93271
7.93448
7.93623
7.93742
7.93876
7.94034
7.94181
7.94394
7.94394
7.94745
7.94745
7.9504
7.9504
7.95336
7.95514
7.95684
7.95844
7.96007
7.96007
7.96007
7.96379
7.96379
7.96379
7.96756
7.9686
7.96941
7.97024
7.97024
7.97219
7.9728
7.97345
7.97345
7.97427
7.97427
7.97537
7.97561
7.97619
7.97702
7.97785
7.97833
7.97852
7.97934
7.98009
7.9802
7.98074
7.98074
7.98074
7.98261
7.98336
7.98336
7.98455
7.985
7.985
7.98636
7.98721
7.98763
7.98833
7.98833
7.98967
7.98967
7.99043
7.99083
7.99083
7.99083
7.992
7.99206
7.99206
7.99215
7.99268
7.99268
7.9928
7.9928
7.99322
7.99368
7.99368
7.99349
7.99372
7.99372
7.99425
7.99481
7.99501
7.99535
7.99565
7.99568
7.99562
7.99537
7.99532
7.99532
7.99532
7.99544
7.99536
7.99535
7.99532
7.9959
7.9959
7.9959
7.99617
7.99608
7.99607
7.99611
7.99611
7.99593
7.99636
7.99636
7.99636
7.99691
7.9969
7.9969
7.9969
7.99678
7.99668
7.99668
7.99695
7.99687
7.99687
7.99714
7.99714
7.99714
7.99714
7.99644
7.99641
7.99621
7.99602
7.99542
7.99542
7.99542
7.99518
7.99518
7.99502
7.99522
7.99478
7.99495
7.99511
7.99511
7.99565
7.99582
7.99654
7.99673
7.99675
7.9969
7.99672
7.99671
7.9967
7.99643
7.99632
7.9958
7.9958
7.99565
7.9955
7.99539
7.99563
7.99576
7.99576
