-0.005
-0.015
-0.025
-0.035
-0.045
-0.055
-0.065
-0.075
-0.085
-0.095
-0.105
-0.115
-0.125
-0.135
-0.145
-0.155
-0.165
-0.175
-0.185
-0.195
-0.205
-0.215
-0.225
-0.235
-0.245
-0.255
-0.265
-0.275
-0.285
-0.295
-0.305
-0.315
-0.325
-0.335
-0.345
-0.355
-0.365
-0.375
-0.385
-0.395
-0.405
-0.415
-0.425
-0.435
-0.445
-0.455
-0.465
-0.475
-0.485
-0.495
-0.505
-0.515
-0.525
-0.535
-0.545
-0.555
-0.565
-0.575
-0.585
-0.595
-0.605
-0.615
-0.625
-0.635
-0.645
-0.655
-0.665
-0.675
-0.685
-0.695
-0.705
-0.715
-0.725
-0.735
-0.745
-0.755
-0.765
-0.775
-0.785
-0.795
-0.805
-0.815
-0.825
-0.835
-0.845
-0.855
-0.865
-0.875
-0.885
-0.895
-0.905
-0.915
-0.925
-0.935
-0.945
-0.955
-0.965
-0.975
-0.985
0
-0.01
-0.02
-0.03
-0.04
-0.05
-0.06
-0.07
-0.08
-0.09
-0.1
-0.11
-0.12
-0.13
-0.14
-0.15
-0.16
-0.17
-0.18
-0.19
-0.2
-0.21
-0.22
-0.23
-0.24
-0.25
-0.26
-0.27
-0.28
-0.29
-0.3
-0.31
-0.32
-0.33
-0.34
-0.35
-0.36
-0.37
-0.38
-0.39
-0.4
-0.41
-0.42
-0.43
-0.44
-0.45
-0.46
-0.47
-0.48
-0.49
-0.5
-0.51
-0.52
-0.53
-0.54
-0.55
-0.56
-0.57
-0.58
-0.59
-0.6
-0.61
-0.62
-0.63
-0.64
-0.65
-0.66
-0.67
-0.68
-0.69
-0.7
-0.71
-0.72
-0.73
-0.74
-0.75
-0.76
-0.77
-0.78
-0.79
-0.8
-0.81
-0.82
-0.83
-0.84
-0.85
-0.86
-0.87
-0.88
-0.89
-0.9
-0.91
-0.92
-0.93
-0.94
-0.95
-0.96
-0.97
-0.98
-0.99
0
-0.01
-0.02
-0.03
-0.04
-0.05
-0.06
-0.07
-0.08
-0.09
-0.1
-0.11
-0.12
-0.13
-0.14
-0.15
-0.16
-0.17
-0.18
-0.19
-0.2
-0.21
-0.22
-0.23
-0.24
-0.25
-0.26
-0.27
-0.28
-0.29
-0.3
-0.31
-0.32
-0.33
-0.34
-0.35
-0.36
-0.37
-0.38
-0.39
-0.4
-0.41
-0.42
-0.43
-0.44
-0.45
-0.46
-0.47
-0.48
-0.49
-0.5
-0.51
-0.52
-0.53
-0.54
-0.55
-0.56
-0.57
-0.58
-0.59
-0.6
-0.61
-0.62
-0.63
-0.64
-0.65
-0.66
-0.67
-0.68
-0.69
-0.7
-0.71
-0.72
-0.73
-0.74
-0.75
-0.76
-0.77
-0.78
-0.79
-0.8
-0.81
-0.82
-0.83
-0.84
-0.85
-0.86
-0.87
-0.88
-0.89
-0.9
-0.91
-0.92
-0.93
-0.94
-0.95
-0.96
-0.97
-0.98
-0.99
0
-0.01
-0.02
-0.03
-0.04
-0.05
-0.06
-0.07
-0.08
-0.09
-0.1
-0.11
-0.12
-0.13
-0.14
-0.15
-0.16
-0.17
-0.18
-0.19
-0.2
-0.21
-0.22
-0.23
-0.24
-0.25
-0.26
-0.27
-0.28
-0.29
-0.3
-0.31
-0.32
-0.33
-0.34
-0.35
-0.36
-0.37
-0.38
-0.39
-0.4
-0.41
-0.42
-0.43
-0.44
-0.45
-0.46
-0.47
-0.48
-0.49
-0.5
-0.51
-0.52
-0.53
-0.54
-0.55
-0.56
-0.57
-0.58
-0.59
-0.6
-0.61
-0.62
-0.63
-0.64
-0.65
-0.66
-0.67
-0.68
-0.69
-0.7
-0.71
-0.72
-0.73
-0.74
-0.75
-0.76
-0.77
-0.78
-0.79
-0.8
-0.81
-0.82
-0.83
-0.84
-0.85
-0.86
-0.87
-0.88
-0.89
-0.9
-0.91
-0.92
-0.93
-0.94
-0.95
-0.96
-0.97
-0.98
-0.99
0
-0.01
-0.02
-0.03
-0.04
-0.05
-0.06
-0.07
-0.08
-0.09
-0.1
-0.11
-0.12
-0.13
-0.14
-0.15
-0.16
-0.17
-0.18
-0.19
-0.2
-0.21
-0.22
-0.23
-0.24
-0.25
-0.26
-0.27
-0.28
-0.29
-0.3
-0.31
-0.32
-0.33
-0.34
-0.35
-0.36
-0.37
-0.38
-0.39
-0.4
-0.41
-0.42
-0.43
-0.44
-0.45
-0.46
-0.47
-0.48
-0.49
-0.5
-0.51
-0.52
-0.53
-0.54
-0.55
-0.56
-0.57
-0.58
-0.59
-0.6
-0.61
-0.62
-0.63
-0.64
-0.65
-0.66
-0.67
-0.68
-0.69
-0.7
-0.71
-0.72
-0.73
-0.74
-0.75
-0.76
-0.77
-0.78
-0.79
-0.8
-0.81
-0.82
-0.83
-0.84
-0.85
-0.86
-0.87
-0.88
-0.89
-0.9
-0.91
-0.92
-0.93
-0.94
-0.95
-0.96
-0.97
-0.98
-0.99
0
-0.01
-0.02
-0.03
-0.04
-0.05
-0.06
-0.07
-0.08
-0.09
-0.1
-0.11
-0.12
-0.13
-0.14
-0.15
-0.16
-0.17
-0.18
-0.19
-0.2
-0.21
-0.22
-0.23
-0.24
-0.25
-0.26
-0.27
-0.28
-0.29
-0.3
-0.31
-0.32
-0.33
-0.34
-0.35
-0.36
-0.37
-0.38
-0.39
-0.4
-0.41
-0.42
-0.43
-0.44
-0.45
-0.46
-0.47
-0.48
-0.49
-0.5
-0.51
-0.52
-0.53
-0.54
-0.55
-0.56
-0.57
-0.58
-0.59
-0.6
-0.61
-0.62
-0.63
-0.64
-0.65
-0.66
-0.67
-0.68
-0.69
-0.7
-0.71
-0.72
-0.73
-0.74
-0.75
-0.76
-0.77
-0.78
-0.79
-0.8
-0.81
-0.82
-0.83
-0.84
-0.85
-0.86
-0.87
-0.88
-0.89
-0.9
-0.91
-0.92
-0.93
-0.94
-0.95
-0.96
-0.97
-0.98
-0.99
0
-0.01
-0.02
-0.03
-0.04
-0.05
-0.06
-0.07
-0.08
-0.09
-0.1
-0.11
-0.12
-0.13
-0.14
-0.15
-0.16
-0.17
-0.18
-0.19
-0.2
-0.21
-0.22
-0.23
-0.24
-0.25
-0.26
-0.27
-0.28
-0.29
-0.3
-0.31
-0.32
-0.33
-0.34
-0.35
-0.36
-0.37
-0.38
-0.39
-0.4
-0.41
-0.42
-0.43
-0.44
-0.45
-0.46
-0.47
-0.48
-0.49
-0.5
-0.51
-0.52
-0.53
-0.54
-0.55
-0.56
-0.57
-0.58
-0.59
-0.6
-0.61
-0.62
-0.63
-0.64
-0.65
-0.66
-0.67
-0.68
-0.69
-0.7
-0.71
-0.72
-0.73
-0.74
-0.75
-0.76
-0.77
-0.78
-0.79
-0.8
-0.81
-0.82
-0.83
-0.84
-0.85
-0.86
-0.87
-0.88
-0.89
-0.9
-0.91
-0.92
-0.93
-0.94
-0.95
-0.96
-0.97
-0.98
-0.99
0
-0.01
-0.02
-0.03
-0.04
-0.05
-0.06
-0.07
-0.08
-0.09
-0.1
-0.11
-0.12
-0.13
-0.14
-0.15
-0.16
-0.17
-0.18
-0.19
-0.2
-0.21
-0.22
-0.23
-0.24
-0.25
-0.26
-0.27
-0.28
-0.29
-0.3
-0.31
-0.32
-0.33
-0.34
-0.35
-0.36
-0.37
-0.38
-0.39
-0.4
-0.41
-0.42
-0.43
-0.44
-0.45
-0.46
-0.47
-0.48
-0.49
-0.5
-0.51
-0.52
-0.53
-0.54
-0.55
-0.56
-0.57
-0.58
-0.59
-0.6
-0.61
-0.62
-0.63
-0.64
-0.65
-0.66
-0.67
-0.68
-0.69
-0.7
-0.71
-0.72
-0.73
-0.74
-0.75
-0.76
-0.77
-0.78
-0.79
-0.8
-0.81
-0.82
-0.83
-0.84
-0.85
-0.86
-0.87
-0.88
-0.89
-0.9
-0.91
-0.92
-0.93
-0.94
-0.95
-0.96
-0.97
-0.98
-0.99
0
-0.01
-0.02
-0.03
-0.04
-0.05
-0.06
-0.07
-0.08
-0.09
-0.1
-0.11
-0.12
-0.13
-0.14
-0.15
-0.16
-0.17
-0.18
-0.19
-0.2
-0.21
-0.22
-0.23
-0.24
-0.25
-0.26
-0.27
-0.28
-0.29
-0.3
-0.31
-0.32
-0.33
-0.34
-0.35
-0.36
-0.37
-0.38
-0.39
-0.4
-0.41
-0.42
-0.43
-0.44
-0.45
-0.46
-0.47
-0.48
-0.49
-0.5
-0.51
-0.52
-0.53
-0.54
-0.55
-0.56
-0.57
-0.58
-0.59
-0.6
-0.61
-0.62
-0.63
-0.64
-0.65
-0.66
-0.67
-0.68
-0.69
-0.7
-0.71
-0.72
-0.73
-0.74
-0.75
-0.76
-0.77
-0.78
-0.79
-0.8
-0.81
-0.82
-0.83
-0.84
-0.85
-0.86
-0.87
-0.88
-0.89
-0.9
-0.91
-0.92
-0.93
-0.94
-0.95
-0.96
-0.97
-0.98
-0.99
0
-0.01
-0.02
-0.03
-0.04
-0.05
-0.06
-0.07
-0.08
-0.09
-0.1
-0.11
-0.12
-0.13
-0.14
-0.15
-0.16
-0.17
-0.18
-0.19
-0.2
-0.21
-0.22
-0.23
-0.24
-0.25
-0.26
-0.27
-0.28
-0.29
-0.3
-0.31
-0.32
-0.33
-0.34
-0.35
-0.36
-0.37
-0.38
-0.39
-0.4
-0.41
-0.42
-0.43
-0.44
-0.45
-0.46
-0.47
-0.48
-0.49
-0.5
-0.51
-0.52
-0.53
-0.54
-0.55
-0.56
-0.57
-0.58
-0.59
-0.6
-0.61
-0.62
-0.63
-0.64
-0.65
-0.66
-0.67
-0.68
-0.69
-0.7
-0.71
-0.72
-0.73
-0.74
-0.75
-0.76
-0.77
-0.78
-0.79
-0.8
-0.81
-0.82
-0.83
-0.84
-0.85
-0.86
-0.87
-0.88
-0.89
-0.9
-0.91
-0.92
-0.93
-0.94
-0.95
-0.96
-0.97
-0.98
-0.99
0
-0.01
-0.02
-0.03
-0.04
-0.05
-0.06
-0.07
-0.08
-0.09
-0.1
-0.11
-0.12
-0.13
-0.14
-0.15
-0.16
-0.17
-0.18
-0.19
-0.2
-0.21
-0.22
-0.23
-0.24
-0.25
-0.26
-0.27
-0.28
-0.29
-0.3
-0.31
-0.32
-0.33
-0.34
-0.35
-0.36
-0.37
-0.38
-0.39
-0.4
-0.41
-0.42
-0.43
-0.44
-0.45
-0.46
-0.47
-0.48
-0.49
-0.5
-0.51
-0.52
-0.53
-0.54
-0.55
-0.56
-0.57
-0.58
-0.59
-0.6
-0.61
-0.62
-0.63
-0.64
-0.65
-0.66
-0.67
-0.68
-0.69
-0.7
-0.71
-0.72
-0.73
-0.74
-0.75
-0.76
-0.77
-0.78
-0.79
-0.8
-0.81
-0.82
-0.83
-0.84
-0.85
-0.86
-0.87
-0.88
-0.89
-0.9
-0.91
-0.92
-0.93
-0.94
-0.95
-0.96
-0.97
-0.98
-0.99
0
-0.01
-0.02
-0.03
-0.04
-0.05
-0.06
-0.07
-0.08
-0.09
-0.1
-0.11
-0.12
-0.13
-0.14
-0.15
-0.16
-0.17
-0.18
-0.19
-0.2
-0.21
-0.22
-0.23
-0.24
-0.25
-0.26
-0.27
-0.28
-0.29
-0.3
-0.31
-0.32
-0.33
-0.34
-0.35
-0.36
-0.37
-0.38
-0.39
-0.4
-0.41
-0.42
-0.43
-0.44
-0.45
-0.46
-0.47
-0.48
-0.49
-0.5
-0.51
-0.52
-0.53
-0.54
-0.55
-0.56
-0.57
-0.58
-0.59
-0.6
-0.61
-0.62
-0.63
-0.64
-0.65
-0.66
-0.67
-0.68
-0.69
-0.7
-0.71
-0.72
-0.73
-0.74
-0.75
-0.76
-0.77
-0.78
-0.79
-0.8
-0.81
-0.82
-0.83
-0.84
-0.85
-0.86
-0.87
-0.88
-0.89
-0.9
-0.91
-0.92
-0.93
-0.94
-0.95
-0.96
-0.97
-0.98
-0.99
0
-0.01
-0.02
-0.03
-0.04
-0.05
-0.06
-0.07
-0.08
-0.09
-0.1
-0.11
-0.12
-0.13
-0.14
-0.15
-0.16
-0.17
-0.18
-0.19
-0.2
-0.21
-0.22
-0.23
-0.24
-0.25
-0.26
-0.27
-0.28
-0.29
-0.3
-0.31
-0.32
-0.33
-0.34
-0.35
-0.36
-0.37
-0.38
-0.39
-0.4
-0.41
-0.42
-0.43
-0.44
-0.45
-0.46
-0.47
-0.48
-0.49
-0.5
-0.51
-0.52
-0.53
-0.54
-0.55
-0.56
-0.57
-0.58
-0.59
-0.6
-0.61
-0.62
-0.63
-0.64
-0.65
-0.66
-0.67
-0.68
-0.69
-0.7
-0.71
-0.72
-0.73
-0.74
-0.75
-0.76
-0.77
-0.78
-0.79
-0.79
-0.79
-0.79
-0.79
-0.79
-0.79
-0.79
-0.79
-0.79
-0.79
-0.79
-0.79
-0.79
-0.79
-0.79
-0.79
-0.79
-0.79
-0.79
-0.79
0
0
0
0
0
0
0
0
0
0
0
0
0
0
0
0
0
0
0
0
0
0
0
0
0
0
0
0
0
0
0
0
0
0
0
0
0
0
0
0
0
0
0
0
0
0
0
0
0
0
0
0
0
0
0
0
0
0
0
0
0
0
0
0
0
0
0
0
0
0
0
0
0
0
0
0
0
0
0
0
0
0
0
0
0
0
0
0
0
0
0
0
0
0
0
0
0
0
0
0
0
0
0
0
0
0
0
0
0
0
0
0
0
0
0
0
0
0
0
0
0
0
0
0
0
0
0
0
0
0
0
0
0
0
0
0
0
0
0
0
0
0
0
0
0
0
0
0
0
0
0
0
0
0
0
0
0
0
0
0
0
0
0
0
0
0
0
0
0
0
0
0
0
0
0
0
0
0
0
0
0
0
0
0
0
0
0
0
0
0
0.01
0.02
0.03
0.04
0.05
0.06
0.07
0.08
0.09
0.1
0
0.01
0.02
0.03
0.04
0.05
0.06
0.07
0.08
0.09
0.1
0.11
0.12
0.13
0.14
0.15
0.16
0.17
0.18
0.19
0.2
0.21
0.22
0.23
0.24
0.25
0.26
0.27
0.28
0.29
0.3
0.31
0.32
0.33
0.34
0.35
0.36
0.37
0.38
0.39
0.4
0.41
0.42
0.43
0.44
0.45
0.46
0.47
0.48
0.49
0.5
0.51
0.52
0.53
0.54
0.55
0.56
0.57
0.58
0.59
0.6
0.61
0.62
0.63
0.64
0.65
0.66
0.67
0.68
0.69
0.7
0.71
0.72
0.73
0.74
0.75
0.76
0.77
0.78
0.79
0.8
0.81
0.82
0.83
0.84
0.85
0.86
0.87
0.88
0.89
0.9
0.91
0.92
0.93
0.94
0.95
0.96
0.97
0.98
0.99
0
0.01
0.02
0.03
0.04
0.05
0.06
0.07
0.08
0.09
0.1
0.11
0.12
0.13
0.14
0.15
0.16
0.17
0.18
0.19
0.2
0.21
0.22
0.23
0.24
0.25
0.26
0.27
0.28
0.29
0.3
0.31
0.32
0.33
0.34
0.35
0.36
0.37
0.38
0.39
0.4
0.41
0.42
0.43
0.44
0.45
0.46
0.47
0.48
0.49
0.5
0.51
0.52
0.53
0.54
0.55
0.56
0.57
0.58
0.59
0.6
0.61
0.62
0.63
0.64
0.65
0.66
0.67
0.68
0.69
0.7
0.71
0.72
0.73
0.74
0.75
0.76
0.77
0.78
0.79
0.8
0.81
0.82
0.83
0.84
0.85
0.86
0.87
0.88
0.89
0.9
0.91
0.92
0.93
0.94
0.95
0.96
0.97
0.98
0.99
0
0.01
0.02
0.03
0.04
0.05
0.06
0.07
0.08
0.09
0.1
0.11
0.12
0.13
0.14
0.15
0.16
0.17
0.18
0.19
0.2
0.21
0.22
0.23
0.24
0.25
0.26
0.27
0.28
0.29
0.3
0.31
0.32
0.33
0.34
0.35
0.36
0.37
0.38
0.39
0.4
0.41
0.42
0.43
0.44
0.45
0.46
0.47
0.48
0.49
0.5
0.51
0.52
0.53
0.54
0.55
0.56
0.57
0.58
0.59
0.6
0.61
0.62
0.63
0.64
0.65
0.66
0.67
0.68
0.69
0.7
0.71
0.72
0.73
0.74
0.75
0.76
0.77
0.78
0.79
0.8
0.81
0.82
0.83
0.84
0.85
0.86
0.87
0.88
0.89
0.9
0.91
0.92
0.93
0.94
0.95
0.96
0.97
0.98
0.99
0
0.01
0.02
0.03
0.04
0.05
0.06
0.07
0.08
0.09
0.1
0.11
0.12
0.13
0.14
0.15
0.16
0.17
0.18
0.19
0.2
0.21
0.22
0.23
0.24
0.25
0.26
0.27
0.28
0.29
0.3
0.31
0.32
0.33
0.34
0.35
0.36
0.37
0.38
0.39
0.4
0.41
0.42
0.43
0.44
0.45
0.46
0.47
0.48
0.49
0.5
0.51
0.52
0.53
0.54
0.55
0.56
0.57
0.58
0.59
0.6
0.61
0.62
0.63
0.64
0.65
0.66
0.67
0.68
0.69
0.7
0.71
0.72
0.73
0.74
0.75
0.76
0.77
0.78
0.79
0.8
0.81
0.82
0.83
0.84
0.85
0.86
0.87
0.88
0.89
0.9
0.91
0.92
0.93
0.94
0.95
0.96
0.97
0.98
0.99
0
0.01
0.02
0.03
0.04
0.05
0.06
0.07
0.08
0.09
0.1
0.11
0.12
0.13
0.14
0.15
0.16
