-3.50191
-3.50191
-3.50191
-3.50191
-3.50138
-3.50138
-3.49545
-3.47922
-3.46316
-3.44013
-3.42319
-3.40245
-3.38622
-3.37498
-3.36444
-3.35332
-3.34255
-3.34255
-3.32098
-3.30207
-3.28831
-3.27439
-3.26337
-3.2483
-3.2369
-3.22701
-3.21753
-3.20222
-3.18897
-3.17585
-3.16333
-3.15161
-3.14162
-3.12977
-3.11673
-3.10311
-3.08523
-3.06963
-3.0558
-3.04287
-3.03179
-3.02214
-3.01165
-2.9999
-2.98452
-2.9698
-2.95542
-2.94376
-2.93546
-2.93546
-2.9238
-2.91378
-2.90318
-2.88643
-2.88643
-2.86991
-2.8579
-2.8484
-2.83623
-2.82541
-2.80969
-2.80269
-2.79148
-2.78002
-2.76736
-2.75473
-2.74135
-2.74135
-2.72346
-2.71179
-2.70023
-2.68782
-2.67749
-2.66373
-2.65472
-2.64661
-2.63659
-2.62731
-2.61696
-2.60558
-2.59515
-2.58574
-2.57645
-2.56819
-2.55813
-2.54803
-2.54803
-2.53498
-2.52359
-2.51016
-2.49775
-2.49775
-2.48184
-2.47086
-2.45747
-2.44876
-2.43844
-2.43844
-2.42641
-2.41859
-2.40977
-2.39989
-2.38988
-2.37447
-2.36467
-2.35675
-2.34891
-2.3385
-2.32811
-2.31858
-2.30993
-2.30136
-2.29289
-2.29289
-2.28029
-2.27104
-2.2634
-2.25315
-2.24632
-2.23032
-2.22041
-2.22041
-2.20898
-2.20088
-2.18957
-2.18233
-2.18233
-2.17035
-2.16241
-2.15606
-2.14891
-2.13849
-2.13118
-2.1254
-2.11787
-2.11787
-2.10679
-2.09987
-2.08676
-2.07888
-2.0719
-2.0719
-2.06236
-2.05289
-2.04514
-2.0339
-2.0339
-2.0209
-2.0131
-2.00534
-1.99679
-1.98753
-1.97763
-1.96876
-1.96011
-1.95319
-1.94642
-1.93248
-1.92596
-1.91803
-1.91087
-1.90521
-1.89682
-1.88922
-1.88232
-1.87473
-1.86851
-1.8609
-1.8609
-1.84922
-1.84245
-1.83645
-1.8299
-1.8209
-1.81328
-1.80693
-1.80248
-1.79804
-1.7917
-1.78601
-1.78157
-1.77456
-1.77456
-1.76482
-1.75953
-1.75285
-1.74618
-1.73763
-1.73185
-1.7256
-1.71893
-1.71304
-1.70664
-1.69967
-1.69329
-1.68464
-1.67842
-1.67124
-1.66478
-1.66002
-1.65535
-1.65535
-1.64827
-1.6418
-1.63678
-1.63065
-1.62445
-1.6188
-1.61334
-1.60723
-1.60362
-1.5992
-1.59391
-1.58991
-1.5845
-1.57712
-1.57292
-1.56691
-1.56691
-1.56157
-1.55734
-1.55529
-1.55168
-1.55168
-1.54565
-1.54061
-1.53533
-1.52996
-1.52517
-1.52102
-1.5179
-1.51459
-1.51078
-1.50609
-1.50304
-1.50028
-1.49679
-1.49679
-1.49167
-1.48735
-1.4841
-1.48168
-1.47943
-1.47748
-1.47534
-1.47534
-1.47257
-1.47068
-1.46736
-1.46585
-1.46456
-1.46456
-1.46295
-1.46172
-1.46113
-1.46049
-1.45998
-1.45998
-1.45952
-1.45948
-1.45965
-1.46007
-1.46063
-1.46143
-1.46218
-1.46392
-1.46506
-1.46634
-1.46761
-1.46761
-1.47044
-1.47217
-1.47377
-1.47523
-1.47809
-1.48068
-1.48068
-1.48369
-1.48826
-1.49193
-1.49539
-1.49539
-1.49943
-1.50198
-1.50475
-1.50748
-1.51049
-1.51301
-1.5153
-1.51941
-1.52239
-1.52447
-1.52447
-1.52883
-1.53137
-1.53386
-1.53823
-1.54067
-1.54282
-1.54575
-1.54783
-1.55009
-1.5525
-1.555
-1.55673
-1.5586
-1.56061
-1.56256
-1.56448
-1.56634
-1.56813
-1.56949
-1.57093
-1.5724
-1.57349
-1.57461
-1.57552
-1.57655
-1.57743
-1.57743
-1.57837
-1.57894
-1.57933
-1.57973
-1.58013
-1.58049
-1.5807
-1.58077
-1.58051
-1.58015
-1.58015
-1.57944
-1.57886
-1.57843
-1.57803
-1.57749
-1.57697
-1.57697
-1.57615
-1.57566
-1.57489
-1.57413
-1.57339
-1.57249
-1.57152
-1.57049
-1.56878
-1.56783
-1.56694
-1.56613
-1.56544
-1.56468
-1.56468
-1.56348
-1.56258
-1.56166
-1.56092
-1.55983
-1.55912
-1.55857
-1.55814
-1.55766
-1.55717
-1.55654
-1.55581
-1.55517
-1.55451
-1.55451
-1.55351
-1.55288
-1.55251
-1.55221
-1.55195
-1.55179
-1.55163
-1.55145
-1.55116
-1.55088
-1.55066
-1.55045
-1.55029
-1.55019
-1.55018
-1.55018
-1.5503
-1.55043
-1.55051
-1.55062
-1.55074
-1.55084
-1.55094
-1.5511
-1.55132
-1.55145
-1.55158
-1.55169
-1.55178
-1.55193
-1.55211
-1.55241
-1.55273
-1.55273
-1.55322
-1.55342
-1.55379
-1.55398
-1.55407
-1.5541
-1.55405
-1.55396
-1.55389
-1.55385
-1.55385
-1.55387
-1.55395
-1.55403
-1.55409
-1.55413
-1.55411
-1.55402
-1.55391
-1.55379
-1.55368
-1.55368
-1.55368
-1.55383
-1.55401
-1.55416
-1.55424
-1.55424
-1.55426
-1.5542
-1.55403
-1.55384
-1.55366
-1.55351
-1.55326
-1.55302
-1.55281
-1.55258
-1.55241
-1.55229
-1.5522
-1.55219
-1.5522
-1.5522
-1.55221
-1.55219
-1.55211
-1.55211
-1.55201
-1.55202
-1.5521
-1.55234
-1.55262
-1.5529
-1.55337
-1.55371
-1.55402
-1.55439
-1.55439
-1.5549
-1.5552
-1.5555
-1.55594
-1.55632
-1.55659
-1.55697
-1.55733
-1.55733
-1.55804
-1.5584
-1.55876
-1.55909
-1.55938
-1.55989
-1.5603
-1.56077
-1.56077
-1.5615
-1.56191
-1.56228
-1.56268
-1.56295
-1.5634
-1.56364
-1.56364
-1.5639
-1.56402
-1.56402
-1.56397
-1.56386
-1.56372
-1.5636
-1.56344
-1.56323
-1.56305
-1.56281
-1.56259
-1.56237
-1.56214
-1.56185
-1.56155
-1.56123
-1.5608
-1.56011
-1.55955
-1.55902
-1.55852
-1.55813
-1.55787
-1.55764
-1.55739
-1.55711
-1.55677
-1.55634
-1.55591
-1.55543
-1.55501
-1.55464
-1.55438
-1.55424
-1.55404
-1.55394
-1.5539
-1.55393
-1.55409
-1.55433
-1.55468
-1.55522
-1.55562
-1.55602
-1.55626
-1.5564
-1.55651
-1.55656
-1.55662
-1.55671
-1.55683
-1.55697
-1.55697
-1.55725
-1.5574
-1.55763
-1.55788
-1.55805
-1.55822
-1.55844
-1.55865
-1.55882
-1.559
-1.55909
-1.55914
-1.55913
-1.55911
-1.55912
-1.5592
-1.5592
-1.55941
-1.55959
-1.55973
-1.55988
-1.55992
-1.55996
-1.56006
-1.56022
-1.56022
-1.5605
-1.56071
-1.56093
-1.56109
-1.56117
-1.56113
-1.56105
-1.56098
-1.56091
-1.56084
-1.56084
-1.56071
-1.56038
-1.56038
-1.56005
-1.55973
-1.55958
-1.55947
-1.55942
-1.55943
-1.55945
-1.55945
-1.55944
-1.55936
-1.55912
-1.55892
-1.55877
-1.55877
-1.55867
-1.55869
-1.55882
-1.55895
-1.55903
-1.559
-1.5589
-1.55876
-1.55864
-1.55856
-1.55854
-1.55857
-1.55861
-1.55865
-1.55863
-1.55863
-1.55855
-1.55848
-1.55846
-1.55848
-1.55861
-1.55869
-1.55875
-1.55874
-1.55868
-1.55859
-1.55859
-1.55856
-1.55877
-1.55877
-1.55921
-1.55976
-1.56009
-1.56009
-1.56045
-1.56059
-1.56065
-1.56069
-1.56075
-1.56082
-1.56092
-1.56101
-1.56112
-1.56121
-1.56127
-1.56133
-1.56138
-1.5614
-1.56139
-1.56134
-1.56129
-1.56127
-1.56129
-1.56133
-1.56136
-1.56136
-1.56135
-1.56128
-1.56115
-1.56096
-1.56073
-1.5605
