1
0.99998
0.998695
0.994573
0.98774
0.977607
0.964539
0.952689
0.93605
0.918087
0.899007
0.879381
0.860262
0.839334
0.821322
0.797404
0.776141
0.754238
0.735912
0.71614
0.699444
0.683912
0.66705
0.64885
0.631735
0.614655
0.601157
0.57379
0.561402
0.546579
0.534339
0.522395
0.508681
0.494079
0.481734
0.469656
0.456121
0.444696
0.434741
0.421669
0.407172
0.397554
0.386865
0.376945
0.366665
0.358396
0.348511
0.336918
0.327162
0.320116
0.313554
0.305692
0.296914
0.289833
0.282473
0.27632
0.269624
0.264051
0.257858
0.251478
0.244941
0.239491
0.234387
0.227603
0.223206
0.218368
0.212323
0.206969
0.202025
0.196605
0.192004
0.186715
0.182457
0.178214
0.173285
0.168682
0.162956
0.158078
0.153207
0.149404
0.145713
0.142258
0.139218
0.135599
0.131626
0.127522
0.124043
0.120797
0.11397
0.110104
0.106576
0.103336
0.0998453
0.0968921
0.093886
0.093886
0.090401
0.087288
0.0846645
0.082095
0.0776604
0.0751159
0.0751159
0.0718119
0.0691917
0.0666054
0.0639492
0.0616372
0.0592479
0.0563088
0.0540158
0.0518865
0.04969
0.0472865
0.0450952
0.0430495
0.0407312
0.0390851
0.0366848
0.0345685
0.0330719
0.0313288
0.0296921
0.028053
0.0260771
0.0242612
0.0228644
0.0210582
0.0200675
0.0184303
0.0170857
0.0156797
0.0140103
0.0128468
0.0116874
0.0105371
0.00950334
0.00846961
0.00751695
0.00668165
0.00567474
0.00492439
0.00431873
0.00379831
0.00323803
0.00284853
0.00196611
0.00164265
0.00127405
0.000871854
0.000612964
0.000445204
0.000365914
0.000355462
0.00036954
0.000432385
0.000589354
0.000830418
0.00111069
0.00141257
0.00171952
0.00206505
0.00246183
0.00282166
0.00315735
0.00351199
0.00384395
0.00384395
0.00415563
0.00437739
0.00459173
0.00479646
0.00494358
0.00489473
0.00477024
0.00463628
0.00441139
0.00417546
0.00378505
0.00378505
0.0033333
0.00287924
0.00235477
0.00187836
0.00144087
0.000977889
0.000676023
0.00046501
0.000275593
0.000127751
4.539e-05
2.60202e-06
4.20233e-05
0.000142351
0.00020704
0.000249169
0.000258245
0.000142064
2.29429e-05
-0.000135262
-0.000278582
-0.000490844
-0.000741882
-0.00100002
-0.00122017
-0.00148579
-0.00178553
-0.00206564
-0.00224162
-0.0023661
-0.00243333
-0.00240662
-0.00231021
-0.00214669
-0.00192639
-0.00165132
-0.00136562
-0.00107217
-0.000536765
-0.000536765
-2.95005e-05
0.000354813
0.000590751
0.000941258
0.00107308
0.00114029
0.00113189
0.0010531
0.000814648
0.000566094
0.000246724
-0.000252974
-0.000634292
-0.00103719
-0.0015612
-0.00207027
-0.0025856
-0.00309934
-0.00367535
-0.00418759
-0.00458778
-0.00493662
-0.00511021
-0.00523082
-0.00523384
-0.00510639
-0.00489976
-0.00439671
-0.00413076
-0.00388438
-0.00372104
-0.00358929
-0.00354063
-0.0035432
-0.00360123
-0.00375138
-0.00394648
-0.00410754
-0.00437003
-0.00465587
-0.00500878
-0.00526991
-0.00557406
-0.00567719
-0.00566912
-0.00555579
-0.00531165
-0.00507059
-0.00472405
-0.00472405
-0.00430862
-0.00387136
-0.00319191
-0.00292055
-0.00267765
-0.00267765
-0.00249197
-0.00242249
-0.00241916
-0.00249271
-0.00267809
-0.00307829
-0.00332939
-0.003723
-0.00406548
-0.00466382
-0.00524475
-0.00580411
-0.00630809
-0.0067314
-0.00713496
-0.00747803
-0.00772813
-0.00785315
-0.007872
-0.00778746
-0.0076024
-0.00739772
-0.00711821
-0.00681325
-0.00656492
-0.00634698
-0.00613155
-0.00595021
-0.00571361
-0.00551029
-0.00526152
-0.00510637
-0.00490022
-0.00472035
-0.00453011
-0.00428567
-0.00406666
-0.00386217
-0.00363488
-0.00336172
-0.00306208
-0.00276574
-0.0024224
-0.00214236
-0.00174168
-0.00165873
-0.00168162
-0.00179085
-0.00197537
-0.00227856
-0.00277621
-0.00335731
-0.0038879
-0.0044443
-0.00507939
-0.00547068
-0.00594116
-0.00661392
-0.00742719
-0.0082155
-0.0082155
-0.00917753
-0.00990758
-0.0111772
-0.0117636
-0.0123636
-0.013136
-0.0139721
-0.0146085
-0.015465
-0.0162584
-0.0170663
-0.0180044
-0.0187297
-0.0193756
-0.0200172
-0.0208096
-0.0212878
-0.021662
-0.0223872
-0.0231785
-0.0239371
-0.0251059
-0.0259399
-0.0259399
-0.0270595
-0.0279438
-0.0286567
-0.0293433
-0.0299284
-0.0306567
-0.0313079
-0.0320351
-0.0328372
-0.0336143
-0.0344045
-0.0350677
-0.0362695
-0.0369293
-0.0376164
-0.0382122
-0.0387931
-0.0392583
-0.0392583
-0.0395931
-0.039664
-0.039388
-0.039388
-0.0389769
-0.038429
-0.0379019
-0.0372981
-0.036572
-0.0349944
-0.0342
-0.0332377
-0.0325468
-0.0313877
-0.030288
-0.0289056
-0.0278248
-0.0265432
-0.0255231
-0.024378
-0.0228585
-0.0214521
-0.0192296
-0.0182174
-0.0172712
-0.015976
-0.0145895
-0.0132592
-0.012132
-0.0109499
-0.0093093
-0.00812485
-0.0059161
-0.0045182
-0.00306643
-0.00185829
-0.000443113
0.00100631
0.00255704
0.00387815
0.00529112
0.00665178
0.00824938
0.0100915
0.011153
0.0125633
0.0133922
0.0145266
0.0156937
0.0169834
0.0184719
0.0197054
0.0209012
0.022516
0.0241039
0.0255513
0.0265134
0.0276072
0.0290243
0.030113
0.0314584
0.0333802
0.0348876
0.0348876
0.0364151
0.0379325
0.0392498
0.0404962
0.0420882
0.0432811
0.0445593
0.0472292
0.0486261
0.0500675
0.0515729
0.0529121
0.0529121
0.0546001
0.05607
0.057405
0.0597504
0.0597504
0.0628953
0.0639314
0.0651417
0.0663962
0.0676456
0.0688026
0.0696827
0.0708546
0.0718347
0.0724123
0.0726771
0.0727614
0.0726683
0.0724294
0.072091
0.0715859
0.0710594
0.0703026
0.0692193
0.068003
0.0667798
0.0641481
0.0624051
0.0604573
0.0604573
0.0579653
0.0559858
0.0538815
0.0498592
0.0482337
0.0460798
0.0436098
0.041071
0.0387767
0.0363203
0.0342781
0.0321186
0.0294034
0.0269077
0.0239569
0.0215346
0.018972
0.0162691
0.0133909
0.0113571
0.00838272
0.00593704
0.00339453
0.000677539
-0.00212804
-0.00468493
-0.00792308
-0.010302
-0.0131755
-0.0155487
-0.0179629
-0.0208588
-0.0229826
-0.0251003
-0.0267886
-0.0289822
-0.0311473
-0.0328573
-0.0344944
-0.0362509
-0.0381666
-0.0398682
-0.0414523
-0.0430048
-0.0442409
-0.0453998
-0.0459737
-0.046258
-0.0462431
-0.0458221
-0.0453792
-0.0443021
-0.04322
-0.0420189
-0.0408363
-0.0396457
-0.03805
-0.0366663
-0.0353427
-0.0339012
-0.0325628
-0.0313481
-0.0296999
-0.0282765
-0.0267536
-0.0248005
-0.0236068
-0.0220764
-0.0207098
-0.0191705
-0.0175326
-0.0161312
-0.0143776
-0.0129913
-0.0117829
-0.0101484
-0.00868519
-0.0068132
-0.00552813
-0.00343973
-0.00189746
-0.000381527
0.00068897
0.00177867
0.00254854
0.00306642
0.00347057
0.00366353
0.00381621
0.00386723
0.00385041
0.00377772
0.00361579
0.00346227
0.00325857
0.00304619
0.00274026
0.00229339
0.0020178
0.00171544
0.00141731
0.00111082
0.000780889
0.000430396
0.00017116
-0.000237884
-0.000534903
-0.000850099
-0.00118467
-0.00151911
-0.00183605
-0.00219155
-0.00245753
-0.00278625
-0.00311627
-0.00378888
-0.00430954
-0.00503912
-0.00591238
-0.0070817
-0.0081072
-0.00904174
-0.0104063
-0.0115204
-0.013251
-0.0147066
-0.0163834
-0.0180689
-0.0194929
-0.0212435
-0.0225389
-0.0240035
-0.0255771
-0.027175
-0.0285234
-0.0298898
-0.0310209
-0.0316943
-0.0325313
-0.0326895
-0.0326486
-0.0324427
-0.0321658
-0.0317751
-0.0311601
-0.030387
-0.0294531
-0.0283676
-0.0274781
-0.0267811
-0.0257909
-0.0246908
-0.0236198
-0.0226398
-0.0215257
-0.0201367
-0.0190064
-0.0180959
-0.0171833
-0.0159998
-0.0137968
-0.0129302
-0.0117275
-0.0108677
-0.0100405
-0.00941574
-0.00914549
-0.00918209
-0.0094498
-0.0101704
-0.0108183
-0.0118684
-0.0132122
-0.0140578
-0.0151162
-0.0163668
-0.0188113
-0.0188113
-0.0203814
-0.0218012
-0.0230763
-0.0243481
-0.0258949
-0.0274454
-0.0285079
-0.0294634
-0.0311673
-0.0321088
-0.0331339
-0.033922
-0.0350919
-0.0361361
-0.0371753
-0.038151
-0.0391675
-0.0402888
-0.0411807
-0.0420647
-0.0431147
-0.044057
-0.0448342
-0.0458199
-0.0468584
-0.0475764
-0.048476
-0.0496033
-0.0504897
-0.0514229
-0.051861
-0.0520746
-0.0519318
-0.051388
-0.0505293
-0.0494295
-0.0481886
-0.0469173
-0.0451297
-0.0437338
-0.0405203
-0.0387582
-0.037139
-0.0352574
-0.0352574
-0.0333458
-0.0317795
-0.0302257
-0.0287191
-0.0270249
-0.0238642
-0.0222417
-0.0208335
-0.0193405
-0.0181098
-0.0164301
-0.0146579
-0.0129785
-0.0115738
-0.0103409
-0.00885745
-0.00735602
-0.00584392
-0.00412843
-0.00265942
-0.00155168
-0.00140155
-0.00179644
-0.002522
-0.00349495
-0.00498347
-0.00630388
-0.00794902
-0.0104067
-0.0124348
-0.0142756
-0.016257
-0.0180553
-0.0203204
-0.0223806
-0.0244479
-0.0264725
-0.0284115
-0.0301728
-0.0314994
-0.0330671
-0.0343315
-0.0356046
-0.0372132
-0.038661
-0.0403727
-0.0420873
-0.0439304
-0.0458384
-0.0471653
-0.0482656
-0.0492591
-0.0498197
-0.0500492
-0.0499821
-0.0496851
-0.0488297
-0.0480335
-0.0470597
-0.0459571
-0.0448304
-0.0437286
-0.0437286
-0.0420164
-0.0406739
-0.0385003
-0.0371681
-0.0360592
-0.0346123
-0.0333797
-0.0320158
-0.0306514
-0.0293649
-0.02815
-0.0258657
-0.0241259
-0.023059
-0.0215736
-0.0201688
-0.0189467
-0.0174498
-0.0160505
-0.0144121
-0.0131602
-0.0121999
-0.0117558
-0.0119291
-0.0122958
-0.0128183
-0.0137787
-0.0149816
-0.0162005
-0.0176148
-0.0191512
-0.0208802
-0.0228537
-0.0242228
-0.0257939
-0.02763
-0.0291762
-0.0305983
-0.0320714
-0.0335067
-0.0351747
-0.0364714
-0.0380002
-0.0393658
-0.0409179
-0.0418247
-0.0426537
-0.0431482
-0.0433937
-0.0435037
-0.0434356
-0.0432333
-0.0428474
-0.0424308
-0.0419027
-0.0407568
-0.0400729
-0.0393904
-0.0385714
-0.0376574
-0.0376574
-0.0364908
-0.03551
-0.0347677
-0.0339266
-0.0329376
-0.0319092
-0.0310732
-0.0306146
-0.0302886
-0.0301583
-0.0301905
-0.0303347
-0.0305478
-0.030884
-0.0312285
-0.0316109
-0.0320261
-0.032422
-0.0328811
-0.0333371
-0.0337507
-0.0342428
-0.0348099
-0.0353201
-0.0353201
-0.0363048
-0.0367684
-0.0371854
-0.0374518
-0.0374518
-0.037422
-0.0371644
-0.0367986
-0.0364113
-0.0360292
-0.0355419
-0.0349915
-0.034377
-0.0337031
-0.0337031
-0.0329547
-0.0323227
-0.0317783
-0.0309491
-0.0302224
-0.029535
-0.0290651
-0.0285499
-0.0275353
-0.0269154
-0.0263397
-0.0263397
-0.0256322
-0.0251276
-0.0246044
-0.0236986
-0.0233855
-0.0232197
-0.0231989
-0.0232836
-0.0234665
-0.0237403
-0.0240406
-0.0244005
-0.0246522
-0.0249851
-0.0255179
-0.0260782
-0.0265972
-0.0270958
-0.027579
-0.0280354
-0.0284734
-0.0289365
-0.0293338
-0.0298943
-0.0303565
-0.0308167
-0.031223
-0.0317273
-0.0320761
-0.0326244
-0.0326901
-0.0325615
-0.0325615
-0.0319351
-0.0319351
-0.0313572
-0.0307721
-0.0300876
-0.0292649
-0.0286094
-0.0280164
-0.0271367
-0.0265246
-0.0257673
-0.0248075
-0.0240346
-0.0231599
-0.0226528
-0.0219359
-0.0214921
-0.0209563
-0.0204554
-0.0197948
-0.0194887
-0.0192792
-0.019095
-0.0189495
-0.0187985
-0.0186842
-0.0185775
-0.018508
-0.0184323
-0.018373
-0.0183122
-0.0182657
-0.018235
-0.0181978
-0.018157
-0.0181205
-0.0180858
-0.018051
-0.0180211
-0.0179895
-0.0179591
-0.0179236
-0.0179065
-0.0179225
-0.0179868
-0.0180625
-0.018208
-0.0183489
-0.0184959
-0.0186035
-0.018748
-0.0188899
-0.0190692
-0.0192985
-0.0194954
-0.019641
-0.0198287
-0.0199996
-0.0201742
-0.0203818
-0.0205966
-0.0207882
-0.0210021
-0.0211968
-0.0214107
-0.0216157
-0.022004
-0.0221873
-0.0223927
-0.0225219
-0.0226496
-0.0226453
-0.0225271
-0.0223808
-0.0221317
-0.0217545
-0.0213904
-0.0211086
-0.0207448
-0.020282
-0.0196954
-0.0192314
-0.0187947
-0.0183613
-0.0179897
-0.017647
-0.0173697
-0.0169416
-0.0165587
-0.0162576
-0.0160423
-0.0157614
-0.015537
-0.0152905
-0.0150796
-0.0148908
-0.0147551
-0.014704
-0.0146605
-0.0146564
-0.0146913
-0.0147646
-0.0148306
-0.0149265
-0.0151541
-0.0153052
-0.0154627
-0.0155947
-0.0157324
-0.0158207
-0.0158662
-0.015873
-0.0158027
-0.0157408
-0.0156532
-0.015544
-0.0154085
-0.0152615
-0.0152615
-0.0148621
-0.0146612
-0.0144888
-0.014283
-0.0140773
-0.0138399
-0.0136533
-0.0134846
-0.0132314
-0.0130547
-0.0128226
-0.0125814
-0.0123451
-0.0121722
-0.0119892
-0.0116563
-0.0114836
-0.0113377
-0.0113377
-0.0111641
-0.0110521
-0.0109739
-0.0109062
-0.0108123
-0.0107457
-0.0106637
-0.0105648
-0.0104394
-0.0103176
-0.0101761
