0.636792
0.636792
0.63616
0.630329
0.623196
0.619717
0.620278
0.618279
0.619157
0.623592
0.627247
0.632104
0.636138
0.633247
0.625938
0.618842
0.615091
0.612859
0.611419
0.612036
0.612304
0.614528
0.61691
0.616973
0.616369
0.61142
0.609498
0.607368
0.604762
0.603436
0.603639
0.604162
0.605015
0.604178
0.603669
0.602537
0.600561
0.599422
0.596878
0.596404
0.596529
0.596329
0.595949
0.594892
0.594042
0.593045
0.591941
0.590266
0.589664
0.589195
0.588344
0.587855
0.587718
0.586397
0.585798
0.584949
0.584834
0.583737
0.5822
0.580677
0.580202
0.579495
0.579266
0.578367
0.57776
0.576909
0.57586
0.575298
0.574355
0.572864
0.572405
0.570853
0.570231
0.570165
0.569077
0.568225
0.567524
0.566981
0.565043
0.564909
0.564687
0.562046
0.561661
0.562046
0.560182
0.560182
0.5588
0.557421
0.557366
0.55578
0.554413
0.554161
0.552625
0.552453
0.551345
0.550364
0.549729
0.548832
0.547428
0.546508
0.545114
0.544046
0.542538
0.542274
0.54211
0.539992
0.539989
0.538465
0.537561
0.536207
0.536
0.534673
0.533362
0.532995
0.531882
0.531213
0.530144
0.528818
0.527305
0.526647
0.525147
0.524698
0.523027
0.52156
0.520271
0.519417
0.518745
0.517888
0.517249
0.515328
0.514125
0.512853
0.512397
0.510224
0.508469
0.508469
0.507155
0.505543
0.504286
0.50303
0.50224
0.500991
0.500449
0.498359
0.497748
0.496122
0.494812
0.493955
0.493178
0.491626
0.490316
0.48869
0.487557
0.486644
0.485544
0.483605
0.483136
0.480975
0.480714
0.479547
0.478128
0.476417
0.475686
0.473776
0.472741
0.47087
0.47087
0.469296
0.467141
0.465841
0.464567
0.463586
0.462449
0.461196
0.460248
0.458099
0.457808
0.455954
0.454658
0.453143
0.450997
0.45056
0.448308
0.446353
0.446657
0.444304
0.44312
0.441833
0.439814
0.43916
0.437693
0.436877
0.434422
0.43347
0.431014
0.431014
0.429133
0.426837
0.426662
0.425338
0.423219
0.422722
0.420605
0.418988
0.418069
0.417084
0.415979
0.414473
0.412259
0.411414
0.409798
0.407864
0.40702
0.404916
0.403444
0.402794
0.401769
0.400831
0.398244
0.398277
0.3954
0.393729
0.391687
0.389971
0.389112
0.387014
0.385741
0.384899
0.383227
0.381169
0.380354
0.378706
0.377486
0.375437
0.37504
0.372997
0.371824
0.369412
0.368294
0.368009
0.366815
0.364347
0.362708
0.361499
0.359526
0.359274
0.358301
0.357628
0.355878
0.354743
0.354098
0.352449
0.349942
0.347968
0.346549
0.346846
0.344538
0.343722
0.343089
0.342821
0.342017
0.33924
0.337131
0.335663
0.334191
0.332633
0.33256
0.330822
0.329576
0.33013
0.328049
0.326393
0.323763
0.32334
0.322285
0.320175
0.319413
0.318543
0.317159
0.316521
0.31563
0.312958
0.312958
0.311183
0.308813
0.306764
0.305938
0.304986
0.305491
0.304115
0.304768
0.303648
0.30222
0.299653
0.298233
0.29728
0.296269
0.295683
0.294244
0.293942
0.293456
0.29277
0.292358
0.290794
0.288338
0.287668
0.285904
0.284652
0.285006
0.28453
0.285829
0.286503
0.285178
0.285461
0.28303
0.281896
0.279603
0.279076
0.278597
0.278897
0.277257
0.276701
0.27797
0.277783
0.277397
0.275374
0.273783
0.273104
0.272988
0.272142
0.273403
0.272681
0.272569
0.27285
0.272969
0.272947
0.273354
0.272367
0.27132
0.271083
0.27135
0.270615
0.270468
0.271173
0.27103
0.27014
0.269228
0.269194
0.269091
0.269932
0.271609
0.271692
0.271692
0.272262
0.271056
0.270306
0.270068
0.269819
0.270314
0.269785
0.270732
0.270766
0.271838
0.273492
0.274925
0.275366
0.276668
0.276202
0.275485
0.274936
0.274981
0.274539
0.274735
0.274735
0.276309
0.277264
0.279391
0.280452
0.28141
0.28312
0.28338
0.284512
0.283574
0.283228
0.284031
0.283164
0.284228
0.285332
0.285857
0.287831
0.28895
0.28902
0.291866
0.291642
0.292913
0.293536
0.294947
0.295486
0.296335
0.296851
0.297091
0.298517
0.299217
0.300737
0.300686
0.302975
0.30312
0.30388
0.304631
0.305454
0.307023
0.309196
0.309423
0.311645
0.311114
0.312544
0.314399
0.315863
0.316412
0.317693
0.317689
0.318277
0.319502
0.320392
0.32224
0.323586
0.326228
0.326999
0.32877
0.330593
0.330695
0.332532
0.332517
0.331776
0.332584
0.334725
0.335708
0.337615
0.338339
0.340522
0.343048
0.343609
0.344212
0.345711
0.346006
0.34557
0.346174
0.348457
0.34892
0.350623
0.351977
0.354412
0.354588
0.356977
0.357163
0.357474
0.358796
0.359912
0.362356
0.364415
0.365133
0.365739
0.365767
0.365399
0.365614
0.36749
0.369536
0.371222
0.372515
0.375587
0.376043
0.37698
0.378412
0.379218
0.379549
0.380032
0.380641
0.382441
0.382689
0.383552
0.385987
0.385987
0.387822
0.387825
0.389025
0.39062
0.390481
0.393667
0.393939
0.395817
0.396428
0.396703
0.396984
0.39761
0.397895
0.398853
0.39941
0.400703
0.402599
0.403255
0.404195
0.405448
0.406742
0.407035
0.407636
0.408249
0.408257
0.408564
0.410512
0.410823
0.411436
0.414037
0.414298
0.415609
0.416565
0.41718
0.418213
0.418532
0.418852
0.41981
0.420748
0.421395
0.421395
0.421446
0.422062
0.423393
0.424351
0.424968
0.425618
0.42628
0.42628
0.426701
0.425762
0.4261
0.426076
0.426076
0.428983
0.429249
0.430875
0.430875
0.431218
0.431556
0.432567
0.432914
0.433173
0.433874
0.433874
0.433874
0.43422
0.435229
0.435578
0.435845
0.437204
0.437204
0.437204
0.437204
0.437556
0.437556
0.436594
0.43757
0.439188
0.439188
0.438837
0.439462
0.440172
0.440827
0.440827
0.440128
0.440128
0.440482
0.440482
0.440482
0.441773
0.440834
0.44023
0.44023
0.44023
0.44023
0.439884
0.439538
0.439893
0.439893
0.439893
0.439552
0.441195
0.441195
0.441195
0.440855
0.439914
0.440515
0.439578
0.438976
0.438639
0.438639
0.438301
0.438301
0.439241
0.437612
0.437612
0.437612
0.436678
0.436014
0.436014
0.435412
0.436423
0.436365
0.436365
0.43541
0.435379
0.43536
0.434758
0.434408
0.433736
0.432485
0.431882
0.433413
0.433743
0.431847
0.431156
0.430842
0.430842
0.430526
0.430216
0.430524
0.430524
0.429221
0.428307
0.428307
0.428621
0.427355
0.428357
0.428021
0.427035
0.426078
0.426078
0.426473
0.425477
0.423898
0.425225
0.424315
0.423653
0.422459
0.423407
0.422133
0.421177
0.419917
0.419633
0.418715
0.417808
0.417211
0.416624
0.416347
0.415763
0.41482
0.414202
0.413047
0.413721
0.410289
0.410027
0.409726
0.409465
0.407992
0.407734
0.407055
0.406641
0.405961
0.405815
0.403995
0.402733
0.402246
0.401055
0.399244
0.397992
0.39752
0.396971
0.396508
0.395335
0.394415
0.393052
0.392558
0.390894
0.389741
0.388574
0.386074
0.385823
0.385164
0.384015
0.382689
0.382252
0.380773
0.379366
0.378536
0.377946
0.375258
0.374414
0.372276
0.370752
0.370008
0.368125
0.367953
0.364946
0.364468
0.361217
0.360247
0.357229
0.356774
0.356376
0.354565
0.352371
0.351878
0.350821
0.34892
0.345543
0.34441
0.342598
0.340732
0.337403
0.335617
0.333072
0.330775
0.329765
0.326659
0.323646
0.323501
0.318962
0.316041
0.31173
0.31024
0.307389
0.304581
0.302483
0.299738
0.297047
0.294985
0.292331
0.289708
0.288504
0.285239
0.283962
0.282854
0.280382
0.278989
0.276557
0.276191
0.274936
0.274505
0.274178
0.271744
0.271173
0.270151
0.269186
0.268564
0.267662
0.266382
0.265841
0.26558
0.264216
0.264548
0.263032
0.262702
0.2625
0.2625
0.262453
0.261311
0.260956
0.260271
0.259281
0.259505
0.259481
0.258567
0.258141
0.257698
0.257044
0.256615
0.255958
0.255958
0.256101
0.25431
0.25431
0.255091
0.254093
0.253526
0.252869
0.252093
0.252651
0.251364
0.251502
0.251489
0.250546
0.250086
0.250383
0.250404
0.249137
0.248727
0.248768
0.247428
0.247122
0.247766
0.247139
0.246858
0.247184
0.246821
0.246883
0.245078
0.245419
0.245772
0.245299
0.24566
0.244724
0.244724
0.245818
0.245215
0.244119
0.244861
0.244265
0.244741
0.243993
0.244365
0.243378
0.243491
0.244269
0.245078
0.244886
0.243101
0.244319
0.244319
0.242803
0.243625
0.243625
0.243059
0.243688
0.244002
0.243562
0.243734
0.243101
0.243516
0.242891
0.242129
0.24258
0.242462
0.242676
0.242125
0.242125
0.24295
0.24279
0.242213
0.242213
0.24313
0.241918
0.242453
0.242386
0.242836
0.242319
0.243168
0.243168
0.243118
0.243126
0.242983
0.242983
0.242983
0.243956
0.244461
0.243348
0.243382
0.244369
0.244369
0.243797
0.244841
0.245378
0.244394
0.244394
0.245411
0.245344
0.245839
0.246374
0.246415
0.244941
0.245436
0.24598
0.247023
0.245544
0.246531
0.247205
0.247205
0.247205
0.247312
0.248822
0.248366
0.247893
0.247893
0.249092
0.248654
0.2491
0.2498
0.2498
0.250318
0.24989
0.251039
0.250175
0.250175
0.250701
0.251862
0.251035
0.251205
0.251205
0.252324
0.252324
0.251972
0.25153
0.25153
0.252849
0.252849
0.252522
0.253723
0.253293
0.253836
0.253743
0.253743
0.25435
0.25435
0.254899
0.255131
0.255427
0.255658
0.255658
0.256213
0.256829
0.256829
0.256579
0.256169
0.257761
0.258946
0.258792
0.258792
0.259419
0.259194
0.259764
0.259764
0.260396
0.260631
0.261592
0.261592
0.261124
0.26128
0.261916
0.26128
0.262488
0.262488
0.262791
0.263938
0.263218
0.263512
0.264089
0.264089
0.264733
0.264733
0.264591
0.264216
0.264216
0.264799
0.265757
0.265757
0.265637
0.266294
0.266585
0.267532
0.26717
0.267189
0.267402
0.268062
0.268062
0.268651
0.268651
0.268351
0.26889
0.269232
0.269232
0.269826
0.270819
0.27106
0.27077
0.27077
0.271729
0.272401
0.272401
0.273003
0.272374
0.273653
0.273995
0.274375
0.27369
0.27369
0.275655
0.275655
0.275655
0.275655
0.275463
0.275744
0.276428
0.277036
0.277036
0.276782
0.277077
0.276763
0.277018
0.277856
0.277856
0.277856
0.278469
0.278531
0.279223
0.27961
0.27961
0.27961
0.27961
0.280226
0.280921
0.282232
0.281661
0.281425
0.284059
0.284059
0.283146
0.283768
0.283768
0.28439
0.285786
0.285786
0.286339
0.286339
0.286759
0.287661
0.287512
0.287512
0.287512
0.289137
0.289761
0.29039
0.290176
0.290882
0.291338
0.291338
0.291964
0.292327
0.293268
0.293268
0.293897
0.293897
0.295241
0.295949
0.295949
0.296579
0.297291
0.298141
0.297688
0.300639
0.300384
0.300384
0.300384
0.301733
0.302446
0.303083
0.302898
0.305317
0.305133
0.305133
0.304889
0.305607
0.30696
0.307203
0.307203
0.30696
0.307505
0.307189
0.308085
0.309265
0.309908
0.309051
0.309051
0.311134
0.311134
0.311134
0.310674
0.310674
0.311379
0.311379
0.311147
0.311664
0.311664
0.311664
0.311504
0.311929
0.311929
0.312652
0.312652
0.312652
0.312652
0.312652
0.312652
0.312652
0.312652
0.311284
0.311284
0.311058
0.311058
0.311058
0.311058
0.311782
0.311782
0.311782
0.311782
0.312214
0.312214
0.31206
0.31206
0.31259
0.312743
0.313317
0.313958
0.313958
0.313958
0.313958
0.313958
0.313958
0.313196
0.313196
0.313196
0.312256
0.311684
0.310092
0.310825
0.310825
0.310306
0.310539
0.310539
0.310539
0.310539
0.310539
0.309684
0.310332
0.311609
0.311815
0.311815
0.311815
0.312132
0.311926
0.311926
0.312577
0.31331
0.314042
0.314042
0.314042
0.314042
0.314688
0.315423
0.316157
0.316805
0.316805
0.317365
0.316318
0.316318
0.316985
0.317702
0.318437
0.319087
0.318892
0.318892
0.318892
0.318892
0.318892
0.318892
0.319342
0.319167
0.319167
0.319167
0.319167
0.319815
0.31999
0.321012
0.321012
0.321012
0.321012
0.321012
0.321012
0.320895
0.321942
0.321942
0.321942
0.32268
0.321942
0.321942
0.323328
0.323328
0.323328
0.323328
0.323141
0.323328
0.323328
0.323141
0.323141
0.323444
0.322702
0.323444
0.322702
0.322702
0.321314
0.321314
0.321028
0.319633
0.32071
0.320124
0.32023
0.32071
0.32071
0.319314
0.319314
0.319314
0.319314
0.319314
0.318664
0.317824
0.316995
0.31625
0.31625
0.31625
0.31625
0.316747
0.316747
0.316747
0.316747
0.31759
0.318232
0.31749
0.31749
0.318232
0.318232
0.318232
0.318828
0.318081
0.318732
0.319384
0.319384
0.319384
0.319384
0.319477
0.320051
0.319477
0.32022
0.32022
0.319981
0.318318
0.31892
0.318834
0.318671
0.318087
0.317522
0.317436
0.317272
0.317127
0.317127
0.317127
0.317127
0.317127
0.316334
0.316176
0.317738
0.316334
0.316334
0.316769
0.316769
0.315957
0.315957
0.315824
0.315824
0.315672
0.315617
0.31487
0.313313
0.313313
0.313743
0.312844
0.312844
0.312844
0.312844
0.312188
0.312188
0.313294
0.312541
0.312541
0.3124
0.3124
0.311743
0.3124
0.3124
0.3124
0.313154
0.313906
0.313906
0.313906
0.314558
0.314558
0.314558
0.315216
0.316721
0.316721
0.317374
0.317374
0.317921
0.318674
0.319426
0.320685
0.320573
0.320573
0.321197
0.321949
0.322604
0.322604
0.322604
0.324018
0.32477
0.324619
0.324619
0.325927
0.326587
0.326587
0.325937
0.325937
0.325937
0.32669
0.327592
0.327592
0.327592
0.327592
0.327592
0.328248
0.328202
0.328248
0.328376
0.328376
0.32979
0.32979
0.32913
0.32913
0.32913
0.32913
0.32913
0.32913
0.328376
0.328248
0.328376
0.327719
0.326968
0.326215
0.326262
0.325554
0.32477
0.32477
0.323394
0.323489
0.322734
0.322079
0.320573
0.320669
0.319914
0.319128
0.319259
0.31785
0.31785
0.317095
0.316441
0.316441
0.315688
0.315032
0.314276
0.313623
0.313623
0.313737
0.312984
0.311687
0.311687
0.311035
0.311091
0.311091
0.311091
0.311091
0.311091
0.311091
0.311091
0.311091
0.311091
0.311988
0.311353
0.312661
0.313294
0.314045
0.314045
0.314166
0.314166
0.314286
0.314347
0.315145
0.315145
0.315145
0.315802
0.316554
0.316554
0.316554
0.316554
0.316554
0.316554
0.316024
0.315397
0.316873
0.317024
0.317024
0.317024
0.316425
0.316502
0.316502
0.315957
0.316254
0.316392
0.316473
0.316637
0.317291
0.317291
0.317127
0.316392
0.317005
0.317005
0.317046
0.317046
0.317046
0.317046
0.317127
0.318485
0.318405
0.31811
0.31811
0.31876
0.31876
0.318917
0.319572
0.319572
0.319416
0.319416
0.319962
0.320035
0.32071
0.32071
0.319962
0.32071
0.32071
0.320783
0.320914
0.320914
0.320914
0.320914
0.320914
0.320914
0.320914
0.320914
0.320914
0.321721
0.321721
0.321857
0.321857
0.321857
0.321721
0.321565
0.321565
0.321435
0.321213
0.321889
0.32174
0.32174
0.321644
0.320749
0.322177
0.322034
0.322784
0.322034
0.322667
0.322607
0.322354
0.323145
0.323145
0.323668
0.323668
0.324421
0.323668
0.325172
0.325172
0.325172
0.325827
0.325827
0.326487
0.32799
0.32799
0.32799
0.328646
0.328593
0.328593
0.330809
0.330809
0.330809
0.331466
0.331413
0.332167
0.333577
0.333577
0.334234
0.335541
0.336291
0.336291
0.338258
0.339008
0.338885
0.338885
0.339622
0.340375
0.341037
0.341709
0.341709
0.341665
0.342324
0.343077
0.343077
0.343874
0.34449
0.34449
0.34449
0.34449
0.346819
0.34736
0.347316
0.349524
0.349481
0.350143
0.350143
0.351461
0.352875
0.352875
0.352875
0.355703
0.355703
0.355703
0.355703
0.357117
0.358532
0.358532
0.358532
0.358532
0.358532
0.359946
0.360697
0.361361
0.361361
0.361361
0.361361
0.361361
0.361361
0.361361
0.361361
0.361361
0.361361
0.361361
0.360697
0.360697
0.360813
0.360813
0.360062
0.359285
0.358532
0.358495
0.358532
0.358532
0.357985
0.357868
0.357868
0.357209
0.356456
0.355666
0.355666
0.355666
0.355703
0.355703
0.355703
0.355703
0.35504
0.35504
0.35504
0.35504
0.35504
0.35504
0.35504
0.35504
0.35504
0.355002
0.354343
0.355005
0.354159
0.354818
0.354818
0.354159
0.354159
0.354159
0.354159
0.354159
0.353374
0.353262
0.352713
0.352713
0.351989
0.351989
0.35133
0.35133
0.350577
0.350577
0.349915
0.349045
0.348592
0.348501
0.347933
0.347933
0.347178
0.347178
0.346422
0.345764
0.345673
0.345673
0.344919
0.344919
0.344259
0.343502
0.342845
0.342845
0.342845
0.342091
0.341432
0.341432
0.340675
0.340018
0.339901
0.339453
0.338698
0.338698
0.338698
0.338044
0.338044
0.338044
0.337385
0.335215
0.336012
0.33538
0.33548
0.334826
0.334826
0.334826
0.334826
0.334826
0.333971
0.33417
0.33417
0.33417
0.33417
0.333289
0.333415
0.333415
0.333415
0.333415
0.333971
0.333846
0.333846
0.333846
0.333971
0.333415
0.333415
0.333415
0.332811
0.332811
0.33305
0.33305
0.33305
0.33305
0.33305
0.33305
0.332811
0.332811
0.332811
0.333415
0.332532
0.332658
0.332658
0.33309
0.33309
0.333745
0.333047
0.333363
0.333363
0.33259
0.33259
0.33259
0.334005
0.334005
0.334038
0.334005
0.334774
0.334774
0.335234
0.336858
0.336834
0.336834
0.336834
0.337603
0.338391
0.339901
0.339901
0.339901
0.340558
0.341219
0.341219
0.341219
0.342729
0.342821
0.342821
0.343594
0.343594
0.343594
0.345011
0.345803
0.345764
0.345764
0.345764
0.345764
0.346422
0.34646
0.346557
0.346557
0.346557
0.347216
0.347839
0.347839
0.346422
0.346422
0.346422
0.347216
0.347216
0.34646
0.34646
0.345011
0.34505
0.345011
0.344351
0.343594
0.343594
0.343594
0.343594
0.342821
0.342068
