1.91771e-05
1.91771e-05
1.9264e-05
1.96102e-05
2.03862e-05
2.17598e-05
2.38918e-05
2.69406e-05
3.10744e-05
3.64661e-05
4.32808e-05
5.16788e-05
6.18306e-05
7.38798e-05
8.7995e-05
0.000104333
0.000123039
0.000144299
0.000168233
0.000194988
0.000224629
0.000257365
0.000293229
0.00033244
0.000375137
0.000421422
0.000471467
0.000525196
0.000582883
0.000644452
0.000710204
0.000780318
0.000854606
0.000933115
0.00101615
0.00110329
0.00119509
0.00129158
0.00139228
0.00149783
0.00160762
0.00172238
0.00184153
0.0019657
0.00209413
0.00222766
0.00236565
0.00250822
0.00265546
0.00280685
0.00296275
0.00312346
0.00328811
0.0034567
0.00362951
0.00380674
0.00398817
0.00417361
0.00436269
0.00455514
0.0047514
0.00495083
0.00515382
0.00535984
0.00556921
0.00578138
0.00599671
0.00621458
0.00643464
0.00665613
0.00688021
0.00710691
0.00733381
0.00756306
0.00779444
0.00802694
0.00826067
0.00849536
0.0087302
0.00896562
0.00920203
0.00943889
0.00967571
0.00991336
0.0101499
0.0103872
0.0106223
0.0108572
0.0110907
0.0113228
0.0115548
0.0117847
0.012014
0.012242
0.0124682
0.0126917
0.0129133
0.0131316
0.0133486
0.0135623
0.0137747
0.013985
0.014192
0.0143965
0.014598
0.0147965
0.0149919
0.0151854
0.0153758
0.0155636
0.0157495
0.0159329
0.0161143
0.0162928
0.0164683
0.0166418
0.0168122
0.0169797
0.0171452
0.0173075
0.0174669
0.0176242
0.0177786
0.0179311
0.0180816
0.018229
0.0183733
0.0185147
0.0186544
0.0187909
0.0189254
0.019057
0.0191875
0.019314
0.0194386
0.0195604
0.0196811
0.0197998
0.0199156
0.0200295
0.0201403
0.020249
0.0203559
0.0204598
0.0205607
0.0206606
0.0207576
0.0208525
0.0209454
0.0210355
0.0211242
0.021211
0.0212946
0.0213767
0.0214559
0.0215317
0.021607
0.0216787
0.0217496
0.021818
0.0218848
0.0219499
0.022013
0.0220731
0.0221312
0.0221875
0.022242
0.0222929
0.0223434
0.0223908
0.0224363
0.0224799
0.0225226
0.0225633
0.022601
0.0226368
0.0226696
0.0227026
0.0227324
0.0227606
0.0227857
0.0228098
0.0228319
0.0228522
0.0228706
0.022887
0.0229015
0.0229136
0.0229239
0.0229325
0.0229393
0.0229442
0.0229476
0.0229495
0.0229493
0.0229474
0.0229441
0.02294
0.022934
0.022925
0.0229142
0.0229009
0.0228873
0.0228717
0.0228552
0.0228368
0.0228165
0.0227943
0.0227713
0.0227461
0.0227201
0.0226924
0.0226629
0.0226322
0.0225997
0.0225662
0.0225319
0.0224956
0.0224575
0.022417
0.0223761
0.0223344
0.0222908
0.0222458
0.0222015
0.0221536
0.0221046
0.0220539
0.0220023
0.0219499
0.0218966
0.0218419
0.0217853
0.0217273
0.0216695
0.0216103
0.0215487
0.0214863
0.0214234
0.0213583
0.0212928
0.0212279
0.0211601
0.0210915
0.0210214
0.0209516
0.0208809
0.0208082
0.0207347
0.0206604
0.0205852
0.0205091
0.0204318
0.020354
0.0202744
0.020195
0.0201146
0.0200345
0.0199535
0.0198715
0.0197887
0.0197056
0.0196216
0.0195364
0.0194514
0.0193659
0.0192797
0.0191923
0.0191051
0.0190182
0.0189305
0.0188419
0.0187525
0.0186631
0.0185722
0.0184822
0.0183908
0.018299
0.0182074
0.0181153
0.0180235
0.0179307
0.0178367
0.0177433
0.0176492
0.0175561
0.0174617
0.0173673
0.0172727
0.0171781
0.0170827
0.016988
0.0168929
0.016798
0.0167031
0.0166079
0.0165123
0.0164175
0.0163224
0.0162268
0.0161315
0.0160363
0.0159407
0.0158452
0.01575
0.0156549
0.0155599
0.0154656
0.0153714
0.0152774
0.0151824
0.0150886
0.014995
0.0149015
0.014808
0.0147156
0.0146235
0.0145315
0.0144393
0.014348
0.0142569
0.0141655
0.0140759
0.0139851
0.0138957
0.0138068
0.0137175
0.0136289
0.0135408
0.0134529
0.0133656
0.0132789
0.0131925
0.0131069
0.0130161
0.0129319
0.0128469
0.0127628
0.0126788
0.0125951
0.0125124
0.01243
0.0123485
0.0122663
0.0121857
0.0121054
0.012025
0.0119461
0.0118673
0.0117888
0.0117113
0.0116349
0.0115584
0.0114821
0.0114069
0.011332
0.011258
0.0111842
0.0111113
0.0110391
0.0109669
0.0108949
0.0108241
0.0107542
0.0106855
0.0106158
0.0105461
0.0104777
0.0104102
0.0103438
0.0102766
0.0102104
0.0101454
0.01008
0.0100148
0.00995095
0.00988762
0.00982486
0.00976323
0.00970201
0.00964043
0.00957998
0.00952067
0.00946045
0.00940081
0.00934173
0.00928312
0.00922508
0.009168
0.0091115
0.00905556
0.00900002
0.00894515
0.00889028
0.00883655
0.0087829
0.00873038
0.00867844
0.00862706
0.00857568
0.00852468
0.00847425
0.0084245
0.00837504
0.00832584
0.00827703
0.00822879
0.00818112
0.00813273
0.00808473
0.0080368
0.00798945
0.00794266
0.00789628
0.00784989
0.00780508
0.00776083
0.00771658
0.0076729
0.00762979
0.00758668
0.00754357
0.00750103
0.00745905
0.00741716
0.00737537
0.00733415
0.00729321
0.00725256
0.00721191
0.00717221
0.00713251
0.00709299
0.00705404
0.00701508
0.00697652
0.00693896
0.00690199
0.00686558
0.00682917
0.00679359
0.006758
0.00672242
0.0066874
0.00665295
0.00661858
0.00658421
0.00654985
0.00651548
0.00648111
0.00644723
0.006414
0.00659627
0.00677869
0.0069609
0.00714242
0.00732344
0.00750373
0.0076834
0.00786242
0.00804104
0.00821874
0.00839541
0.00857126
0.0087464
0.00892094
0.0090947
0.00926783
0.00944029
0.00961197
0.00978311
0.00995346
0.0101229
0.0102914
0.010459
0.0106259
0.0107921
0.0109574
0.0111218
0.0112851
0.0114474
0.0116091
0.0117697
0.0119295
0.0120884
0.0122465
0.0124037
0.0125601
0.0127156
0.0128699
0.0130233
0.0131758
0.0133273
0.0134775
0.0136267
0.0137748
0.0139219
0.0140678
0.0142126
0.0143567
0.0144997
0.0146413
0.014782
0.0149213
0.0150593
0.0151964
0.0153323
0.0154665
0.0155997
0.0157314
0.0158619
0.0159911
0.016119
0.0162457
0.0163706
0.0164946
0.0166171
0.0167382
0.0168579
0.0169766
0.0170937
0.0172094
0.0173236
0.0174361
0.0175472
0.017657
0.0177652
0.0178719
0.0179771
0.0180812
0.0181837
0.0182846
0.0183838
0.0184815
0.0185777
0.0186723
0.0187655
0.0188571
0.0189466
0.0190352
0.0191223
0.0192077
0.0192916
0.019374
0.0194552
0.0195348
0.0196125
0.0196888
0.0197636
0.0198366
0.0199086
0.0199788
0.0200473
0.0201144
0.0201799
0.020244
0.0203067
0.0203682
0.020428
0.0204865
0.0205433
0.0205987
0.0206529
0.0207054
0.0207568
0.0208065
0.0208549
0.0209024
0.0209485
0.020993
0.0210363
0.0210784
0.0211189
0.021158
0.0211956
0.0212319
0.0212671
0.021301
0.0213335
0.0213647
0.0213947
0.0214238
0.0214515
0.021478
0.0215036
0.0215277
0.0215506
0.0215726
0.0215933
0.0216128
0.0216309
0.0216483
0.0216644
0.0216793
0.0216928
0.0217055
0.0217169
0.0217273
0.0217367
0.0217449
0.0217524
0.0217585
0.0217639
0.0217681
0.0217711
0.0217733
0.0217744
0.0217743
0.0217731
0.0217709
0.0217678
0.021764
0.021759
0.0217533
0.0217468
0.0217392
0.0217305
0.021721
0.0217109
0.0216996
0.0216874
0.0216742
0.0216602
0.0216452
0.0216295
0.0216127
0.021595
0.0215766
0.0215572
0.021537
0.0215161
0.0214942
0.0214716
0.0214479
0.0214237
0.0213986
0.0213729
0.0213468
0.0213196
0.0212917
0.0212631
0.021234
0.0212038
0.0211728
0.0211412
0.0211085
0.0210756
0.0210419
0.0210074
0.0209723
0.0209365
0.0209
0.0208626
0.0208246
0.0207858
0.0207465
0.0207066
0.0206658
0.0206244
0.0205822
0.0205395
0.0204963
0.0204525
0.0204079
0.0203627
0.0203171
0.0202711
0.0202242
0.020177
0.0201291
0.0200809
0.0200321
0.0199829
0.0199333
0.0198831
0.0198324
0.0197814
0.0197295
0.0196772
0.0196245
0.0195714
0.0195176
0.0194636
0.0194092
0.0193543
0.019299
0.019243
0.0191869
0.0191301
0.0190731
0.0190154
0.0189575
0.018899
0.0188402
0.0187808
0.0187211
0.0186611
0.0186007
0.01854
0.018479
0.0184177
0.0183561
0.018294
0.0182319
0.0181694
0.0181066
0.0180435
0.0179803
0.0179167
0.0178528
0.0177886
0.0177241
0.0176595
0.0175944
0.0175292
0.0174638
0.0173982
0.0173322
0.017266
0.0171997
0.0171331
0.0170663
0.0169994
0.0169325
0.0168653
0.0167978
0.0167304
0.0166628
0.016595
0.0165271
0.016459
0.0163908
0.0163224
0.0162539
0.0161852
0.0161165
0.0160476
0.0159787
0.0159096
0.0158405
0.0157713
0.0157021
0.0156329
0.0155635
0.0154942
0.0154249
0.0153554
0.0152861
0.0152168
0.0151473
0.015078
0.0150086
0.0149393
0.01487
0.0148007
0.0147314
0.0146623
0.0145932
0.0145241
0.0144551
0.0143861
0.0143172
0.0142483
0.0141796
0.0141111
0.0140425
0.0139741
0.0139059
0.0138379
0.0137699
0.0137019
0.0136341
0.0135665
0.013499
0.0134319
0.0133648
0.0132978
0.0132311
0.0131647
0.0130983
0.0130322
0.0129664
0.0129006
0.0128351
0.0127698
0.0127046
0.0126396
0.012575
0.0125106
0.0124465
0.0123827
0.0123191
0.0122558
0.0121928
0.01213
0.0120675
0.0120051
0.0119431
0.0118815
0.0118199
0.0117588
0.0116982
0.0116379
0.011578
0.0115183
0.0114589
0.0113998
0.0113412
0.0112828
0.0112249
0.0111673
0.0111101
0.0110532
0.0109967
0.0109406
0.0108847
0.0108293
0.0107744
0.0107197
0.0106655
0.0106116
0.0105583
0.0105053
0.0104528
0.0104008
0.0103492
0.0102979
0.0102474
0.0101973
0.0101476
0.0100983
0.0100496
0.0100014
0.00995364
0.00990638
0.00985952
0.00981303
0.009767
0.00972167
0.00967675
0.00963239
0.00958839
0.00954487
0.00950187
0.00945905
0.00941676
0.00937492
0.0093336
0.00929288
0.00925265
0.00921295
0.00917351
0.00913463
0.00909641
0.0090587
0.0090215
0.00898501
0.00894914
0.00891363
0.00887869
0.00884418
0.00880999
0.00877639
0.0087433
0.00871074
0.00867868
0.00864717
0.00861626
0.00858559
0.00855552
0.00852606
0.00849712
0.00846842
0.00844035
0.00841276
0.0083858
0.00835936
0.0083335
0.00830824
0.00828344
0.00825923
0.00823553
0.00821217
0.00818946
0.00816728
0.00814559
0.00812437
0.00810367
0.00808318
0.00806332
0.00804397
0.00802514
0.0080066
0.00798859
0.00797106
0.00795402
0.00793742
0.00792135
0.00790584
0.00789085
0.00787637
0.00786234
0.00784874
0.00783563
0.00782291
0.00781072
0.00779883
0.00778746
0.00777633
0.00776566
0.00775547
0.00774577
0.00773655
0.0077277
0.00771927
0.00771121
0.00770349
0.00769621
0.00768942
0.0076829
0.00767682
0.00767105
0.0076657
0.00766072
0.00765607
0.00765187
0.00764819
0.00764472
0.00764154
0.00763871
0.00763618
0.00763396
0.00763214
0.00763066
0.0076295
0.00762872
0.0076283
0.00762814
0.00762841
0.00762895
0.00762975
0.00763072
0.00763199
0.00763357
0.00763545
0.00763761
0.00764004
0.00764269
0.00764569
0.00764894
0.00765246
0.00765617
0.00766003
0.00766414
0.00766848
0.00767308
0.00767775
0.00768276
0.00768799
0.00769335
0.00769888
0.00770466
0.00771074
0.00771705
0.00772346
0.0077301
0.00770077
0.00767255
0.00764466
0.00761714
0.0075905
0.0075639
0.00753703
0.00751009
0.00748339
0.00745682
0.0074302
0.00740333
0.00737652
0.00734969
0.00732292
0.00729582
0.00726887
0.00724209
0.00721486
0.00718775
0.00716079
0.00713366
0.00710662
0.00707921
0.00705193
0.00702443
0.00699696
0.00696943
0.00694192
0.00691454
0.00688698
0.00685946
0.00683206
0.00680438
0.00677688
0.00674939
0.00672183
0.00669418
0.00666661
0.00663887
0.00661121
0.00658345
0.00655553
0.00652763
0.00650002
0.00647231
0.00644464
0.00641683
0.00638922
0.00636137
0.00633351
0.00630567
0.00627787
0.00625029
0.00622262
0.006195
0.00616751
0.00613993
0.00611227
0.00608484
0.00605736
0.00602996
0.00600252
0.00597493
0.0059475
0.00591988
0.00589249
0.00586524
0.00583792
0.00581055
0.00578307
0.00575607
0.00572891
0.00570162
0.00567422
0.00564735
0.0056205
0.00559357
0.00556673
0.00553991
0.00551307
0.00548628
0.00545938
0.00543258
0.00540595
0.00537922
0.0053525
0.0053259
0.00529956
0.0052732
0.00524679
0.00522038
0.00519429
0.00516819
0.00514226
0.00511613
0.00509028
0.00506439
0.00503861
0.00501274
0.00498687
0.00496107
0.00493543
0.00490981
0.00488421
0.00485898
0.00483373
0.0048084
0.00478302
0.00475763
0.00473252
0.00470755
0.00468268
0.00465779
0.004633
0.00460826
0.00458342
0.00455898
0.0045346
0.00451022
0.00448589
0.00446157
0.0044373
0.00441314
0.00438897
0.00436486
0.00434077
0.00431713
0.00429352
0.00426996
0.00424636
0.00422291
0.00419954
0.00417617
0.00415283
0.00412947
0.00410616
0.00408298
0.00405999
0.00403701
0.00401429
0.00399157
0.00396888
0.00394628
0.00392369
0.00390112
0.00387852
0.003856
0.00383351
0.00381111
0.00378875
0.0037664
0.00374419
0.00372227
0.00370037
0.0036786
0.00365686
0.00363513
0.00361348
0.00359187
0.00357029
0.00354887
0.00352747
0.0035061
0.00348479
0.00346348
0.00344223
0.0034211
0.00340005
0.00337903
0.00335823
0.00333766
0.0033171
0.00329662
0.00327625
0.00325596
0.00323577
0.00321554
0.00319538
0.00317531
0.00315535
0.00313547
0.0031156
0.0030958
0.00307607
0.0030564
0.00303677
0.0030174
0.00299808
0.00297874
0.00295946
0.00294028
0.00292115
0.00290212
0.00288312
0.00286427
0.00284545
0.00282669
0.00280799
0.00278937
0.00277079
0.00275221
0.00273383
0.00271554
0.00269753
0.00267964
0.00266179
0.002644
0.00262624
0.00260854
0.00259091
0.00257329
0.00255583
0.00253843
0.00252111
0.00250386
0.00248664
0.00246941
0.00245227
0.00243513
0.00241802
0.00240099
0.0023841
0.00236726
0.00235047
0.00233373
0.00231707
0.00230051
0.00228397
0.00226747
0.00225101
0.0022347
0.00221849
0.00220226
0.0021861
0.00217002
0.00215399
0.002138
0.00212204
0.00210617
0.00209046
0.0020748
0.00205921
0.00204366
0.00202819
0.00201275
0.00199737
0.00198202
0.00196671
0.00195148
0.0019364
0.00192142
0.00190653
0.00189167
0.00187689
0.00186216
0.00184745
0.00183279
0.00181822
0.00180367
0.00178916
0.00177466
0.00176036
0.00174608
0.00173185
0.00171766
0.00170349
0.00168932
