0.930755
0.930755
0.930756
0.930756
0.930756
0.930756
0.930757
0.930758
0.93076
0.930762
0.930764
0.930768
0.930772
0.930776
0.930782
0.930788
0.930795
0.930804
0.930813
0.930824
0.930836
0.930849
0.930864
0.93088
0.930897
0.930917
0.930938
0.93096
0.930985
0.931011
0.93104
0.93107
0.931103
0.931137
0.931174
0.931213
0.931255
0.9313
0.931347
0.931397
0.931448
0.931503
0.93156
0.931619
0.931682
0.931748
0.931817
0.931889
0.931963
0.932041
0.932122
0.932207
0.932295
0.932386
0.93248
0.932578
0.932679
0.932784
0.932892
0.933005
0.93312
0.93324
0.933365
0.933493
0.933625
0.93376
0.9339
0.934044
0.934191
0.934343
0.934498
0.934658
0.934821
0.934988
0.93516
0.935336
0.935515
0.935697
0.935884
0.936074
0.936269
0.936468
0.936675
0.936887
0.937103
0.937323
0.937547
0.937777
0.938011
0.938247
0.938488
0.938734
0.938985
0.93924
0.939497
0.939759
0.940031
0.940303
0.94058
0.940862
0.941147
0.941438
0.941733
0.942032
0.942335
0.942648
0.942963
0.943282
0.943604
0.94393
0.944265
0.944603
0.944946
0.945292
0.94564
0.945992
0.946348
0.946707
0.947072
0.947445
0.947822
0.948202
0.948585
0.948971
0.94936
0.949751
0.950153
0.950558
0.950965
0.951377
0.951793
0.952209
0.952635
0.953063
0.953495
0.953926
0.954362
0.9548
0.955248
0.955699
0.95615
0.956603
0.957058
0.957522
0.957988
0.958454
0.958922
0.959392
0.959865
0.960351
0.960839
0.961324
0.961808
0.962306
0.962804
0.9633
0.963797
0.964301
0.964806
0.965313
0.965821
0.96633
0.966847
0.967365
0.967883
0.968397
0.968923
0.969452
0.969982
0.970507
0.971033
0.971568
0.972106
0.972638
0.973175
0.973714
0.974249
0.974786
0.97533
0.975873
0.976417
0.976957
0.977497
0.978046
0.978595
0.979138
0.979683
0.980238
0.980784
0.981336
0.98189
0.982438
0.982991
0.983539
0.984086
0.984632
0.985188
0.985738
0.986286
0.986839
0.987394
0.987942
0.988495
0.989044
0.989591
0.990136
0.990684
0.99123
0.991777
0.992321
0.992862
0.993402
0.993946
0.994485
0.995022
0.995571
0.996117
0.996657
0.9972
0.997744
0.998281
0.998823
0.999363
0.999898
1.00043
1.00097
1.00151
1.00204
1.00258
1.00311
1.00364
1.00418
1.00471
1.00524
1.00578
1.00631
1.00684
1.00737
1.00789
1.00842
1.00894
1.00947
1.01
1.01052
1.01106
1.01159
1.01212
1.01264
1.01317
1.01369
1.01421
1.01473
1.01525
1.01577
1.01629
1.0168
1.01733
1.01785
1.01837
1.01888
1.01941
1.01993
1.02044
1.02096
1.02147
1.02199
1.0225
1.02301
1.02352
1.02403
1.02454
1.02504
1.02556
1.02606
1.02657
1.02708
1.02759
1.0281
1.0286
1.02911
1.02961
1.03011
1.03062
1.03112
1.03163
1.03213
1.03263
1.03313
1.03364
1.03414
1.03464
1.03515
1.03565
1.03614
1.03664
1.03715
1.03765
1.03815
1.03864
1.03915
1.03965
1.04015
1.04064
1.04114
1.04164
1.04214
1.04263
1.04312
1.04362
1.04412
1.04461
1.04511
1.0456
1.0461
1.0466
1.04709
1.04758
1.04807
1.04857
1.04906
1.04954
1.05002
1.05052
1.05101
1.05149
1.05197
1.05246
1.05295
1.05344
1.05392
1.0544
1.05489
1.05537
1.05585
1.05634
1.05682
1.0573
1.05778
1.05825
1.05874
1.05922
1.05969
1.06017
1.06065
1.06112
1.0616
1.06207
1.06255
1.06303
1.0635
1.06397
1.06444
1.06492
1.06539
1.06585
1.06632
1.06679
1.06726
1.06773
1.0682
1.06868
1.06916
1.06963
1.07009
1.07056
1.07102
1.07149
1.07196
1.07242
1.07288
1.07335
1.07381
1.07427
1.07473
1.07519
1.07566
1.07612
1.07658
1.07704
1.0775
1.07797
1.07843
1.07889
1.07935
1.0798
1.08026
1.08072
1.08118
1.08163
1.08209
1.08254
1.083
1.08345
1.08391
1.08436
1.08481
1.08527
1.08572
1.08618
1.08664
1.08709
1.08754
1.08799
1.08845
1.0889
1.08935
1.0898
1.09025
1.0907
1.09115
1.0916
1.09205
1.0925
1.09296
1.09341
1.09386
1.09431
1.09476
1.09521
1.09566
1.09611
1.09656
1.097
1.09744
1.09788
1.09832
1.09877
1.09922
1.09967
1.10011
1.10055
1.101
1.10145
1.10189
1.10233
1.10277
1.10321
1.10366
1.1041
1.10454
1.10497
1.10542
1.10586
1.1063
1.10673
1.10717
1.1076
1.10804
1.10848
1.10891
1.10934
1.10978
1.11021
1.11064
1.11107
1.1115
1.11193
1.11236
1.11279
1.11322
1.11365
1.11408
1.11451
1.11494
1.11537
1.11579
1.11622
1.11665
1.11707
1.11749
1.11791
1.11833
1.11876
1.11918
1.1196
1.12001
1.12044
1.12086
1.12128
1.1217
1.12211
1.12253
1.12295
1.12336
1.12378
1.12419
1.12461
1.12502
1.12545
1.12586
1.12628
1.12669
1.1271
1.12751
1.12793
1.12834
1.12875
1.12915
1.12958
1.12999
1.1304
1.13081
1.13122
1.13163
1.13204
1.13245
1.13286
1.13327
1.13368
1.13409
1.1345
1.1349
1.13531
1.13571
1.13611
1.13652
1.13693
1.13734
1.13774
1.13815
1.13855
1.13895
1.13936
1.13977
1.14017
1.14057
1.14098
1.14139
1.14179
1.1422
1.1426
1.143
1.1434
1.1438
1.14421
1.14461
1.14501
1.14541
1.14582
1.14622
1.14662
1.14702
1.14742
1.14782
1.14823
1.14863
1.14903
1.14943
1.14982
1.15023
1.15063
1.15103
1.15143
1.15182
1.15222
1.15261
1.153
1.15339
1.1538
1.15419
1.15459
1.15499
1.15538
1.15577
1.15616
1.15656
1.15695
1.15734
1.15773
1.15812
1.15851
1.15889
1.15929
1.15968
1.16007
1.16046
1.16084
1.16123
1.16161
1.162
1.16239
1.16278
1.16317
1.16355
1.16393
1.16432
1.16471
1.16509
1.16548
1.16586
1.16624
1.16662
1.167
1.16739
1.16777
1.16815
1.16853
1.16891
1.16929
1.16967
1.17005
1.17043
1.17081
1.17119
1.17157
1.17195
1.17233
1.17271
1.17308
1.17346
1.17383
1.17421
1.17459
1.17497
1.17534
1.17571
1.17609
1.17645
1.17684
1.17721
1.17758
1.17795
1.17832
1.1787
1.17907
1.17944
1.17981
1.18019
1.18056
1.18093
1.1813
1.18167
1.18204
1.18241
1.18278
1.18315
1.18351
1.18387
1.18425
1.18461
1.18498
1.18535
1.18571
1.18608
1.18645
1.18683
1.18719
1.18756
1.18793
1.18829
1.18866
1.18903
1.1894
1.18976
1.19012
1.19049
1.19085
1.19121
1.19157
1.19194
1.1923
1.19266
1.19302
1.19337
1.19374
1.19411
1.19448
1.19484
1.19521
1.19557
1.19593
1.19629
1.19666
1.19702
1.19739
1.19775
1.19811
1.19847
1.19884
1.1992
1.19956
1.19992
1.20027
1.20063
1.20098
1.20133
1.2017
1.20205
1.20241
1.20276
1.20311
1.20347
1.20383
1.2042
1.20456
1.20491
1.20527
1.20563
1.20598
1.20633
1.20668
1.20704
1.2074
1.20775
1.2081
1.20845
1.2088
1.20915
1.2095
1.20985
1.2102
1.21055
1.21089
1.21125
1.2116
1.21195
1.2123
1.21264
1.21299
1.21333
1.21367
1.21402
1.21437
1.21471
1.21505
1.2154
1.21574
1.21608
1.21643
1.21678
1.21712
1.21746
1.2178
1.21815
1.21849
1.21884
1.21918
1.21952
1.21986
1.2202
1.22054
1.22087
1.22121
1.22155
1.22189
1.22222
1.22256
1.22289
1.22322
1.22356
1.2239
1.22424
1.22458
1.22491
1.22525
1.22558
1.22591
1.22625
1.22658
1.22692
1.22725
1.22759
1.22792
1.22826
1.22859
1.22892
1.22925
1.22959
1.22992
1.23025
1.23059
1.23092
1.23125
1.23158
1.23191
1.23224
1.23257
1.23289
1.23322
1.23354
1.23386
1.23419
1.23452
1.23485
1.23518
1.23551
1.23584
1.23617
1.23649
1.23682
1.23715
1.23748
1.23781
1.23814
1.23847
1.2388
1.23912
1.23945
1.23979
1.24012
1.24044
1.24076
1.24108
1.24141
1.24173
1.24205
1.24237
1.2427
1.24302
1.24335
1.24367
1.244
1.24432
1.24464
1.24496
1.24529
1.24562
1.24595
1.24628
1.2466
1.24692
1.24725
1.24757
1.24791
1.24824
1.24857
1.2489
1.24922
1.24954
1.24986
1.25018
1.25052
1.25085
1.25117
1.25149
1.25181
1.25213
1.25245
1.25277
1.25308
1.25341
1.25374
1.25406
1.25438
1.2547
1.25501
1.25533
1.25566
1.25598
1.25631
1.25663
1.25695
1.25726
1.25757
1.25789
1.25821
1.25853
1.25885
1.25916
1.25948
1.2598
1.26011
1.26042
1.26073
1.26105
1.26137
1.26168
1.262
1.26231
1.26262
1.26293
1.26324
1.26356
1.26387
1.26418
1.26449
1.2648
1.26511
1.26541
1.26572
1.26602
1.26633
1.26665
1.26696
1.26727
1.26758
1.26788
1.26819
1.26849
1.2688
1.26911
1.26943
1.26974
1.27005
1.27035
1.27066
1.27096
1.27126
1.27156
1.27187
1.27218
1.27249
1.27278
1.27309
1.27339
1.27368
1.27399
1.2743
1.2746
1.2749
1.2752
1.2755
1.2758
1.27609
1.27639
1.27668
1.27697
1.27728
1.27759
1.27789
1.27819
1.27849
1.27878
1.27908
1.27937
1.27966
1.27997
1.28027
1.28057
1.28087
1.28117
1.28146
1.28176
1.28205
1.28235
1.28264
1.28293
1.28323
1.28353
1.28382
1.28411
1.28441
1.2847
1.28499
1.28528
1.28556
1.28586
1.28616
1.28645
1.28675
1.28704
1.28733
1.28762
1.2879
1.28819
1.28849
1.28879
1.28909
1.28938
1.28967
1.28996
1.29025
1.29054
1.29082
1.29111
1.2914
1.2917
1.292
1.29229
1.29259
1.29288
1.29318
1.29347
1.29376
1.29405
1.29433
1.29462
1.29493
1.29523
1.29552
1.29581
1.2961
1.29639
1.29667
1.29696
1.29725
1.29754
1.29784
1.29813
1.29842
1.29871
1.299
1.29929
1.29957
1.29985
1.30014
1.30043
1.30073
1.30102
1.30131
1.3016
1.30188
1.30217
1.30245
1.30273
1.30302
1.3033
1.3036
1.30389
1.30418
1.30447
1.30476
1.30504
1.30532
1.30561
1.30589
1.30618
1.30646
1.30675
1.30704
1.30732
1.3076
1.30788
1.30816
1.30844
1.30871
1.30899
1.30926
1.30953
1.30982
1.3101
1.31038
1.31066
1.31094
1.31122
1.31149
1.31177
1.31204
1.31231
1.3126
1.31288
1.31317
1.31345
1.31373
1.314
1.31428
1.31456
1.31483
1.31511
1.31538
1.31565
1.31593
1.31621
1.31649
1.31677
1.31704
1.31731
1.31759
1.31786
1.31813
1.31839
1.31866
1.31893
1.31922
1.31949
1.31976
1.32003
1.3203
1.32057
1.32083
1.3211
1.32137
1.32163
1.32191
1.32219
1.32246
1.32273
