0.977984
0.977982
0.975292
0.968735
0.951698
0.934262
0.916882
0.902312
0.879764
0.854998
0.837356
0.820351
0.800603
0.780168
0.765721
0.742778
0.72791
0.706711
0.706711
0.693437
0.682782
0.671755
0.656564
0.649572
0.649572
0.645249
0.643803
0.646025
0.650113
0.655853
0.655853
0.662594
0.670002
0.675439
0.684911
0.691293
0.696402
0.701071
0.705133
0.709967
0.714219
0.718629
0.720824
0.720878
0.719752
0.716239
0.713058
0.710406
0.708679
0.708679
0.70862
0.709747
0.712273
0.717932
0.7223
0.726575
0.731813
0.736987
0.741563
0.746767
0.751854
0.755994
0.760194
0.763382
0.766074
0.767172
0.767286
0.766649
0.765169
0.763062
0.761533
0.760804
0.761265
0.762382
0.764002
0.766484
0.769336
0.773326
0.777333
0.781404
0.785943
0.790488
0.794968
0.800452
0.805602
0.808994
0.813186
0.813186
0.817001
0.821059
0.82388
0.826682
0.83086
0.833149
0.834826
0.835738
0.835769
0.835769
0.835154
0.833542
0.831789
0.830205
0.829952
0.830945
0.833644
0.837243
0.842759
0.848658
0.852562
0.856965
0.861934
0.86792
0.871982
0.875232
0.877875
0.879475
0.880191
0.880033
0.879446
0.878839
0.878778
0.879605
0.879605
0.882042
0.88534
0.889888
0.893686
0.897877
0.901433
0.905748
0.909355
0.91296
0.919724
0.919724
0.923458
0.92637
0.926683
0.926413
0.926413
0.926371
0.926831
0.927992
0.930203
0.932345
0.934825
0.938021
0.941703
0.944513
0.9479
0.950722
0.955779
0.959843
0.962972
0.96535
0.967123
0.967844
0.968179
0.96868
0.96868
0.968924
0.968719
0.968025
0.967299
0.967445
0.968703
0.970868
0.974031
0.97808
0.98236
0.987974
0.993438
0.998168
1.00362
1.00779
1.01129
1.01457
1.01735
1.01841
1.01898
1.01828
1.0154
1.01453
1.01439
1.015
1.01607
1.01607
1.01809
1.02049
1.02252
1.02494
1.02671
1.0294
1.03193
1.03613
1.04093
1.04678
1.05195
1.05681
1.06052
1.06372
1.06574
1.06662
1.06635
1.06533
1.06417
1.06295
1.06177
1.06072
1.0608
1.06222
1.06565
1.06965
1.07454
1.08005
1.0849
1.08939
1.0934
1.0934
1.10042
1.1031
1.1031
1.10455
1.10474
1.10417
1.10276
1.10165
1.10095
1.10113
1.102
1.10371
1.1057
1.10892
1.11288
1.11644
1.12001
1.12382
1.12753
1.13309
1.13309
1.13737
1.14104
1.14299
1.14401
1.14389
1.14189
1.13994
1.13798
1.13699
1.13699
1.13779
1.1395
1.14242
1.14497
1.15
1.15488
1.15885
1.16228
1.1655
1.16903
1.17107
1.17182
1.17179
1.17046
1.16875
1.16689
1.16533
1.16391
1.16272
1.1619
1.16196
1.16196
1.16324
1.16593
1.16899
1.17419
1.18014
1.18544
1.1914
1.19775
1.20321
1.20901
1.21259
1.21377
1.21271
1.21055
1.20647
1.20174
1.19748
1.19341
1.19137
1.18854
1.18781
1.18847
1.19026
1.19344
1.19344
1.19783
1.20498
1.20498
1.20983
1.21434
1.2181
1.22126
1.22312
1.22405
1.22348
1.22158
1.21922
1.21644
1.21313
1.20992
1.2073
1.2052
1.20512
1.20656
1.20897
1.21137
1.21598
1.22141
1.22644
1.23073
1.23456
1.23713
1.23957
1.24067
1.24017
1.23769
1.23503
1.23216
1.22877
1.22414
1.21987
1.21576
1.21142
1.20741
1.20521
1.20567
1.20782
1.21264
1.21723
1.22416
1.22842
1.23094
