0
7.5052e-06
3.02833e-05
6.80083e-05
0.000120183
0.000186445
0.000267245
0.000267245
0.000267245
0.000599936
0.000599936
0.000599936
0.00106184
0.00106184
0.00144253
0.00144253
0.00144253
0.00144253
0.00144253
0.00144253
0.00144253
0.00323763
0.00355333
0.00387932
0.00422508
0.00458203
0.00458203
0.0053397
0.0053397
0.00615757
0.00615757
0.00704272
0.00750047
0.00797672
0.00846508
0.00896893
0.00896893
0.0100286
0.0100286
0.0111589
0.0111589
0.012345
0.0129595
0.0135778
0.0142203
0.0142203
0.0142203
0.0142203
0.0169838
0.0169838
0.0169838
0.0191925
0.0199544
0.0207347
0.0215467
0.0223517
0.0223517
0.0223517
0.0248181
0.0256735
0.0256735
0.0274288
0.0283218
0.0283218
0.0283218
0.0310319
0.0310319
0.0329274
0.0329274
0.0348198
0.0357866
0.0357866
0.0357866
0.0387022
0.0397019
0.0406909
0.0416958
0.0416958
0.0416958
0.0416958
0.0457206
0.0457206
0.0457206
0.0487942
0.0498249
0.0508552
0.0518834
0.0518834
0.0539618
0.0539618
0.0539618
0.0570823
0.0570823
0.0591745
0.0602215
0.0602215
0.0623123
0.0633599
0.0633599
0.065451
0.065451
0.065451
0.065451
0.065451
0.065451
0.0716889
0.0716889
0.0737436
0.0747635
0.0757725
0.0757725
0.0757725
0.0757725
0.0757725
0.0757725
0.0757725
0.0757725
0.0757725
0.0847233
0.0847233
0.0866196
0.0875553
0.0885008
0.0885008
0.0903678
0.0912952
0.0912952
0.0930322
0.0930322
0.094761
0.0956134
0.0956134
0.0956134
0.0956134
0.0956134
0.0956134
0.0956134
0.100503
0.100503
0.100503
0.100503
0.100503
0.100503
0.100503
0.100503
0.101679
0.101679
0.101679
0.0986898
0.0965565
0.0938527
0.0914005
0.0868608
0.0821441
0.0821441
0.0735378
0.0686409
0.0644736
0.0644736
0.0565164
0.0551727
0.0540691
0.0540691
0.0535997
0.0585946
0.0642044
0.0706736
0.0706736
0.077754
0.0800175
0.0822327
0.0840133
0.0840133
0.0880147
0.0891578
0.0904086
0.0919308
0.0926895
0.0932366
0.0948543
0.0939601
0.0944268
0.0946647
0.0945587
0.0947654
0.0945872
0.0945716
0.094354
0.0938072
0.0938017
0.0932069
0.092918
0.0926884
0.0926884
0.0916792
0.0916792
0.090841
0.090841
0.0893259
0.0883821
0.087615
0.087615
0.0855666
0.0852389
0.0842514
0.0835195
0.0830028
0.0818023
0.0810448
0.0804671
0.079314
0.0786566
0.0777229
0.0777229
0.0756217
0.0763946
0.0742392
0.0729283
0.0720197
0.0707551
0.0720936
0.0693885
0.0684034
0.0674945
0.0671534
0.0651896
0.0649894
0.0636866
0.0627993
0.0619755
0.0608002
0.0608002
0.0588649
0.0581821
0.0571312
0.0564683
0.0584186
0.054911
0.054911
0.0531934
0.0532709
0.0516616
0.0516619
0.0500103
0.0501412
0.0487587
0.0479386
0.0474192
0.0464485
0.0463309
0.0463309
0.0448819
0.0443699
0.0448643
0.0442571
0.0448455
0.0446478
0.0440724
0.0440724
0.0440724
0.0430888
0.0430888
0.0422743
0.0422743
0.0431439
0.040653
0.040653
0.0394518
0.0394518
0.0394518
0.0394518
0.0387338
0.0376816
0.0373106
0.0373106
0.0374516
0.035703
0.035703
0.035703
0.0342747
0.0355358
0.0358526
0.0358526
0.0358526
0.0358526
0.0358526
0.0358526
0.0345417
0.0345417
0.0345417
0.0367496
0.0367496
0.0367496
0.0363495
0.0365029
0.0367538
0.0367538
0.0376239
0.0376239
0.0389864
0.0376625
0.0376625
0.0402903
0.0397659
0.0397659
0.0409639
0.0412992
0.0415904
0.0415904
0.0415904
0.0415904
0.0475633
0.0466326
0.0466326
0.0466326
0.0487732
0.0487732
0.0499886
0.0499886
0.0504329
0.0504329
0.0519362
0.0519362
0.0538539
0.0538539
0.0534481
0.0556285
0.0538534
0.0544192
0.0544192
0.0544192
0.058216
0.0584227
0.0584227
0.0579719
0.0579719
0.0579719
0.0593203
0.0593203
0.0593203
0.0593203
0.0593203
0.0614425
0.0633031
0.0633031
0.0630309
0.0644223
0.0631051
0.0643866
0.0646563
0.0646563
0.0646563
0.0655149
0.0655149
0.0655149
0.0670998
0.0665889
0.0665889
0.0665889
0.0665889
0.0680535
0.0694175
0.0694175
0.0694175
0.0694175
0.0700979
0.0700979
0.0700979
0.0700365
0.0700365
0.0700365
0.0700365
0.0700365
0.070768
0.071172
0.071172
0.071172
0.0718755
0.0718755
0.0718755
0.0718755
0.0718755
0.0718755
0.0718755
0.0718755
0.0737857
0.0735002
0.0735002
0.0735002
0.0735002
0.0735002
0.0735002
0.0735002
0.0735002
0.0747039
0.0752066
0.0752066
0.0752066
0.0752066
0.0752633
0.0752633
0.0762696
0.0761129
0.0765224
0.0765224
0.0765224
0.0765224
0.0765224
0.0765224
0.0765224
0.0765224
0.0765224
0.0765224
0.0765224
0.0765224
0.077787
0.0782986
0.0782986
0.0782986
0.0782986
0.0782986
0.0782986
0.0782986
0.0788251
0.0788251
0.079668
0.079668
0.079668
0.079668
0.079668
0.079668
0.079668
0.079668
0.079668
0.079668
0.079668
0.07848
0.07848
0.07848
0.07848
0.07848
0.07848
0.07848
0.07848
0.0784885
0.0784885
0.0790653
0.0790653
0.0790653
0.0790653
0.0790653
0.0790653
0.0790653
0.0790653
0.0790653
0.079274
0.079274
0.079274
0.079274
0.079274
0.079274
0.079274
0.079274
0.079274
0.079274
0.079274
0.079274
0.079274
0.079274
0.079274
0.079274
0.0799615
0.0799615
0.0799615
0.0799615
0.0799615
0.0799615
0.0799615
0.0799615
0.0799615
0.0799615
0.0799615
0.0799615
0.0799615
0.0799615
0.0802981
0.0802981
0.0802981
0.0802981
0.0802981
0.0802981
0.0802981
0.0802981
0.0802622
0.0802622
0.0802622
0.0802622
0.0802622
0.0802622
0.0802622
0.0802622
0.0802622
0.0802622
0.0802622
0.0802622
0.0802622
0.0802622
0.0802622
0.0802622
0.0802622
0.0802622
0.0802622
0.0802622
0.0802622
0.0802622
0.0802622
0.0909473
0.0919088
0.0920249
0.0920249
0.0920249
0.0920249
0.0920249
0.0946551
0.0946551
0.095605
0.095605
0.0956184
0.0956184
0.0956184
0.0957228
0.0957228
0.0948893
0.0953544
0.0953544
0.0953544
0.0961185
0.0961184
0.096177
0.095386
0.0954815
0.0954408
0.0955696
0.0955696
0.0953882
0.0953882
0.0953882
0.0952506
0.0948267
0.0948267
0.0948267
0.0948267
0.0948267
0.0948267
0.0946634
0.0943431
0.0943296
0.0939194
0.0940498
0.0938664
0.0938664
0.0940367
0.0935993
0.0935993
0.0937901
0.0934088
0.0930404
0.0929951
0.0935457
0.0935457
0.0935457
0.0934525
0.0926713
0.0933588
0.0927287
0.0925766
0.0924816
0.0927118
0.0927646
0.092364
0.0925642
0.0925642
0.0925109
0.092446
0.0924807
0.092351
0.0924385
0.0921248
0.0923501
0.0921245
0.0918281
0.0918281
0.0918228
0.0918228
0.0918588
0.0917527
0.0917791
0.0917355
0.0915765
0.0915765
0.0915228
0.0916358
0.0914828
0.091305
0.0905268
0.0905268
0.0904633
0.0911781
0.0908178
0.0908178
0.0908178
0.0909445
0.0907982
0.0905569
0.0903163
0.0902502
0.0900301
0.0900301
0.0899806
0.0899806
0.0899151
0.0896276
0.0896697
0.0897591
0.0895731
0.0895296
0.0895641
0.0893071
0.0893071
0.0889799
0.0890492
0.0890492
0.0890492
0.0890648
0.0892183
0.08904
0.089064
0.0887235
0.0887235
0.089064
0.088943
0.0888271
0.08904
0.089064
0.089064
0.0889276
0.0885348
0.0892684
0.0889378
0.0891107
0.0890026
0.0890026
0.0887822
0.0887822
0.0889509
0.0892224
0.0891706
0.0887305
0.0886788
0.0886788
0.0889509
0.0892913
0.0895952
0.089653
0.0896313
0.0893776
0.0893776
0.0893776
0.0893776
0.0894221
0.0897687
0.0899087
0.0900046
0.0899087
0.0901843
0.0901843
0.0901843
0.0899567
0.0899567
0.0897752
0.0902068
0.0905838
0.0903525
0.0903165
0.0910085
0.0911015
0.0911015
0.0913007
0.091444
0.0908141
0.0916389
0.0913669
0.0913669
0.0912928
0.0909517
0.0914118
0.0915431
0.091674
0.091674
0.0921939
0.0921107
0.0922463
0.0920961
0.092161
0.0919343
0.0922031
0.0925953
0.0925953
0.0924354
0.0926206
0.0926206
0.0928531
0.0926287
0.0928531
0.0930754
0.0933074
0.0934104
0.0934104
0.093188
0.0936309
0.093412
0.0936612
0.0936612
0.0932148
0.0936612
0.0941771
0.0939217
0.0944309
0.0937093
0.0942779
0.094463
0.0951015
0.0948905
0.094463
0.0945858
0.0949589
0.0947443
0.0949589
0.0954668
0.0954976
0.0957987
0.095558
0.095498
0.095979
0.095979
0.095979
0.095979
0.096018
0.096158
0.096158
0.0963004
0.0967932
0.0952119
0.0955256
0.0946145
0.0954027
0.0964113
0.0985291
0.0990843
0.0992
0.0997697
0.0996193
0.0995529
0.0992668
0.0993581
0.10003
0.100139
0.100124
0.100304
0.100357
0.10051
0.100421
0.100421
0.100568
0.100455
0.100496
0.100626
0.100432
0.100295
0.100465
0.100465
0.0998249
0.0995768
0.0993897
0.0995479
0.0994581
0.0991482
0.0986931
0.098399
0.0979558
0.0976811
0.0976378
0.0975944
0.0975944
0.0972952
0.09734
0.0973727
0.0973879
0.0969353
0.0968811
0.0966771
0.0966771
0.0961578
0.0961647
0.0960154
0.0955658
0.0958173
0.0954955
0.0945913
0.0952337
0.0950039
0.0944868
0.0948429
0.0944383
0.0938452
0.0938452
0.0941117
0.0935949
0.0935016
0.0936069
0.093271
0.0928934
0.0928306
0.0927
0.0923308
0.0923841
0.0925924
0.0922123
0.0916044
0.0915437
0.0914134
0.0913612
0.0907952
0.0909033
0.0905935
0.0901591
0.0898898
0.0899421
0.0899754
0.0899754
0.0898302
0.0898302
0.089343
0.0891652
0.089087
0.0891187
0.0890623
0.0882438
0.0880901
0.0878351
0.0880229
0.0884104
0.0875765
0.0875765
0.0876247
0.0876247
0.0871119
0.0875776
0.0873095
0.0870409
0.086574
0.0875214
0.0865073
0.0862743
0.0861309
0.085966
0.0858931
0.0865586
0.0857249
0.0856522
0.0853644
0.0852066
0.0854812
0.0849437
0.0849437
0.0849437
0.0849437
0.0848169
0.084438
0.0851336
0.084945
0.0839567
0.0836572
0.0838806
0.084164
0.0840597
0.0842068
0.0839989
0.0837695
0.083974
0.0837438
0.0836807
0.0836238
0.0834548
0.0833333
0.0832264
0.0831929
0.0830308
0.0830308
0.0828037
0.0828114
0.0824966
0.0824966
0.0824036
0.0821166
0.0815703
0.0814839
0.0814752
0.0813909
0.0811227
0.0809304
0.0808407
0.0810747
0.080556
0.0801755
0.0801916
0.080214
0.0797818
0.0795839
0.0795839
0.0792956
0.0797023
0.0797023
0.0780962
0.0787132
0.0779932
0.0781751
0.0778672
0.077764
0.0772751
0.0771125
0.0773578
0.0773578
0.0769853
0.0769971
0.0766324
0.0765213
0.0762736
0.0763576
0.0763576
0.0763248
0.0762089
0.0759718
0.0759718
0.0760731
0.0758398
0.0759504
0.0757294
0.0754965
0.0758324
0.0757299
0.0758631
0.0757404
0.0753157
0.0757001
0.0757118
0.0757857
0.075564
0.075564
0.0756959
0.0757442
0.0757442
0.0756616
0.0757984
0.0759362
0.0759661
0.0761369
0.0764186
0.0765596
0.076418
0.0767722
0.0767722
0.0770486
0.0769782
0.0772573
0.0772573
0.0776609
0.0782029
0.0781
0.0782964
0.0788465
0.0788963
0.0788963
0.0788963
0.0794219
0.0794219
0.0795715
0.0802366
0.0806409
0.080745
0.081144
0.0814168
0.0817453
0.0823261
0.0823261
0.0825941
0.0828628
0.0833384
0.0836294
0.0840446
0.0842719
0.0849278
0.0841924
0.0842642
0.0853244
0.0866214
0.0881297
0.0889891
0.0904339
0.0909702
0.0916719
0.0925568
0.0928825
0.0935857
0.0935099
0.0936011
0.0941491
0.0943502
0.0946992
0.0950113
0.0948426
0.0951447
0.0948499
0.0947171
0.0948101
0.0948935
0.0950446
0.0944441
0.0949472
0.0944342
0.0945764
0.0948043
0.0944106
0.0951351
0.0954784
0.0956311
0.0961651
0.0965709
0.0968077
0.0973589
0.0974049
0.0975467
0.0976162
0.0978268
0.0982712
0.0983523
0.0983713
0.0984012
0.0982534
0.0980942
0.0980124
0.0981421
0.0983746
0.0985085
0.0983652
0.0983592
0.0984408
0.0988471
0.0990941
0.0991637
0.0991195
0.0991637
0.0994748
0.0993294
0.0994748
0.0998393
0.0999786
0.0998858
0.0999614
0.0998002
0.100103
0.0998159
0.0997063
0.099974
0.0995888
0.0997043
0.100187
0.0998326
0.0998556
0.0997819
0.0997618
0.0995519
0.0999076
0.0999683
0.0999683
0.100213
0.100224
0.1003
0.100695
0.100594
0.100351
0.10054
0.100706
0.100742
0.100655
0.100457
0.10089
0.10023
0.101058
0.100768
0.10051
0.10082
0.10107
0.101097
0.10141
0.101773
0.101953
0.101777
0.10194
0.102125
0.102181
0.101944
0.10197
0.102097
0.10187
0.102293
0.102147
0.102013
0.102438
0.102438
0.102393
0.102306
0.102158
0.102707
0.10273
0.102752
0.102775
0.102942
0.102797
0.102757
0.102738
0.102823
0.102512
0.102671
0.102692
0.102464
0.102563
0.103067
0.102794
0.102892
0.102911
0.102969
0.103336
0.103231
0.103942
0.103942
0.104051
0.104454
0.104454
0.104454
0.104527
0.104409
0.104506
0.104067
0.103953
0.103621
0.103638
0.103532
0.103428
0.103825
0.103883
0.104158
0.103748
0.103792
0.103982
0.103529
0.104054
0.104079
0.104582
0.104724
0.105406
0.105471
0.105675
0.105738
0.10503
0.105179
0.105578
0.105768
0.105897
0.106029
0.105934
0.105718
0.105117
0.105371
0.105145
0.105371
0.105648
0.106
0.10631
0.106375
0.10613
0.106143
0.106156
0.106143
0.106552
0.106361
0.106955
0.107633
0.10762
0.107696
0.107698
0.106986
0.106998
0.107022
0.107022
0.107022
0.10777
0.10774
0.108376
0.107869
0.107869
0.107869
0.107869
0.107507
0.107904
0.107936
0.10794
0.1087
0.108712
0.108748
0.108779
0.10823
0.108609
0.108042
0.108864
0.108876
0.109468
0.108919
0.108929
0.108534
0.108933
0.108603
0.109395
0.109785
0.109785
0.110905
0.109221
0.110158
0.110523
0.110966
0.111648
0.11128
0.11128
0.110931
0.111327
0.111345
0.111801
0.111048
0.111071
0.111174
0.111562
0.11158
0.110392
0.109838
0.109784
0.109853
0.110419
0.110163
0.110272
0.109713
0.109242
0.109403
0.109782
0.109965
0.110185
0.111218
0.111222
0.111456
0.111985
0.112739
0.113143
0.113581
0.113603
0.114308
0.114814
0.11484
0.11517
0.114989
0.115145
0.115083
0.115313
0.114975
0.114793
0.114884
0.115025
0.115429
0.115828
0.11556
0.115809
0.115967
0.116064
0.116209
0.116376
0.116328
0.116545
0.116292
0.116561
0.116472
0.116338
0.116338
0.116172
0.116233
0.116434
0.116309
0.116377
0.116535
0.116512
0.116276
0.116157
0.116016
0.11568
0.115761
0.115376
0.115646
0.115421
0.11547
0.115436
0.11543
0.115507
0.115798
0.115872
0.115631
0.11605
0.116031
0.116379
0.116183
0.115987
0.115683
0.115434
0.115089
0.114737
0.114393
0.114277
0.113983
0.114097
0.114048
0.11432
0.114407
0.114096
0.114579
0.114692
0.114852
0.115141
0.115051
0.114961
0.114735
0.114453
0.114329
0.114166
0.114206
0.113478
0.113289
0.113339
0.113366
0.113542
0.113491
0.113093
0.112642
0.112476
0.112618
0.11255
0.11283
0.112352
0.112169
0.111949
0.111341
0.111094
0.110679
0.110465
0.109883
0.110441
0.110623
0.110327
0.110377
0.110071
0.111015
0.110846
0.111076
0.111847
0.112017
0.112022
0.11277
0.112756
0.112854
0.112854
0.113678
0.113996
0.114218
0.114491
0.114656
0.114753
0.115029
0.115232
0.115641
0.115893
0.116104
0.116086
0.11588
0.115856
0.115666
0.115432
0.114925
0.114745
0.114168
0.113726
0.113451
0.112789
0.113197
0.112895
0.112741
0.111803
0.111903
0.112215
0.112039
0.111916
0.111656
0.111633
0.111295
0.111576
0.1115
0.111519
0.110882
0.110543
0.11021
0.110224
0.109804
0.109923
0.110265
0.110311
0.110349
0.110523
0.110708
0.110883
0.111226
0.111401
0.11195
0.112303
0.112277
0.112277
0.113238
0.113432
0.113659
0.113755
0.113601
0.113418
0.113439
0.113067
0.113037
0.112159
0.111918
0.111196
0.110881
0.110709
0.110631
0.110528
0.11047
0.11064
0.110851
0.110173
0.110634
0.109742
0.110725
0.110506
0.109591
0.110453
0.110207
0.110374
0.11
0.110014
0.108807
0.108825
0.109293
0.109037
0.109245
0.108416
0.107562
0.107265
0.107563
0.106964
0.106137
0.10654
0.106705
0.107858
0.108118
0.108522
0.109014
0.109381
0.109948
0.110078
0.109761
0.110013
0.1098
0.109625
0.10971
0.109504
0.109583
0.108876
0.108742
0.108596
0.10807
0.10805
0.107406
0.107128
0.108591
0.109822
0.110292
0.110133
0.108701
0.108698
0.10713
0.106956
0.105011
0.105241
0.104274
0.104019
0.104287
0.104141
0.103683
0.103554
0.103494
0.10352
0.103388
0.103201
0.103227
0.102606
0.102232
0.10231
0.100708
0.100816
0.100285
0.099605
0.0990242
0.0987862
0.0975694
0.0966728
0.0960807
0.0951487
0.095445
0.0959548
0.0945148
0.094638
0.0934818
0.0933506
0.0934857
0.0929429
0.0931387
0.0938266
0.0935757
0.0936239
0.0944247
0.094345
0.0937838
0.0941817
0.0939846
0.0933516
0.0946599
0.0946062
0.0928102
0.0918817
0.0908708
0.0904016
0.0895185
0.0887174
0.0885737
0.0887083
0.0877334
0.0882568
0.0882868
0.089712
0.0920896
0.0924468
0.0916883
0.0905177
0.0907654
0.090347
0.0891156
0.0896264
0.0910135
0.0907185
0.0917339
0.0917339
0.0910307
0.0897213
0.0900041
0.090068
0.0894116
0.0900434
0.0903807
0.0909213
0.0904426
0.0904842
0.0904671
0.090812
0.0908988
0.0911651
0.090926
0.0907104
0.0914489
0.0917218
0.0913911
0.0915928
0.0914237
0.0918317
0.0916428
0.0928932
0.0924075
0.0927782
0.0927449
0.0921585
0.0918201
0.0915863
0.0924493
0.0928015
0.0929477
0.0930595
0.0929225
0.0932203
0.0930942
0.0927199
0.0932558
0.0932558
0.0931394
0.0940965
0.0944501
0.0943153
0.0942637
0.0945432
0.0944242
0.0937577
0.0940686
0.0945533
0.0945864
0.0952561
0.0951749
0.0953211
0.0961969
0.0978844
0.0988161
0.10121
0.103826
0.105021
0.106401
0.107406
0.108524
0.109828
0.110457
0.111165
0.111916
0.112076
0.11252
0.113781
0.113644
0.11384
0.114271
0.114661
0.115182
0.115393
0.115436
0.115649
0.115342
0.115504
0.115526
0.115728
0.115837
0.11591
0.115701
0.116014
0.115739
0.115713
0.115421
0.115141
0.1153
0.115384
0.115474
0.115631
0.115567
0.115818
0.116026
0.115876
0.116239
0.116819
0.116733
0.116669
0.116681
0.116805
0.1168
0.1168
0.11697
0.116749
0.116856
0.116547
0.116619
0.116597
0.116437
0.116187
0.116209
0.116099
0.116096
0.116042
0.116109
0.116087
0.116324
0.116245
0.116154
0.116288
0.116263
0.116183
0.116229
0.116189
0.116103
0.116087
0.116037
0.116037
0.115952
0.115818
0.115736
0.115747
0.115746
0.115818
0.115654
0.115666
0.115758
0.11554
0.115401
0.114881
0.114477
0.114077
0.114088
0.113518
0.113488
0.113346
0.112258
0.112555
0.111759
0.111217
0.111722
0.111367
0.11132
0.111052
0.111052
0.110425
0.109917
0.109686
0.109686
0.109686
0.109686
0.109686
0.109686
0.109686
0.109686
0.109686
0.109686
0.109686
0.109686
0.109686
0.109686
0.109686
0.109686
0.109686
0.109686
0.109686
0.109686
0.109686
0.109686
0.109686
0.109686
0.109686
0.109686
0.109686
0.109686
0.109686
0.109686
0.109686
0.109686
0.109686
0.109686
0.109686
0.109686
0.109686
0.109686
0.109686
0.109686
0.109686
0.109686
0.109686
0.109686
0.109686
0.109686
0.109686
0.109686
0.109686
0.109686
0.109686
0.109686
0.109686
0.109686
0.109686
0.109686
0.109686
0.109686
0.109686
0.109686
0.109686
0.109686
0.109686
0.109686
0.109686
0.109686
0.109686
0.109686
0.109686
0.109686
0.109686
0.109686
0.109686
0.109686
0.109686
0.109686
0.109686
0.109686
0.109686
0.109686
0.109686
0.109686
0.109686
0.109686
0.109686
0.109686
0.109686
0.109686
0.109686
0.109686
0.109686
0.109686
0.109686
0.109686
0.109686
0.109686
0.109686
0.109686
0.109686
0.109686
0.109686
0.109686
0.109686
0.109686
0.109686
0.109686
0.109686
0.109686
0.109686
0.109686
0.109686
0.109686
0.109686
0.109686
0.109686
0.109686
0.109686
0.109686
0.109686
0.109686
0.109686
0.109686
0.109686
0.109686
0.109686
0.109686
0.109686
0.109686
0.109686
0.109686
0.109686
0.109686
0.109686
0.109686
0.109686
0.109686
0.109686
0.109686
0.124499
0.124426
0.124357
0.124233
0.124002
0.123452
0.122737
0.122284
0.122284
0.122284
0.117617
0.115381
0.113064
0.113064
0.113064
0.113064
0.113064
0.113064
0.113064
0.113064
0.113064
0.113064
0.113064
0.113064
0.113064
0.113064
0.113064
0.113064
0.0900531
0.0900531
0.0933909
0.0951926
0.0967087
0.0974892
0.0982351
0.0980579
0.0975579
0.096318
0.095073
0.093692
0.0922819
0.0912312
0.0896578
0.088016
0.085891
0.0844691
0.082972
0.0796405
0.0802834
0.0777622
0.075255
0.0735577
0.0718181
0.0701233
0.0693025
0.0682835
0.0669286
0.067068
0.0672626
0.0669438
0.0673264
0.0672678
0.0678678
0.0681926
0.0684
0.0689809
0.0691221
0.0696445
0.0688562
0.0693974
0.0690085
0.0680876
0.0680044
0.0682639
0.067599
0.0675174
0.0671255
0.0671806
0.0675852
0.0667352
0.0667352
0.0665692
0.0660677
0.0659823
0.066138
0.0658658
0.0657098
0.0661791
0.0658012
0.0655379
0.0647834
0.0647226
0.0652755
0.0649992
0.064767
0.0645001
0.0645001
0.0642407
0.0637248
0.0629281
0.0632249
0.0629505
0.0629212
0.0634524
0.0630197
0.0630197
0.0631327
0.0622264
0.0623562
0.0621862
0.0626128
0.0633845
0.0633845
0.0627294
0.0629675
0.0634233
0.0634233
0.0636759
0.0648151
0.063714
0.0635745
0.0635745
0.0634349
0.0632873
0.0620962
0.0619606
0.0619606
0.0620827
0.0617921
0.0609684
0.0608356
0.0610585
0.0603222
0.06017
0.06076
0.06156
0.0630018
0.0640265
0.0656355
0.0677873
0.0684799
0.0699717
0.0704042
0.0705206
0.0711561
0.0717297
0.0719172
0.0723699
0.0729439
0.0729439
0.0743455
0.074929
0.0746272
0.0752662
0.0750417
0.0747572
0.0754079
0.0752551
0.0753557
0.0754098
0.075564
0.0758249
0.0760426
0.0758627
0.07643
0.0754609
0.0757621
0.0751728
0.074724
0.0746644
0.0746235
0.0746903
0.0742388
0.0741139
0.0733823
0.072749
0.0721122
0.0720162
0.0720162
0.0716305
0.0712413
0.070689
0.0704264
0.070161
0.0699142
0.0693719
0.068665
0.0680068
0.0677273
0.0675025
0.0672067
0.0669182
0.066209
0.0639255
0.0649877
0.0646785
0.0641838
0.0632544
0.0631402
0.0631402
0.0597415
0.062148
0.0597415
0.0613167
0.0609896
0.0609896
0.0609896
0.0606626
0.057911
0.0570268
0.0597368
0.0591783
0.0590099
0.0588416
0.0579683
0.0577946
0.057814
0.0571099
0.0571099
0.0565205
0.052978
0.0529969
0.0554552
0.0555138
0.0549133
0.054505
0.0544279
0.0542026
0.0542026
0.0542026
0.0534688
0.0535109
0.0535109
0.0535613
0.0533769
0.0531931
0.0531931
0.0530409
0.0526729
0.0530465
0.0529564
0.0522705
0.0525915
0.0519892
0.0517848
0.0516012
0.0513734
0.0513867
0.0515288
0.0511685
0.0508162
0.0508214
0.0506407
0.0503727
0.0505629
0.0505629
0.0507142
0.0507142
0.050892
0.050892
0.050892
0.0510709
0.0506694
0.0506489
0.05059
0.05059
0.05059
0.05059
0.0504086
0.0505794
0.0505741
0.0505284
0.0503528
0.0501786
0.0501786
0.0501786
0.0503403
0.0499911
0.0499911
0.0499957
0.0499957
0.0475493
0.0478053
0.0476559
0.0478827
0.0478827
0.0478827
0.0478827
0.0499915
0.0499915
0.0501637
0.0499965
0.0499965
0.0498243
0.0498309
0.049473
0.049473
0.0496507
0.0496965
0.0496965
0.0495709
0.0494259
0.0500781
0.0500652
0.0500176
0.0497131
0.0500176
0.049606
0.049606
0.0499053
0.0497583
0.050179
0.050179
0.0500537
0.0499149
0.0499149
0.0497784
0.0497784
0.0495058
0.0477343
0.049644
0.0495118
0.0494302
0.0475064
0.0502111
0.0500421
0.0500421
0.0497477
0.050132
0.0497916
0.0497916
0.04984
0.0495566
0.0496793
0.0496793
0.0501344
0.0497261
0.0501344
0.0499722
0.0498939
0.0499067
0.0499252
0.0519116
0.0519116
0.0500574
0.0500574
0.0500574
0.0499509
0.0499509
0.0499509
0.0504232
0.0508366
0.0505198
0.050724
0.050724
0.0507955
0.051089
0.0515258
0.0515258
0.0514445
0.0518565
0.0516116
0.0519441
0.0520359
0.0500824
0.0499746
0.050027
0.050027
0.0517261
0.0519637
0.0519637
0.0519637
0.0523908
0.0510906
0.0540852
0.0532634
0.0500525
0.0505969
0.0479868
0.0459214
0.0450774
0.0438439
0.0434735
0.0458743
0.0466834
0.0477187
0.0488673
0.0513872
0.0529048
0.0545359
0.05579
0.0579852
0.0579852
0.0615539
0.061916
0.0632068
0.0639799
0.0644031
0.0653371
0.0658528
0.0662316
0.0661541
0.0669836
0.0668011
0.0664743
0.066576
0.0669909
0.0671749
0.0667132
0.0669518
0.0670769
0.0671989
0.0668929
0.0672404
0.0665137
0.0664456
0.0653307
0.0650009
0.0619445
0.0622338
0.0639638
0.0634465
0.0632555
0.0611232
0.0628588
0.0625343
0.0623427
0.0621496
0.0587734
0.05868
0.0608264
0.0594763
0.0590955
0.0565295
0.0583338
0.0579942
0.0576793
0.0574998
0.0566884
0.0566884
0.0531249
0.0529711
0.0554109
0.0552929
0.054684
0.0543405
0.0542693
0.0533241
0.0528076
0.0519965
0.0516453
0.0515464
0.0513109
0.0508398
0.0502881
0.0502798
0.0468783
0.0495072
0.049402
0.0479703
0.0480495
0.0480746
0.0480746
0.0478998
0.0474669
0.0472937
0.0464282
0.0460736
0.0459017
0.0459017
0.0455981
0.0455981
0.0455981
0.0452655
0.0449854
0.0445146
0.0440156
0.0438498
0.043635
0.0435265
0.0433692
0.0432149
0.0432149
0.0432149
0.0432149
0.0425524
0.0424819
0.0422613
0.0419527
0.0389093
0.0383771
0.0379135
0.0378959
0.0378959
0.0406203
0.0404894
0.0401377
0.0402453
0.0402453
0.0395901
0.0393521
0.0395802
0.0392415
0.0391354
0.0391354
0.0387139
0.039039
0.0387139
0.0388501
0.0387631
0.0387631
0.0387631
0.0389107
0.0384501
0.0385332
0.0386994
0.0386994
0.0388713
0.0388177
0.0385358
0.0387696
0.038492
0.0391558
0.0388925
0.0388925
0.0390823
0.0390823
0.0390823
0.0393032
0.0388323
0.0392975
0.0392975
0.0392975
0.0395431
0.0395581
0.0390187
0.0386659
0.0386659
0.0386659
0.0386659
0.0392175
0.0392619
0.0395518
0.0395518
0.0403098
0.0404295
0.0407372
0.0407372
0.0404199
0.0404942
0.0407338
0.041014
0.0407731
0.0407731
0.0407731
0.0411934
0.0422452
0.0423462
0.0423462
0.0421086
0.0423213
0.0423213
0.0426726
0.0426726
0.042909
0.0434563
0.0433391
0.0434687
0.0436678
0.0445658
0.0445658
0.0445658
0.0445658
0.0454172
0.0454172
0.0454172
0.0460027
0.0460027
0.0468796
0.0465862
0.0472205
0.047544
0.047544
0.047544
0.0482894
0.0483418
0.0484799
0.0488416
0.0498306
0.0500505
0.0500505
0.0497479
0.0501896
0.0504571
0.0504571
0.0513117
0.0513672
0.0516316
0.0517778
0.0520533
0.052711
0.0529717
0.0536478
0.0537117
0.054046
0.0545066
0.0545066
0.0547022
0.0544187
0.0554631
0.0554631
0.0556633
0.0565
0.0566467
0.0561858
0.0561785
0.0557496
0.0559082
0.0558765
0.056166
0.0560763
0.0567354
0.0582834
0.0588602
0.0598595
0.0602576
0.0598572
0.0591627
0.0576097
0.0566068
0.0558418
0.0551038
0.0539718
0.0541637
0.0539186
0.0552546
0.0558214
0.057179
0.0579925
0.0591827
0.0600541
0.0615817
0.0624901
0.063263
0.0636644
0.0647686
0.0648568
0.0627181
0.0653145
0.0657285
0.0650366
0.0654679
0.0649786
0.0627437
0.065082
0.0647624
0.064877
0.065214
0.0624704
0.0650744
0.0648168
0.0650659
0.0647116
0.0620903
0.0621257
0.0643854
0.0641785
0.0636741
0.0614803
0.0637642
0.0632661
0.0626054
0.0628669
0.0597043
0.0616941
0.061513
0.0612016
0.0606759
0.0574086
0.0598388
0.0588812
0.0583789
0.0583789
0.0583789
0.0542407
0.056671
0.0561962
0.0552908
0.0552862
0.0547377
0.0538301
0.0536194
0.0529171
0.0522176
0.0526285
0.0521912
0.0523828
0.0517595
0.0515731
0.0484893
0.0510688
0.0503818
0.0501954
0.0496619
0.0488305
0.0491064
0.0485918
0.0484116
0.0476528
0.0472096
0.0465452
0.04657
0.0465957
0.0458704
0.0457293
0.0449691
0.0447539
0.0447771
0.0448016
0.0446143
0.0448276
0.0445833
0.0442488
0.0433756
0.040238
0.040238
0.0400716
0.0397485
0.0426907
0.0422246
0.0424022
0.0420163
0.0416948
0.0412229
0.0407743
0.0410511
0.0410511
0.0407752
0.0406082
0.0400664
0.0400664
0.0405016
0.0405621
0.0401951
0.0402652
0.0403395
0.0403395
0.0403395
0.0405066
0.0401708
0.0401326
0.0398032
0.0398032
0.0397969
0.0394602
0.0396652
0.0396652
0.0393426
0.0389979
0.0391132
0.0386749
0.0385738
0.0384863
0.0384863
0.0384863
0.0383279
0.0383279
0.0385501
0.0386393
0.0388605
