0
4.89822e-07
2.93895e-06
8.811e-06
1.95653e-05
3.66579e-05
6.1534e-05
9.56233e-05
0.000140341
0.000197076
0.000267208
0.000352107
0.000453092
0.00057148
0.000708534
0.000865522
0.00104364
0.00124408
0.00146794
0.00171639
0.00199038
0.00229108
0.00261926
0.00297609
0.00336235
0.00377875
0.00422622
0.00470527
0.00521693
0.00576133
0.00633934
0.00695129
0.0075977
0.00827932
0.00899587
0.00974793
0.0105352
0.0113584
0.0122169
0.0131112
0.014041
0.0150057
0.0160066
0.0170417
0.0181129
0.0192177
0.0203559
0.021527
0.0227259
0.0239619
0.0252264
0.0265211
0.027847
0.0291936
0.0305727
0.0319743
0.0334014
0.0348549
0.0363324
0.037824
0.0393428
0.0408744
0.0424134
0.0439757
0.0455445
0.0471254
0.0487075
0.0502862
0.0502862
0.0502862
0.0502862
0.0502862
0.0502862
0.0502862
0.0502862
0.0502862
0.0579186
0.0593804
0.0608312
0.0622784
0.0637128
0.0651004
0.0651004
0.0668927
0.0682487
0.0695539
0.0695539
0.0710503
0.0722396
0.0722396
0.0735803
0.0746835
0.075606
0.0765469
0.0774715
0.0782665
0.0782665
0.0782665
0.078561
0.078561
0.078561
0.078561
0.078561
0.0775046
0.0775046
0.0775046
0.0775046
0.0775046
0.0758241
0.0758241
0.0758241
0.0750704
0.0750162
0.0754867
0.0754817
0.0756346
0.0756346
0.0750073
0.0751722
0.0749874
0.0748828
0.0745902
0.0743745
0.074337
0.0742676
0.0739736
0.0736783
0.0734055
0.0727962
0.0723812
0.0717754
0.0713207
0.0705122
0.0698216
0.0688555
0.0683727
0.0676662
0.0670589
0.06635
0.0654153
0.0648822
0.0643727
0.0632887
0.0627844
0.0619088
0.0606137
0.0591214
0.0578104
0.0565383
0.0551711
0.0551711
0.0551711
0.0508162
0.0489493
0.0482913
0.0468793
0.0450404
0.0442685
0.0425111
0.0411166
0.0399082
0.0382516
0.0374319
0.0358982
0.0344823
0.0340047
0.032618
0.0312585
0.0298422
0.0283492
0.0272529
0.0255121
0.0241419
0.0229983
0.0217957
0.0206517
0.0192144
0.0176157
0.0164448
0.0154402
0.0142163
0.0126061
0.0126061
0.00973436
0.00826564
0.00749683
0.00626166
0.00469499
0.00365646
0.00179495
0.00149231
0.000183697
0.00107267
0.00186369
0.00343967
0.00434956
0.00599126
0.00678632
0.00784408
0.00806071
0.00909549
0.0097135
0.00990953
0.0108323
0.0111445
0.0117581
0.0121234
0.01226
0.013235
0.0133763
0.0137336
0.0140252
0.014706
0.01513
0.0150113
0.0155565
0.0159315
0.0159879
0.0163831
0.0164607
0.0163884
0.0165548
0.0169102
0.0172143
0.0170302
0.0174926
0.0175865
0.017564
0.0174301
0.01776
0.0175683
0.0176102
0.0174737
0.0173058
0.0177148
0.0177547
0.0179448
0.0177821
0.0178703
0.0179085
0.0177909
0.0180336
0.0179805
0.0179984
0.0181132
0.01795
0.0176235
0.0175685
0.0175482
0.0175302
0.0176544
0.0175694
0.0174276
0.0172502
0.0171598
0.0173833
0.0173044
0.0171265
0.0168932
0.0170823
0.0169074
0.0167601
0.0165546
0.0163345
0.0163896
0.0161339
0.0160323
0.0158494
0.0159768
0.0159006
0.0156522
0.0155216
0.0154925
0.0151879
0.0151169
0.0150253
0.0149518
0.0145831
0.0142455
0.0143077
0.0142216
0.013915
0.0137776
0.0136717
0.0135597
0.0131641
0.0132951
0.0131084
0.0129529
0.0128257
0.0125685
0.0123053
0.0122893
0.0120504
0.0120561
0.0115863
0.0113886
0.011343
0.0111508
0.0109052
0.010672
0.0105708
0.0103599
0.0101603
0.0101603
0.0098273
0.0098273
0.00960542
0.00933322
0.00918766
0.00918766
0.00909681
0.00881633
0.00864014
0.00842412
0.00842412
0.00816796
0.00801309
0.00772453
0.00755815
0.00729676
0.00710592
0.00683814
0.00660882
0.00639541
0.00608739
0.00594195
0.00569057
0.00549448
0.00532041
0.00509727
0.00489099
0.00469593
0.00446972
0.00423559
0.00400853
0.00384398
0.00362616
0.00343386
0.00322916
0.00303031
0.0028371
0.00262696
0.00242853
0.00222892
0.00203927
0.00186736
0.00169768
0.0015269
0.00134219
0.00117162
0.00103057
-0.000141325
-0.000141477
-0.000138712
-0.000137002
-0.000136991
-0.000137772
-0.000133034
-0.000132905
-0.000129154
-0.000128895
-0.000126177
-0.000126649
-0.000121154
-0.000119239
-0.000114433
-0.000111882
-0.000110411
-0.000109153
-0.000105113
-0.000103477
-9.85695e-05
-9.93391e-05
-9.50586e-05
-9.41448e-05
-8.69594e-05
-8.55043e-05
-8.44403e-05
-8.31141e-05
-7.82068e-05
-7.54337e-05
-7.33612e-05
-7.02848e-05
-6.62429e-05
-6.32482e-05
-6.35701e-05
-5.87386e-05
-5.63931e-05
-5.50567e-05
-5.36292e-05
-4.95468e-05
-4.71377e-05
-4.74609e-05
-4.50584e-05
-4.35333e-05
-4.01854e-05
-4.129e-05
-3.44845e-05
-3.64178e-05
-3.3926e-05
-3.13917e-05
-3.07119e-05
-3.01543e-05
-3.02128e-05
-2.77294e-05
-2.71072e-05
-2.6287e-05
-2.29032e-05
-2.20901e-05
-2.2212e-05
-2.12864e-05
-2.06436e-05
-1.89083e-05
-1.646e-05
-1.57485e-05
-1.57317e-05
-1.39609e-05
-1.05715e-05
-1.15052e-05
-1.07084e-05
-1.26528e-05
-1.09513e-05
-9.94021e-06
-7.39237e-06
-7.51056e-06
-8.52539e-06
-8.59871e-06
-8.58933e-06
-7.83693e-06
-7.9796e-06
-6.28316e-06
-6.34756e-06
-4.55609e-06
-4.54946e-06
-3.6664e-06
-3.67631e-06
-5.57233e-06
-3.70912e-06
-3.04929e-06
-3.04442e-06
-3.05106e-06
-1.19852e-06
-1.21434e-06
-5.80934e-06
-5.92537e-06
-3.33615e-06
-3.39977e-06
-3.47366e-06
-3.60366e-06
-3.59815e-06
-2.69792e-06
-5.45394e-06
-5.46934e-06
-3.57401e-06
-4.54167e-06
-3.72449e-06
-2.39606e-07
-2.36377e-07
7.33816e-07
6.25404e-07
6.42661e-07
2.37042e-06
3.28193e-06
1.51153e-06
-2.64612e-07
-2.73766e-07
-3.09439e-07
3.32999e-06
4.33078e-06
1.83299e-06
2.8833e-06
2.0055e-06
4.04061e-06
2.29965e-06
4.27469e-06
1.73413e-06
4.52597e-06
2.94946e-06
3.30216e-06
5.16184e-06
5.46355e-06
5.67878e-06
5.87778e-06
8.13239e-06
8.41155e-06
6.15082e-06
1.00891e-05
9.64691e-06
1.19476e-05
1.19476e-05
1.19476e-05
1.19476e-05
1.19476e-05
1.81275e-05
2.04508e-05
1.91184e-05
2.01113e-05
2.47396e-05
2.35875e-05
2.25543e-05
2.61315e-05
2.59876e-05
2.48194e-05
2.85948e-05
2.93196e-05
3.04523e-05
3.41256e-05
3.54129e-05
3.51375e-05
4.08217e-05
3.99688e-05
4.26477e-05
4.3453e-05
4.28722e-05
4.83816e-05
4.65568e-05
4.79341e-05
5.01029e-05
5.21965e-05
5.052e-05
5.03549e-05
5.25751e-05
5.0927e-05
5.24171e-05
5.363e-05
5.26447e-05
5.26447e-05
5.85082e-05
5.57405e-05
5.76274e-05
5.70155e-05
6.2975e-05
6.32902e-05
5.98563e-05
6.5723e-05
6.5723e-05
6.5723e-05
6.5723e-05
6.5723e-05
6.5723e-05
6.5723e-05
6.5723e-05
6.5723e-05
6.5723e-05
6.5723e-05
6.5723e-05
6.5723e-05
6.5723e-05
6.5723e-05
6.5723e-05
6.5723e-05
6.37625e-05
6.37625e-05
6.47759e-05
0.000127702
0.000196523
0.000266583
0.000320708
0.0003879
0.000439928
0.000472856
0.000521296
0.000521296
0.000559571
0.000554774
0.000566536
0.00060557
0.000652646
0.000723107
0.000771038
0.000785867
0.000831735
0.000841544
0.0008874
0.00092784
0.000945528
0.000915389
0.000923978
0.000930978
0.000936749
0.000969645
0.000951804
0.000951804
0.000951804
0.000951804
0.000951804
0.000951804
0.000951804
0.000951804
0.000882834
0.000914666
0.000914666
0.000914666
0.000945862
0.000876955
0.00084185
0.00088441
0.00088441
0.000887923
0.000915201
0.000657428
0.000584275
0.000418876
0.000552018
0.000601994
0.000626468
0.000626468
0.000989879
0.00118696
0.00147998
0.00158086
0.00158086
0.00158086
0.00158086
0.00158086
0.00158086
0.00158086
0.00158086
0.00158086
0.00158086
0.00158086
0.00158086
0.00158086
0.00158086
0.00158086
0.00158086
0.00158086
0.00158086
0.00158086
0.00158086
0.00158086
0.00262716
0.00262716
0.00282158
0.00278679
0.00290906
0.00296901
0.00302021
0.00290937
0.00293574
0.0030053
0.00293799
0.00268297
0.00265679
0.00237003
0.00237003
0.00237003
0.00237003
0.00237003
0.00237003
0.00237003
0.00237003
0.00237003
0.00237003
0.00237003
0.00237003
0.00237003
0.00237003
0.00237003
0.00237003
0.00237003
0.00237003
0.00237003
0.00237003
0.00237003
0.00237003
0.00237003
0.00237003
0.00237003
0.00237003
0.00237003
0.00237003
0.00237003
0.00237003
0.00237003
0.00237003
0.00237003
0.00237003
0.00237003
0.00237003
0.00237003
0.00237003
0.00237003
0.00421508
0.00421508
0.00421508
0.00421508
0.00421508
0.00421508
-9.34414e-05
-9.26617e-05
-9.26617e-05
-8.36644e-05
-8.14157e-05
-8.14157e-05
-7.26735e-05
-6.68508e-05
-6.05167e-05
-5.82769e-05
-4.801e-05
-4.78757e-05
-3.54223e-05
-2.70735e-05
-1.93055e-05
-1.58656e-05
-1.13682e-05
-6.83367e-06
-6.83367e-06
-6.83367e-06
-6.83367e-06
-6.83367e-06
-6.83367e-06
1.32472e-05
1.32472e-05
1.32472e-05
1.32472e-05
2.00927e-05
2.00927e-05
2.00927e-05
2.00927e-05
1.49518e-05
1.49518e-05
1.49518e-05
1.49518e-05
1.49518e-05
1.49518e-05
-9.41924e-06
-1.39146e-05
-1.39146e-05
-2.36057e-05
-2.36057e-05
-2.36057e-05
-2.36057e-05
-2.36057e-05
-4.46248e-05
-4.46248e-05
-4.39988e-05
-4.51261e-05
-4.41363e-05
-4.41363e-05
-4.41363e-05
-4.41363e-05
-4.41363e-05
-4.41363e-05
-4.11547e-05
-3.96101e-05
-3.96101e-05
-4.12353e-05
-4.12353e-05
-4.12353e-05
-4.12353e-05
-4.12353e-05
-4.12353e-05
-3.11033e-05
-2.77865e-05
-2.626e-05
-2.84554e-05
-2.84554e-05
-2.97065e-05
-2.97065e-05
-2.97065e-05
-2.97065e-05
-2.97065e-05
-2.97065e-05
-2.97065e-05
-2.97065e-05
-2.43116e-05
-2.53701e-05
-2.67193e-05
-2.55889e-05
-2.82948e-05
-2.36769e-05
-2.47405e-05
-2.44882e-05
-2.92167e-05
-2.93599e-05
-2.94886e-05
-2.68464e-05
-3.16224e-05
-3.27587e-05
-3.24026e-05
-3.23327e-05
-3.48855e-05
-3.60107e-05
-3.51475e-05
-3.58284e-05
-3.51263e-05
-3.77508e-05
-4.10335e-05
-4.32486e-05
-4.11955e-05
-4.15373e-05
-4.13475e-05
-4.49778e-05
-4.29085e-05
-4.32127e-05
-4.26604e-05
-4.53436e-05
-4.09688e-05
-4.30229e-05
-4.45005e-05
-4.53775e-05
-4.77019e-05
-4.53855e-05
-4.2985e-05
-4.53174e-05
-4.67827e-05
-4.38823e-05
-4.38236e-05
-4.45668e-05
-4.40851e-05
-4.43917e-05
-4.28735e-05
-4.10283e-05
-4.17139e-05
-4.60174e-05
-4.62611e-05
-4.38627e-05
-4.41728e-05
-4.62766e-05
-4.84229e-05
-4.62086e-05
-4.61322e-05
-4.79155e-05
-4.74309e-05
-4.94864e-05
-4.80236e-05
-4.71614e-05
-4.81514e-05
-5.02627e-05
-4.81497e-05
-4.65364e-05
-4.8791e-05
-5.08851e-05
-5.08851e-05
-4.71777e-05
-4.82405e-05
-4.95482e-05
-4.74545e-05
-4.87012e-05
-4.71506e-05
-4.72324e-05
-4.80535e-05
-4.35775e-05
-4.44786e-05
-4.54799e-05
-4.56551e-05
-4.2439e-05
-4.48174e-05
-4.58488e-05
-4.4359e-05
-4.24872e-05
-4.46387e-05
-4.58612e-05
-4.49602e-05
-4.4105e-05
-4.05477e-05
-4.26066e-05
-4.48983e-05
-4.03441e-05
-4.02941e-05
-4.3445e-05
-4.47252e-05
-4.3052e-05
-4.24087e-05
-4.09006e-05
-4.2891e-05
-4.11213e-05
-4.13374e-05
-3.96286e-05
-3.96286e-05
-3.97116e-05
-4.09903e-05
-3.75913e-05
-3.92255e-05
-3.92255e-05
-3.86499e-05
-3.70951e-05
-3.8085e-05
-3.8085e-05
-3.87874e-05
-3.62503e-05
-3.72323e-05
-3.46811e-05
-3.76123e-05
-3.65853e-05
-3.5918e-05
-3.41652e-05
-3.50484e-05
-3.61206e-05
-3.08443e-05
-4.06828e-05
-3.47087e-05
-3.415e-05
-3.24948e-05
-3.34487e-05
-3.05812e-05
-3.05897e-05
-3.1067e-05
-3.11907e-05
-2.87203e-05
-2.87236e-05
-2.87331e-05
-2.73524e-05
-2.73524e-05
-2.73524e-05
-2.73524e-05
-2.73524e-05
-2.04189e-05
-2.02778e-05
-2.20181e-05
-1.92917e-05
-1.65466e-05
-1.65466e-05
-1.27013e-05
-1.26027e-05
-1.26027e-05
-1.26027e-05
-1.10845e-05
-7.44822e-06
-7.38066e-06
-6.59837e-06
-5.55824e-06
-6.44066e-06
-2.96684e-06
-3.70547e-06
-5.57096e-06
-7.37832e-06
-3.74962e-06
-3.79372e-06
-5.67878e-06
-3.75081e-06
-6.41321e-06
-6.38837e-06
-7.28222e-06
-5.33971e-06
-9.01652e-06
-8.95133e-06
-4.44427e-06
-5.97931e-06
-5.22249e-06
-5.09535e-06
-6.83327e-06
-6.77194e-06
-6.76562e-06
-6.76402e-06
-5.79306e-06
-6.76129e-06
-3.99946e-06
-4.95477e-06
-5.67489e-06
-4.66211e-06
-4.65931e-06
-3.77149e-06
-4.50642e-06
-1.93992e-06
-2.70091e-06
-2.55056e-06
-1.66992e-06
-1.50096e-06
-3.30611e-06
-4.96249e-06
-4.09007e-06
-3.09789e-06
-3.90275e-06
-3.909e-06
-4.62701e-06
-5.57089e-06
-3.74555e-06
-2.75473e-06
-4.46706e-06
-5.35299e-06
-3.46778e-06
-1.57913e-06
-2.63256e-06
-6.25083e-07
-5.68853e-07
-2.28788e-06
-2.27155e-06
-2.27125e-06
-1.39901e-06
-1.23821e-06
-1.2514e-06
-2.57007e-07
-1.08467e-06
-9.57419e-07
-9.02333e-07
-8.97228e-07
-3.54655e-06
-2.66183e-06
-2.6731e-06
-2.5597e-06
-2.50692e-06
-2.44723e-06
-2.38438e-06
-2.36703e-06
-1.4671e-06
-2.28052e-06
-1.22746e-06
-3.87819e-06
-1.92864e-06
-1.93092e-06
-1.66279e-07
-1.10583e-06
-1.56843e-07
5.10827e-09
5.94533e-08
7.41358e-08
1.03332e-06
1.03984e-06
1.13719e-06
1.19858e-06
3.19514e-07
3.17871e-07
-5.74161e-07
-3.31e-06
-5.02416e-06
-5.05771e-06
-6.82054e-06
-7.70983e-06
-6.86274e-06
-6.63083e-06
-8.49762e-06
-6.76983e-06
-6.69685e-06
-5.64417e-06
-5.58433e-06
-3.76e-06
-2.08909e-06
7.01486e-07
8.44225e-07
2.73265e-06
2.77064e-06
2.81019e-06
2.04004e-06
3.01274e-06
4.10903e-06
4.09406e-06
4.07831e-06
4.07311e-06
-3.45041e-07
-3.04707e-06
-3.97526e-06
-4.01503e-06
-5.80178e-06
-5.82299e-06
-6.78263e-06
-7.73143e-06
-7.71897e-06
-9.44063e-06
-9.44206e-06
-7.6166e-06
-4.0648e-06
-2.20849e-06
-2.20311e-06
-3.81256e-07
-2.98474e-07
-2.88083e-07
1.60981e-06
1.61228e-06
3.49937e-06
1.79181e-06
5.52133e-06
3.67767e-06
4.76758e-06
2.1307e-06
2.11533e-06
2.09732e-06
2.03969e-06
2.0507e-06
-4.199e-07
-6.00648e-06
-6.94863e-06
-7.01425e-06
-6.02937e-06
-5.21487e-06
-5.22805e-06
-6.95714e-06
-8.69501e-06
-6.87768e-06
-7.87163e-06
-3.27274e-06
-1.53579e-06
-6.3942e-07
-1.70316e-06
2.05558e-06
3.01813e-06
3.97171e-06
4.00791e-06
2.22324e-06
3.3614e-06
3.34856e-06
5.15299e-06
4.1534e-06
4.13568e-06
4.11644e-06
4.10268e-06
6.4958e-07
-3.37451e-07
-1.28913e-06
-3.16312e-06
-4.01757e-06
-5.05446e-06
-5.06701e-06
-6.80425e-06
-6.84077e-06
-7.54272e-06
-7.35727e-06
-6.44553e-06
-2.78984e-06
-2.74329e-06
-8.18528e-07
-8.0122e-07
1.09035e-06
1.18941e-06
4.73239e-06
6.51837e-06
6.51006e-06
6.52882e-06
5.55988e-06
6.40448e-06
5.39389e-06
4.33269e-06
3.34373e-06
6.22527e-07
6.04402e-07
-4.93569e-06
-3.12912e-06
-3.16793e-06
-5.08058e-06
-5.1314e-06
-7.82277e-06
-6.89619e-06
-6.72401e-06
-6.68182e-06
-7.32183e-06
-6.4124e-06
-6.37367e-06
-2.56986e-06
-2.39822e-06
-4.82858e-07
-2.20457e-07
3.41581e-06
3.49814e-06
3.51049e-06
7.12665e-06
8.90649e-06
8.91532e-06
7.95472e-06
7.84591e-06
6.77312e-06
6.69134e-06
2.86367e-06
1.75795e-07
-1.13258e-07
-2.97e-06
-3.00338e-06
-3.96589e-06
-8.6549e-06
-8.68548e-06
-7.77005e-06
-9.4915e-06
-6.68983e-06
-6.7212e-06
-7.49951e-06
-4.62687e-06
-5.25826e-06
-2.53569e-06
-5.76982e-07
-4.02798e-07
5.12685e-06
7.73005e-06
8.69485e-06
7.76985e-06
6.86843e-06
1.04682e-05
9.5466e-06
8.60664e-06
4.96024e-06
4.86054e-06
1.15446e-06
2.19012e-07
-1.6864e-06
-2.7379e-06
-4.61537e-06
-5.5294e-06
-3.71023e-06
-5.48483e-06
-4.72018e-06
-8.22376e-06
-8.94651e-06
-8.0079e-06
-5.19616e-06
-4.19006e-06
-4.85965e-07
-4.02273e-07
-3.51799e-07
1.57645e-06
3.37471e-06
5.94426e-06
2.92778e-06
2.92505e-06
2.92528e-06
2.95752e-06
2.18797e-06
4.94149e-06
4.94046e-06
3.08997e-06
3.09962e-06
4.98002e-06
6.83849e-06
6.82513e-06
6.90144e-06
7.84316e-06
7.07442e-06
7.04081e-06
7.12555e-06
7.19481e-06
7.19243e-06
8.02107e-06
6.07877e-06
6.67945e-06
6.70732e-06
4.82198e-06
4.81964e-06
2.96556e-06
2.95335e-06
2.00173e-06
1.89958e-06
3.46397e-09
-7.76768e-08
6.15517e-07
-3.06055e-07
-3.03582e-06
-3.02848e-06
-2.14163e-06
-2.15105e-06
-2.15356e-06
-3.77385e-07
1.27249e-06
2.2469e-06
2.28489e-06
4.10554e-06
5.15382e-06
6.0344e-06
5.99729e-06
7.10054e-06
7.07993e-06
7.06614e-06
7.06122e-06
6.9672e-06
5.92559e-06
5.91366e-06
4.97844e-06
3.09324e-06
2.0657e-06
1.12537e-06
1.71495e-07
-7.542e-07
-8.89237e-08
-7.45216e-08
-9.38899e-08
-5.07883e-08
-1.89482e-06
-1.96202e-06
-1.05922e-06
-9.00851e-07
1.84022e-06
1.8458e-06
-4.83382e-09
1.20962e-06
2.87715e-06
4.07578e-06
3.98933e-06
4.00543e-06
4.03352e-06
3.98755e-06
3.9724e-06
5.81166e-06
2.93412e-06
2.92301e-06
4.60859e-06
3.58315e-06
2.72082e-06
-2.57719e-07
-2.57453e-07
-2.03169e-06
-2.03884e-06
-2.17852e-06
-3.96808e-06
-5.82935e-06
-5.84572e-06
-4.07964e-06
-2.9851e-06
-2.01895e-06
1.66546e-06
-1.98386e-06
8.43039e-07
3.46817e-06
6.26724e-06
7.30645e-06
7.35705e-06
9.01947e-06
8.16246e-06
8.06458e-06
5.3514e-06
5.26292e-06
2.41969e-06
2.3777e-06
1.35157e-06
1.33303e-06
3.0667e-06
1.27638e-06
1.28254e-06
-4.00833e-06
-4.00682e-06
-4.06593e-06
-4.02811e-06
-4.92542e-06
-4.84751e-06
-4.8941e-06
-3.7198e-06
-3.70567e-06
-8.44579e-07
-8.43886e-07
9.01156e-07
1.91378e-06
3.70668e-06
3.67007e-06
1.76699e-06
4.46395e-06
6.1706e-06
5.0841e-06
6.83786e-06
4.92572e-06
2.96895e-06
1.16648e-06
-1.58634e-06
-7.49559e-07
-7.72247e-07
-8.26302e-07
-2.6465e-06
-2.65217e-06
-4.39609e-06
-3.38901e-06
-2.38181e-06
-4.07726e-06
-3.05882e-06
-1.99919e-06
-1.12536e-06
1.72783e-06
2.93163e-06
6.60239e-06
4.80365e-06
5.78687e-06
5.73086e-06
5.67156e-06
5.5914e-06
3.66959e-06
5.42718e-06
6.06619e-06
5.02462e-06
3.2923e-06
1.20945e-06
-1.68288e-06
-1.6161e-06
-2.70385e-06
-4.71616e-06
-6.44991e-06
-8.14764e-06
-7.34993e-06
-6.41083e-06
-8.05121e-06
-7.13706e-06
-4.20789e-06
-5.05304e-06
-2.1801e-06
-3.76814e-07
1.67434e-06
5.33502e-06
4.53627e-06
4.57925e-06
6.36355e-06
8.94988e-06
8.91677e-06
8.8702e-06
8.87914e-06
7.0502e-06
6.8916e-06
4.04498e-06
3.08396e-06
1.19458e-06
-8.10018e-07
-2.58248e-06
-2.6806e-06
-6.21388e-06
-6.28536e-06
-6.29747e-06
-8.07482e-06
-9.77195e-06
-7.04088e-06
-5.92231e-06
-4.09967e-06
-2.1916e-06
-1.19601e-06
1.59164e-06
2.63912e-06
6.27169e-06
4.4781e-06
4.52105e-06
4.56008e-06
6.30596e-06
8.76672e-06
8.76909e-06
5.01641e-06
4.97361e-06
4.95554e-06
2.97864e-06
1.91749e-07
-8.38632e-07
-2.71346e-06
-3.68991e-06
-4.75944e-06
-8.37416e-06
-8.2823e-06
-8.08465e-06
-8.08681e-06
-9.81785e-06
-7.03876e-06
-4.18768e-06
-4.19597e-06
-2.22746e-06
-1.16414e-06
6.26977e-07
3.5606e-06
2.72059e-06
3.66747e-06
8.15749e-06
8.20461e-06
8.03721e-06
8.87474e-06
7.78024e-06
5.95827e-06
4.93835e-06
4.9389e-06
1.16793e-06
2.90448e-06
8.32271e-08
-2.62017e-06
-2.65376e-06
-4.47796e-06
-7.22505e-06
-7.2714e-06
-7.29079e-06
-9.98675e-06
-9.82883e-06
-8.89949e-06
-7.95186e-06
-7.04108e-06
-5.06475e-06
-4.45307e-07
-2.26312e-06
-1.30522e-06
3.3786e-06
3.48476e-06
2.71282e-06
5.4529e-06
9.76015e-06
8.87688e-06
8.71704e-06
9.6276e-06
7.73404e-06
6.66879e-06
6.66052e-06
2.94701e-06
1.07087e-06
1.88679e-06
8.23405e-08
-8.82026e-07
-2.81623e-06
-6.37996e-06
-7.09308e-06
-8.11795e-06
-8.88544e-06
-7.03741e-06
-6.11294e-06
-6.79255e-06
-5.87538e-06
-3.94802e-06
-2.2909e-06
-2.76326e-07
5.63132e-07
2.51695e-06
3.60412e-06
3.64219e-06
6.96883e-06
6.07408e-06
7.7605e-06
6.7171e-06
-1.89277e-06
-8.04775e-07
-8.04775e-07
-8.40139e-07
-2.65106e-06
-1.73062e-06
-1.74421e-06
-2.76555e-06
-2.76549e-06
-2.58e-06
-8.17185e-07
-8.53605e-07
-2.53478e-06
-4.3461e-06
-3.397e-06
-1.67562e-06
