-0.719279
-0.718799
-0.721334
-0.728114
-0.707837
-0.701188
-0.68732
-0.662807
-0.662807
-0.662807
-0.550307
-0.50926
-0.467192
-0.395757
-0.332378
-0.28207
-0.194703
-0.125662
0.141244
0.229361
0.29278
0.343166
0.378982
0.406168
0.421121
0.437352
0.437352
0.437352
0.437352
0.437352
0.497324
0.505539
0.505539
0.513727
0.520798
0.524952
0.528818
0.533743
0.536152
0.540036
0.540036
0.542503
0.545171
0.546805
0.548211
0.55181
0.556433
0.556433
0.555334
0.555334
0.55327
0.55327
0.55327
0.55327
0.55327
0.542146
0.542699
0.539507
0.539798
0.539798
0.539798
0.539798
0.538079
0.539238
0.541318
0.546484
0.550246
0.550246
0.550246
0.558644
0.558644
0.558644
0.558644
0.558644
0.558644
0.568256
0.568256
0.571927
0.570766
0.570766
0.570766
0.570766
0.576315
0.576315
0.576315
0.576315
0.576315
0.576315
0.576315
0.583706
0.586205
0.586205
0.586205
0.586205
0.586205
0.595349
0.597394
0.597283
0.600009
0.599464
0.602482
0.602482
0.602537
0.602016
0.601968
0.603744
0.603744
0.603744
0.603744
0.606833
0.606547
0.608789
0.608789
0.612273
0.614272
0.614488
0.617258
0.618411
0.618411
0.621504
0.622177
0.624142
0.624777
0.625124
0.625124
0.626541
0.625998
0.625998
0.625998
0.627241
0.627593
0.627593
0.627593
0.627593
0.632664
0.632664
0.634382
0.634382
0.634382
0.638496
0.638395
0.638395
0.640037
0.640037
0.640037
0.640037
0.643436
0.643436
0.643436
0.643436
0.646419
0.647614
0.648562
0.648562
0.648562
0.650593
0.651436
0.651451
0.652323
0.652323
0.652607
0.653171
0.654632
0.654632
0.654632
0.656571
0.656571
0.659345
0.659345
0.660435
0.660435
0.662235
0.663824
0.663824
0.664186
0.664186
0.66488
0.66488
0.665964
0.665964
0.665964
0.665964
0.667729
0.66844
0.66844
0.670497
0.670497
0.672669
0.673908
0.673908
0.675151
0.675151
0.676552
0.676552
0.676552
0.676552
0.677201
0.677201
0.677201
0.677201
0.677201
0.67879
0.67879
0.67879
0.67879
0.67879
0.683285
0.685106
0.686366
0.686366
0.686366
0.686366
0.690638
0.690638
0.690638
0.692452
0.692452
0.692452
0.694135
0.694135
0.694135
0.695106
0.695889
0.695879
0.695879
0.695879
0.695879
0.695879
0.695879
0.697384
0.697384
0.697322
0.697637
0.697641
0.697641
0.697641
0.69807
0.69807
0.69807
0.69807
0.699213
0.699847
0.699847
0.699847
0.699847
0.699847
0.699847
0.699847
0.699847
0.699847
0.699847
0.708595
0.708918
0.708918
0.708918
0.708918
0.708918
0.708918
0.708918
0.708918
0.708918
0.708918
0.708918
0.708735
0.708735
0.708735
0.708735
0.708735
0.708735
0.708735
0.708735
0.708735
0.708735
0.708735
0.708735
0.708735
0.708735
0.719605
0.719605
0.719605
0.719605
0.719605
0.724312
0.724312
0.726222
0.726222
0.726222
0.726222
0.726222
0.726222
0.726222
0.726222
0.726222
0.722237
0.722237
0.722237
0.722237
0.722237
0.715195
0.715195
0.713775
0.713775
0.711448
0.711877
0.712585
0.712585
0.712585
0.712585
0.712585
0.712585
0.712585
0.712585
0.712585
0.712585
0.712585
0.730388
0.730388
0.730388
0.730388
0.730388
0.730388
0.730388
0.735759
0.735759
0.73709
0.73709
0.736028
0.736028
0.736028
0.734226
0.734226
0.734226
0.734226
0.734226
0.734226
0.734226
0.734226
0.734226
0.734226
0.734226
0.734226
0.734226
0.734226
0.734226
0.734226
0.734226
0.734226
0.734226
0.734226
0.734226
0.734226
0.734226
0.734226
0.734226
0.734226
0.734226
0.734226
0.734226
0.734226
0.734226
0.734226
0.734226
0.734226
0.734226
0.734226
0.734226
0.734226
0.734226
0.734226
0.734226
0.734226
0.734226
0.734226
0.734226
0.734226
0.734226
0.734226
0.734226
0.734226
0.734226
0.734226
0.734226
0.734226
0.734226
0.734226
0.734226
0.734226
0.734226
0.734226
0.734226
0.734226
0.734226
0.734226
0.734226
0.734226
0.734226
0.734226
0.734226
0.734226
0.734226
0.734226
0.734226
0.734226
0.734226
0.734226
0.734226
0.734226
0.734226
0.734226
0.734226
0.734226
0.734226
0.734226
0.734226
0.734226
0.734226
0.734226
0.734226
0.734226
0.734226
0.734226
0.734226
0.232982
0.232982
0.232982
0.232982
0.232982
0.232982
0.232982
0.232982
0.232982
0.232982
0.232982
0.232982
0.232982
0.232982
0.232982
0.232982
0.232982
0.232982
0.232982
0.232982
0.232982
0.232982
0.232982
0.232982
0.232982
0.232982
0.232982
0.232982
0.232982
0.232982
0.232982
-0.111647
-0.111647
-0.111647
-0.256919
-0.256919
-0.256919
-0.256919
-0.256919
-0.256919
-0.256919
-0.256919
-0.256919
-0.256919
-0.256919
-0.256919
0.0552862
0.0552862
0.0552862
0.0552862
0.198682
0.198682
0.198682
0.198682
0.198682
0.176483
0.176483
0.148675
0.145957
0.145957
0.145957
0.161323
0.165421
0.165421
0.165421
0.174162
0.178197
0.178197
0.158958
0.159661
0.159661
0.159661
0.159661
0.159661
-0.0982032
-0.14151
-0.168454
-0.168454
-0.168454
-0.187512
-0.195035
-0.195035
-0.195035
-0.193036
-0.187852
-0.187852
-0.187852
-0.16869
-0.16869
-0.16869
-0.16869
-0.0986306
-0.0961283
-0.0961283
-0.10065
-0.102235
-0.102235
-0.102235
-0.102235
-0.102235
-0.102235
-0.102235
-0.102235
-0.155136
-0.155136
-0.155136
-0.155136
-0.0939549
-0.0939549
-0.0939549
0.105369
0.149134
0.149134
0.203766
0.203766
0.203766
0.257921
0.27032
0.27032
0.280103
0.280103
0.280103
0.280103
0.280103
0.280103
0.280103
0.280103
0.280103
0.221585
0.221585
0.188852
0.188852
0.188852
0.188852
0.188852
0.148153
0.14233
0.14233
0.14233
0.14233
0.14233
-0.0372774
-0.0372774
-0.0372774
-0.160815
-0.175651
-0.175651
-0.175651
-0.175651
-0.175651
-0.175651
-0.175651
-0.191241
-0.191241
-0.191241
-0.191241
-0.191241
-0.191241
-0.191241
-0.191241
-0.191241
-0.191241
-0.191241
0.108375
0.108375
0.108375
0.162888
0.162888
0.181487
0.181487
0.174093
0.174093
0.132665
0.11932
0.11932
0.11932
-0.0433374
-0.0433374
-0.130082
-0.135144
-0.14525
-0.14525
-0.15261
-0.15261
-0.15261
-0.15261
-0.15261
-0.123435
-0.123435
-0.0147389
0.0668263
0.0668263
0.0897239
0.116484
0.116484
0.116484
0.116484
0.116484
0.116484
0.116484
0.116484
0.116484
-0.0269981
-0.0269981
-0.0269981
-0.0269981
-0.0269981
-0.0269981
0.0102348
0.0102348
0.0843969
0.11335
0.118575
0.118575
0.159394
0.159394
0.159394
0.202004
0.202004
0.206475
0.206475
0.206475
0.206475
0.209377
0.209377
0.199341
0.199341
0.199341
0.199341
0.199341
0.199341
0.199341
0.13094
0.0921077
0.0921077
-0.0908737
-0.0908737
-0.0908737
-0.0908737
-0.0908737
-0.0908737
-0.0908737
-0.0908737
-0.192542
-0.198754
-0.200378
-0.200378
-0.200378
-0.200378
-0.200378
-0.200378
-0.200378
-0.200378
-0.200378
-0.200378
-0.200378
-0.0960349
-0.0960349
-0.0960349
-0.0960349
-0.0960349
-0.149832
-0.149832
-0.149832
-0.149832
-0.149832
-0.149832
-0.149832
-0.149832
-0.149832
-0.149832
-0.149832
-0.187777
-0.187777
-0.187777
-0.187777
-0.161075
-0.161075
-0.161075
-0.161075
-0.0862882
-0.0546364
0.0312965
0.0312965
0.0960444
0.0960444
0.0960444
0.0960444
0.187162
0.187162
0.226079
0.226079
0.250779
0.250779
0.250779
0.28539
0.28539
0.28539
0.28539
0.28539
0.28539
0.28539
0.251126
0.251126
0.223967
0.223967
0.175697
0.172527
0.172527
0.0910288
0.0910288
-0.112031
-0.112031
-0.112031
-0.112031
-0.112031
-0.112031
-0.112031
-0.211961
-0.211961
-0.211961
-0.211961
-0.211961
-0.211961
-0.211961
-0.116092
-0.116092
-0.116092
-0.116092
-0.116092
-0.116092
-0.116092
-0.116092
-0.116092
-0.116092
0.162177
0.162043
0.162043
0.162043
0.162043
0.162043
0.172786
0.172786
0.113488
0.113488
-0.0173884
-0.0173884
-0.0173884
-0.0173884
-0.0173884
-0.0173884
-0.0173884
-0.0173884
-0.0173884
-0.15234
-0.15234
-0.15234
-0.15234
-0.15234
-0.15234
-0.15234
-0.15234
-0.15234
-0.10979
-0.10979
-0.0833376
-0.0833376
-0.0538307
-0.0538307
-0.0538307
-0.0729223
-0.0729223
-0.0953191
-0.0953191
-0.0953191
-0.0953191
0.0563907
0.087914
0.087914
0.139799
0.139799
0.139799
0.139799
0.165605
0.192455
0.192455
0.192455
0.219326
0.219497
0.227415
0.227415
0.215487
0.214985
0.214985
0.214985
0.214985
0.214985
0.117969
0.0637322
-0.0206581
-0.0206581
-0.108159
-0.108159
-0.108159
-0.108159
-0.108159
-0.108159
-0.108159
-0.108159
-0.108159
-0.226646
-0.234751
-0.242928
-0.245316
-0.245316
-0.245316
-0.245316
-0.245316
-0.245316
-0.245316
-0.245316
-0.245316
-0.245316
-0.245316
-0.136728
-0.136728
-0.140856
-0.140856
-0.109617
-0.0796359
-0.0796359
0.0865668
0.0865668
0.130755
0.148
0.148
0.167382
0.176258
0.187419
0.187419
0.207809
0.207809
0.207809
0.207809
0.207809
0.207809
0.210164
0.210164
0.190214
0.180436
0.180436
0.180436
0.172056
0.173739
0.176238
0.17981
0.179736
0.179736
0.179915
0.179915
0.185989
0.185989
0.185989
0.185989
0.185989
0.185989
0.185989
0.185989
-0.0870771
-0.13305
-0.13305
-0.13305
-0.13305
-0.13305
-0.13305
-0.13305
-0.13305
-0.13305
-0.13305
-0.13305
-0.166184
-0.166184
-0.166184
-0.166184
-0.166184
-0.166184
-0.166184
-0.167065
-0.167065
-0.167065
-0.199895
-0.199895
-0.199895
-0.199895
-0.199895
-0.199895
-0.199895
-0.199895
-0.0773239
-0.0773239
0.0541988
0.0541988
0.0541988
0.103022
0.0998406
0.0998406
0.0998406
0.0694567
0.0694567
0.0694567
0.0694567
0.0694567
0.0129095
-0.0820065
-0.0770245
-0.122856
-0.122856
-0.122856
-0.147812
-0.147812
-0.17102
-0.17102
-0.196899
-0.196899
-0.196899
-0.231401
-0.226712
-0.226712
-0.226712
-0.228417
-0.228417
-0.228417
-0.204764
-0.182767
-0.182767
0.0342243
0.0342243
0.0342243
0.0342243
0.230591
0.230591
0.262207
0.26641
0.26641
0.26641
0.26641
0.26641
0.26641
0.26641
0.26641
0.26641
0.26641
0.26641
0.228688
0.228688
0.228688
0.202798
0.182329
0.179815
0.161792
0.161792
0.161792
0.11306
0.11306
0.11306
0.0455982
0.0455982
0.0455982
0.0455982
0.0455982
0.0455982
0.0455982
0.0455982
-0.177407
-0.177407
-0.177407
-0.177407
-0.177407
