0
4.91204e-05
0.000194572
0.000439745
0.000786712
0.00123343
0.00177408
0.00240629
0.00313207
0.0039536
0.00487269
0.00588761
0.0069962
0.00819574
0.00948004
0.0108517
0.0123105
0.0138517
0.0154777
0.0171848
0.0189656
0.0208286
0.0227627
0.0247628
0.0268341
0.0289675
0.0311528
0.0334018
0.0357204
0.0380921
0.0404953
0.0429669
0.045411
0.0479462
0.0505209
0.0531005
0.0557085
0.0581979
0.0608395
0.063418
0.0661231
0.06871
0.0713935
0.0740189
0.0765066
0.0791971
0.0815803
0.0840144
0.0864002
0.0887239
0.0911182
0.0934876
0.0952864
0.0973202
0.0994227
0.101403
0.103384
0.105109
0.10656
0.107824
0.109607
0.110913
0.111996
0.112858
0.114099
0.114341
0.114917
0.11515
0.115872
0.116243
0.116174
0.116101
0.115938
0.115189
0.114882
0.114882
0.113746
0.113623
0.112007
0.111141
0.109518
0.108812
0.10745
0.108084
0.109703
0.111105
0.112386
0.113605
0.113605
0.115715
0.116352
0.116352
0.117053
0.117436
0.117848
0.118171
0.118267
0.118191
0.117606
0.116836
0.116676
0.116096
0.116096
0.114492
0.114482
0.114482
0.112731
0.112219
0.110492
0.110001
0.108834
0.107744
0.107135
0.1063
0.1063
0.1063
0.103289
0.102473
0.102473
0.102473
0.0988149
0.098067
0.0965684
0.0951433
0.0934817
0.0930978
0.0909435
0.091064
0.0889698
0.0883167
0.0873103
0.0856137
0.0837205
0.0832022
0.0819728
0.0809424
0.0793328
0.0783897
0.0764867
0.0763512
0.0749123
0.0738813
0.0727199
0.071466
0.0698719
0.0684441
0.0675758
0.0664474
0.0654862
0.0638677
0.0634245
0.0615174
0.0616133
0.0598353
0.0589681
0.0588845
0.0588216
0.0590403
0.0600612
0.0591036
0.0581454
0.0578573
0.0576218
0.056017
0.056017
0.0551484
0.0555077
0.0547079
0.05565
0.0550503
0.0541064
0.0533813
0.0530878
0.0527837
0.052464
0.0520905
0.0514649
0.0512687
0.0506188
0.0496788
0.0495847
0.0489946
0.0494846
0.0486346
0.0479899
0.0474472
0.0477035
0.0472058
0.0466282
0.047375
0.0459871
0.0448529
0.0451937
0.0444591
0.0446259
0.0444704
0.0439889
0.0426253
0.0412728
0.0419151
0.041872
0.0417859
0.0415179
0.0410301
0.041598
0.0405856
0.0398141
0.0388958
0.039699
0.038758
0.039108
0.0384956
0.0380259
0.0384388
0.0374125
0.0379499
0.0380324
0.0387366
0.0386118
0.0387717
0.0395993
0.038541
0.0394512
0.0396638
0.0402163
0.0403519
0.0405501
0.0404434
0.0408958
0.0408959
0.0410155
0.0415285
0.04132
0.0415917
0.0412025
0.0414186
0.0414837
0.0422847
0.0414105
0.0420722
0.0411817
0.0420662
0.0413169
0.0422041
0.0413913
0.0427953
0.042298
0.0422231
0.0419591
0.0420047
0.0421239
0.0419977
0.0423727
0.0423002
0.042491
0.0424147
0.0425375
0.0430624
0.0424418
0.0429127
0.0420995
0.0426909
0.0429322
0.0430177
0.0429408
0.0433586
0.0427192
0.0429657
0.0429054
0.0431671
0.0431297
0.0429476
0.0429927
0.0428593
0.0431708
0.0429606
0.0432347
0.0432271
0.0428743
0.0430241
0.0430518
0.0430954
0.0433112
0.0429839
0.0431211
0.043409
0.0431062
0.0436346
0.0433031
0.0427955
0.043125
0.0426131
0.0426131
0.0428548
0.0433471
0.0436627
0.0431996
0.0432726
0.0432515
0.0430745
0.0429332
0.0428578
0.0424767
0.0421742
0.0428427
0.0429389
0.043448
0.0427958
0.0427958
0.0427575
0.0427575
0.0433543
0.042563
0.0430186
0.0426036
0.0426036
0.0429791
0.04347
0.0427631
0.0434307
0.0434307
0.0431719
0.0431719
0.0431719
0.0426678
0.0424199
0.0423794
0.0423794
0.042574
0.0426971
0.042584
0.0425023
0.0427327
0.0427327
0.0423268
0.0423989
0.0419919
0.0424502
0.0420395
0.0420395
0.042003
0.042003
0.042003
0.0416946
0.0413916
0.0414964
0.0407525
0.0409879
0.0409267
0.0411518
0.0411902
0.0414175
0.0408939
0.0406238
0.0400243
0.0401202
0.0400027
0.0403896
0.0400985
0.0396936
0.0396001
0.0392435
0.0387179
0.0386301
0.038501
0.038816
0.0381916
0.0380701
0.0375885
0.0376143
0.0375484
0.0369517
0.0360589
0.0362479
0.0362035
0.0365938
0.0361858
0.0354941
0.0349943
0.0346762
0.0340366
0.0337352
0.0336282
0.0333741
0.0334487
0.0326732
0.0327673
0.032153
0.0312603
0.0309113
0.0304663
0.0304514
0.0299476
0.0292044
0.0290167
0.0284081
0.0280372
0.0275059
0.0271502
0.0268637
0.026415
0.025738
0.0253932
0.0244973
0.0237803
0.0237102
0.0235989
0.023044
0.0225287
0.0218828
0.0209372
0.0200418
0.0191642
0.0187782
0.0181629
0.0176345
0.017043
0.0165871
0.015988
0.015314
0.014689
0.014109
0.0130136
0.0124597
0.0116789
0.0110708
0.0108083
0.0101053
0.00960037
0.00893228
0.00852244
0.00794195
0.00729048
0.00696393
0.00651321
0.00594418
0.00563456
0.0052927
0.00481946
0.00473003
0.00417633
0.00379994
0.00352671
0.00338231
0.0031355
0.00296349
0.00261034
0.00259786
0.00211303
0.00203919
0.00168891
0.00164523
0.00157004
0.00163214
0.00137891
0.00163933
0.00183511
0.00175673
0.00163217
0.00166877
0.00165178
0.00139724
0.00111018
0.00110473
0.000993526
0.00108807
0.000955596
0.000971619
0.00101427
0.00125292
0.00125761
0.00142922
0.00168272
0.00179941
0.0018062
0.00179287
0.00193588
0.00222787
0.00257964
0.00282984
0.00298194
0.00324846
0.00365052
0.00380083
0.00434278
0.00448079
0.00499859
0.00482528
0.00536027
0.00556007
0.00617417
0.00663145
0.00685485
0.00739951
0.00749142
0.00834003
0.00858963
0.00921175
0.00995853
0.0103976
0.0109323
0.0111476
0.0114607
0.0121567
0.0127718
0.0132959
0.0143315
0.0148159
0.0151309
0.0159441
0.0165085
0.0169367
0.0173516
0.0181771
0.0187882
0.0186876
0.0188986
0.0191998
0.0195495
0.0202035
0.0203615
0.0213637
0.0221064
0.0219883
0.0226127
0.0234148
0.0233922
0.023663
0.0236942
0.0241648
0.0250919
0.0249242
0.0256519
0.02647
0.0267168
0.0263844
0.0265029
0.0262106
0.0267878
0.0271085
0.0272046
0.0284988
0.0279726
0.0273489
0.027612
0.0272394
0.0284383
0.0290492
0.0290679
0.0298619
0.0286355
0.0283004
0.0285743
0.0289881
0.0297519
0.0295789
0.0292309
0.0288913
0.0291155
0.0293215
0.029355
0.029355
0.0294099
0.0292476
0.0291268
0.0287702
0.0283507
0.0285444
0.0288248
0.02875
0.029829
0.0294793
0.0293602
0.0293896
0.0286553
0.0279717
0.0280263
0.0282715
0.0285019
0.028732
0.0285989
0.0275491
0.0272678
0.0272678
0.0280164
0.0282939
0.0282939
0.0274884
0.0275808
0.0271735
0.0272897
0.02656
0.0271332
0.027736
0.0272296
0.0272296
0.0274211
0.0271883
0.0269152
0.0269152
0.0264987
0.026346
0.0256118
0.0259759
0.0267277
0.0263076
0.0259304
0.0268241
0.0261488
0.0264987
0.0258965
0.0258965
0.0257248
0.0250516
0.0250576
0.0250387
0.0257038
0.0259007
0.0253764
0.0251148
0.0244791
0.0247151
0.0253472
0.0256294
0.0259882
0.0259517
0.0259517
0.024642
0.0248821
0.0249883
0.0245201
0.0247257
0.0247539
0.0241564
0.0240896
0.0248721
0.0248115
0.0236803
0.0229273
0.023896
0.0225504
0.0231389
0.0242885
0.0248955
0.0255085
0.0250556
0.024624
0.024708
0.0245944
0.0226763
0.0226301
0.0232861
0.0231803
0.023634
0.0237645
0.0243068
0.0239783
0.0243955
0.0241833
0.024041
0.0242901
0.0230189
0.0226671
0.0226816
0.022162
0.0224075
0.0228891
0.0223851
0.022698
0.0222512
0.0222065
0.0222351
0.0226332
0.0229974
0.0229974
0.0224163
0.0224435
0.0225613
0.0228649
0.022589
0.022314
0.022372
0.0222371
0.0227815
0.0230002
0.0225942
0.0222798
0.0226075
0.023357
0.023357
0.023357
0.023357
0.023357
0.023357
0.023357
0.023357
0.023357
0.023357
0.023357
0.023357
0.023357
0.023357
0.023357
0.023357
0.023357
0.023357
0.023357
0.023357
0.023357
0.023357
0.023357
0.023357
0.023357
0.023357
0.023357
0.023357
0.023357
0.023357
0.023357
0.023357
0.023357
0.023357
0.023357
0.023357
0.023357
0.023357
0.023357
0.023357
0.023357
0.023357
0.023357
0.023357
0.023357
0.023357
0.023357
0.023357
0.023357
0.023357
0.023357
0.023357
0.023357
0.023357
0.023357
0.023357
0.023357
0.023357
0.023357
0.023357
0.023357
0.023357
0.023357
0.023357
0.023357
0.023357
0.023357
0.023357
0.023357
0.023357
0.023357
0.023357
0.023357
0.023357
0.022124
0.0220803
0.0220592
0.0216171
0.0215383
0.0211582
0.0213807
0.0214905
0.021232
0.0218132
0.0218132
0.0218132
0.0218132
0.021964
0.0222098
0.022198
0.0222458
0.0222458
0.0222458
0.0222458
0.0222458
0.0223368
0.0222313
0.0222828
0.0219899
0.02132
0.021545
0.0218999
0.0211521
0.0209199
0.0208045
0.0211215
0.0214425
0.0212837
0.0212719
0.021182
0.0222075
0.0221366
0.0215374
0.0216175
0.021435
0.0205427
0.0205841
0.0208969
0.0209236
0.0209286
0.0203622
0.0207039
0.0208489
0.020358
0.0206028
0.0209794
0.0206416
0.020438
0.0203016
0.0206989
0.020909
0.0217459
0.0220691
0.0216401
0.0216757
0.0216665
0.021153
0.0202436
0.0203606
0.0200531
0.019733
0.019773
0.0194254
0.0198985
0.0200414
0.0195886
0.0197465
0.0200266
0.0197524
0.0194564
0.0198265
0.0194967
0.0189216
0.0190532
0.0193341
0.0190576
0.0184203
0.0184278
0.0184993
0.0181358
0.0177652
0.0176946
0.0175971
0.017306
0.0176536
0.0171692
0.0172011
0.0169583
0.0160915
0.0153848
0.0149144
0.0155222
0.0150263
0.0147592
0.0144361
0.0147338
0.0148754
0.0149438
0.0147112
0.0145253
0.0144402
0.0142873
0.014294
0.013832
0.0134727
0.0131335
0.0130106
0.0130017
0.0130394
0.0126946
0.0124167
0.012672
0.0126644
0.0126911
0.0120292
0.0122355
0.0118091
0.0115922
0.011616
0.0112385
0.0114488
0.0117467
0.0109992
0.0109778
0.0111586
0.0111298
0.0107515
0.010794
0.0104214
0.0104839
0.00988599
0.00967579
0.00982843
0.00966638
0.00931391
0.00938763
0.00918083
0.00907243
0.00894006
0.00899544
0.00894283
0.00895519
0.00858421
0.00850611
0.00831142
0.00806993
0.00815263
0.00809393
0.00778754
0.00760165
0.0076074
0.00744847
0.00721757
0.00719563
0.00726102
0.00703629
0.00700005
0.00693763
0.00675634
0.00664865
0.00652311
0.00621439
0.00606622
0.00628564
0.00610686
0.00578156
0.00583477
0.00571297
0.00539141
0.00543759
0.00536471
0.0050975
0.00489832
0.00507672
0.00502289
0.00491074
0.00472717
0.00471011
0.00475392
0.00422456
0.00417592
0.00423259
0.00401028
0.00405074
0.00392112
0.00416883
0.00372777
0.00367172
0.0037163
0.00335191
0.00342854
0.00321339
0.0031451
0.00292659
0.00287284
0.00283984
0.00290969
0.00244232
0.00234034
0.00190225
0.00250466
0.00226087
0.00226087
0.00226087
0.00250623
0.00250578
0.00260176
0.00273475
0.00297982
0.00297982
0.00281842
0.00291531
0.00305694
0.00302858
0.00296994
0.00292692
0.00308065
0.0030439
0.00304138
0.00311806
0.00313344
0.00301184
0.00285218
0.00285639
0.0026454
0.00254742
0.00251204
0.00245058
0.00249075
0.00237932
0.00191747
0.00199928
0.00191154
0.00192524
0.00171015
0.00171188
0.00162079
0.00160951
0.00142082
0.00140209
0.000987819
0.000977039
0.000767474
0.000507796
0.000510087
0.000505948
0.000345729
0.000352603
0.000306921
0.000385385
0.000536815
0.00044084
0.000437865
0.000442106
0.000425142
0.000332905
0.000343126
0.000539223
0.00040816
0.000458588
0.000528016
0.000655968
0.000712381
0.000621932
0.000705026
0.000696833
0.000689999
0.000693604
0.000584782
0.000562548
0.00044262
0.000422344
0.000380613
0.000449578
0.000353276
0.000250842
0.000215822
0.00020826
0.000159964
0.00022127
0.000334187
0.000587955
0.000667325
0.00083828
0.000861745
0.000775063
0.000921637
0.000843854
0.000623525
0.00062831
0.00043806
0.000441987
0.000349204
0.000206213
0.000151388
0.000234731
0.00025433
0.000517255
0.000664322
0.00065165
0.000697401
0.000901297
0.0008724
0.000917118
0.000776511
0.000770346
0.000710913
0.000673454
0.000596162
0.000396369
0.000383702
0.000318632
0.000333596
0.000495755
0.000588805
0.000800011
0.000816801
0.000775045
0.000687692
0.000758946
0.000766557
0.000759118
0.000808434
0.000859115
0.000790107
0.000582087
0.000694406
0.000629689
0.000315388
0.000372115
0.000182019
0.000274864
0.000283663
0.000310036
0.000272641
0.000596622
0.000668584
0.000668584
0.000668584
0.000668584
0.000649121
0.000538331
0.000223826
0.000177805
0.0002227
0.000237518
0.00022696
0.000337893
0.000369333
0.000690243
0.000733389
0.000923551
0.000815418
0.000796403
0.000956761
0.000840036
0.000742507
0.00070775
0.000621654
0.000603466
0.000519072
0.000489629
0.000489629
0.000489629
0.000615415
0.000699758
0.000649378
0.000656135
0.00096098
0.00102058
0.000865775
0.000934035
0.0010644
0.000757436
0.000794189
0.000794189
0.000824079
0.000905129
0.000984466
0.000985701
0.000995216
0.00104869
0.000760363
0.000760475
0.000833202
0.000907534
0.000804906
0.000833379
0.000968149
0.000745111
0.00105112
0.000818552
0.00107803
0.00113807
0.00128693
0.00129443
0.0012428
0.00111266
0.00125609
0.000832772
0.000803835
0.000698236
0.000372033
0.000159575
0.000159575
0.000373678
0.000557604
0.000846954
0.00105678
0.00130174
0.00139316
0.00149958
0.00150849
0.00139451
0.00125112
0.001037
0.00105291
0.00105291
0.000336592
0.000336592
0.000373054
0.000409519
0.00043178
0.000953566
0.00106343
0.00121882
0.00121882
0.00133263
0.00135112
0.00111376
0.00107754
0.00101698
0.000882487
0.000961804
0.000864766
0.000959816
0.000673923
0.000549224
0.000583725
0.000675983
0.000684813
0.000750447
0.000831501
0.000854741
0.000884995
0.00070241
0.000647856
0.000588411
0.000856349
0.000989463
0.000590691
0.000647502
0.000719248
0.000534287
0.000634621
0.000451848
0.00032714
0.00032714
0.000368079
0.000408261
0.000506239
0.0005267
0.000637602
0.000807806
0.000898645
0.000882564
