0
2.94948
2.95433
2.95433
2.95433
2.95433
2.95433
2.90268
2.90268
2.90268
2.90268
2.90268
2.90268
2.90268
2.90268
2.90268
2.8989
2.8989
2.8989
2.8989
2.8989
2.893
2.893
2.893
2.8883
2.8883
2.88236
2.88236
2.87789
2.87789
2.86477
2.86477
2.86477
2.84736
2.84736
2.84736
2.84736
2.82027
2.82027
2.82027
2.82027
2.82027
2.78042
2.78042
2.76556
2.76556
2.74014
2.72874
2.71655
2.71655
2.71655
2.71655
2.71655
2.71655
2.63886
2.63886
2.61329
2.60104
2.60104
2.60104
2.60104
2.54061
2.52156
2.50943
2.49124
2.49124
2.45058
2.43432
2.41491
2.39204
2.3754
2.363
2.33886
2.31957
2.31957
2.28199
2.28199
2.24794
2.23521
2.21133
2.19355
2.19355
2.15721
2.15721
2.11341
2.11341
2.07958
2.07958
2.03828
2.01775
1.99739
1.98213
1.98213
1.98213
1.92597
1.91499
1.8961
1.8961
1.8602
1.83985
1.81816
1.80085
1.78163
1.76223
1.74268
1.73002
1.7127
1.69416
1.68015
1.66054
1.64762
1.62049
1.60108
1.58478
1.56532
1.54386
1.52649
1.52649
1.52649
1.52649
1.52649
1.52649
1.39802
1.39802
1.39802
1.39802
1.31238
1.28882
1.28882
1.28882
1.22736
1.22736
1.1774
1.15286
1.13493
1.11462
1.11462
1.11462
1.03279
1.03279
0.987629
0.987629
0.987629
0.916231
0.916231
0.858143
0.858143
0.811478
0.811478
0.811478
0.811478
0.716139
0.696123
0.670785
0.645295
0.628537
0.603483
0.583887
0.559759
0.542406
0.542406
0.510026
0.510026
0.46972
0.46972
0.443638
0.443638
0.411491
0.397987
0.389723
0.389723
0.36739
0.359504
0.359504
0.342988
0.335407
0.335407
0.326581
0.326581
0.326581
0.311163
0.308317
0.306091
0.303433
0.300785
0.299302
0.299302
0.298007
0.298007
0.295997
0.295576
0.296548
0.296548
0.296875
0.296875
0.298933
0.299322
0.301594
0.301594
0.301594
0.304942
0.304942
0.306051
0.308194
0.308194
0.308194
0.312544
0.312544
0.312544
0.316808
0.316808
0.319579
0.322066
0.322066
0.322066
0.322066
0.329096
0.3305
0.3305
0.336704
0.340177
0.340177
0.342485
0.342485
0.342485
0.342485
0.346024
0.347997
0.347997
0.349854
0.350425
0.350425
0.353276
0.354565
0.356279
0.356279
0.359725
0.359725
0.359725
0.363194
0.364482
0.364482
0.366057
0.360116
0.365806
0.365806
0.365806
0.368242
0.368242
0.370678
0.370678
0.370678
0.370678
0.370678
0.370678
0.376815
0.375861
0.37614
0.376056
0.374967
0.374967
0.375222
0.374752
0.374294
0.374294
0.37289
0.373688
0.374572
0.374572
0.374572
0.374572
0.379887
0.381784
0.382329
0.383887
0.383887
0.383887
0.376769
0.376769
0.381412
0.382337
0.38246
0.385402
0.385839
0.387475
0.387475
0.387475
0.389681
0.390144
0.390144
0.393729
0.393729
0.393866
0.394472
0.394472
0.394472
0.393106
0.392847
0.392847
0.392844
0.3951
0.394963
0.394963
0.391429
0.399001
0.399001
0.399001
0.399001
0.401695
0.402114
0.40237
0.402449
0.402449
0.402449
0.402449
0.401957
0.401792
0.401886
0.396067
0.396067
0.396067
0.40546
0.40546
0.408521
0.409885
0.409885
0.411319
0.41081
0.410239
0.410239
0.410239
0.408901
0.408282
0.407148
0.407148
0.407148
0.407148
0.407148
0.407148
0.411421
0.410823
0.41362
0.412808
0.412244
0.412244
0.410756
0.410443
0.410443
0.410443
0.410443
0.407829
0.408204
0.408204
0.408204
0.408204
0.408204
0.411877
0.414293
0.414783
0.414783
0.414783
0.414783
0.414783
0.416719
0.416727
0.416727
0.416727
0.416629
0.416041
0.416041
0.415358
0.415753
0.419144
0.419144
0.420638
0.420398
0.420398
0.42263
0.421753
0.421753
0.421753
0.420381
0.420209
0.419888
0.419195
0.419195
0.419195
0.419195
0.422084
0.422084
0.425223
0.425223
0.425223
0.425223
0.425223
0.420073
0.420073
0.420073
0.420073
0.420073
0.417881
0.417881
0.417881
0.416729
0.416729
0.416729
0.416729
0.416729
0.422514
0.422514
0.422514
0.422514
0.425738
0.425738
0.425738
0.425738
0.425738
0.425738
0.425738
0.421634
0.421634
0.424461
0.424461
0.424461
0.424461
0.424461
0.424461
0.421958
0.424218
0.424218
0.424218
0.424218
0.424975
0.424975
0.427549
0.427549
0.427549
0.427549
0.427549
0.427549
0.416947
0.416947
0.416947
0.416947
0.416947
0.416947
0.416947
0.416947
0.419837
0.419837
0.427448
0.422079
0.422079
0.422079
0.422079
0.422079
0.422273
0.422273
0.425393
0.419358
0.419358
0.419358
0.422079
0.421859
0.421859
0.418345
0.422843
0.426109
0.425853
0.426437
0.425645
0.425645
0.425021
0.423905
0.423568
0.423568
0.422553
0.422369
0.422633
0.422193
0.422968
0.424072
0.425937
0.425362
0.426239
0.427284
0.426325
0.426325
0.426323
0.424834
0.424834
0.422992
0.423376
0.42353
0.4225
0.422618
0.424074
0.42666
0.427821
0.428276
0.42824
0.428269
0.427155
0.427491
0.424966
0.423161
0.420024
0.413376
0.410572
0.407268
0.406348
0.405027
0.405908
0.402849
0.403353
0.402048
0.400882
0.398446
0.397985
0.397199
0.395451
0.394764
0.394723
0.393532
0.392756
0.391634
0.390935
0.391866
0.390596
0.390596
0.3908
0.389861
0.390201
0.389649
0.389351
0.38871
0.388878
0.386599
0.387135
0.386106
0.385648
0.383722
0.383246
0.384464
0.382414
0.383717
0.38385
0.384339
0.384299
0.38623
0.383057
0.382348
0.380984
0.378641
0.377375
0.37645
0.375143
0.374253
0.370714
0.370176
0.370182
0.368397
0.366664
0.36647
0.366631
0.365801
0.365812
0.366202
0.364957
0.364288
0.363262
0.362871
0.362767
0.361412
0.361355
0.361352
0.360164
0.360159
0.359847
0.360028
0.359847
0.361268
0.361598
0.361804
0.362759
0.364255
0.364255
0.363537
0.363537
0.36379
0.363279
0.363576
0.36426
0.363921
0.363051
0.362328
0.364386
0.366052
0.365614
0.367698
0.368272
0.369141
0.370435
0.369848
0.370681
0.37186
0.373158
0.373666
0.3751
0.374517
0.37557
0.37541
0.376257
0.376834
0.378175
0.379226
0.381316
0.382473
0.384665
0.386903
0.388306
0.389675
0.391913
0.392691
0.393794
0.394317
0.396057
0.395606
0.397597
0.398919
0.400495
0.40124
0.403166
0.406395
0.40927
0.413341
0.416298
0.418554
0.419616
0.422207
0.42241
0.423308
0.423554
0.424605
0.428579
0.431031
0.434945
0.437835
0.44048
0.444286
0.446496
0.450306
0.452424
0.45304
0.455499
0.455499
0.458387
0.460813
0.460813
0.460813
0.470987
0.475307
0.475307
0.479475
0.479475
0.486988
0.490976
0.492553
0.497814
0.497814
0.503771
0.503771
0.508642
0.508642
0.508642
0.520155
0.52469
0.52469
0.52469
0.52469
0.52469
0.546053
0.546053
0.555158
0.560936
0.562759
0.562759
0.565817
0.565817
0.569222
0.571266
0.573235
0.573235
0.576235
0.582342
0.58785
0.58785
0.58785
0.601903
0.606125
0.606125
0.606125
0.611992
0.611992
0.611992
0.611992
0.614782
0.617273
0.620495
0.620495
0.626443
0.63404
0.636834
0.641535
0.644297
0.64975
0.64975
0.660005
0.660005
0.660005
0.660005
0.674442
0.674442
0.681177
0.681177
0.681177
0.681177
0.681177
0.69639
0.69639
0.69639
0.69639
0.69639
0.69639
0.69639
0.69639
0.69639
0.69639
0.69639
0.69639
0.69639
0.69639
0.69639
0.69639
0.69639
0.69639
0.69639
0.69639
0.69639
0.69639
0.69639
0.69639
0.69639
0.69639
0.69639
0.69639
0.69639
0.834854
0.841644
0.848319
0.85486
0.855378
0.855378
0.853033
0.852212
0.851245
0.848061
0.848061
0.848061
0.841284
0.840958
0.840958
0.841472
0.844098
0.8483
0.850727
0.85842
0.862797
0.870441
0.875003
0.878439
0.879734
0.88473
0.888026
0.889894
0.890911
0.8925
0.893352
0.895729
0.897997
0.899491
0.901066
0.904959
0.904959
0.915535
0.918641
0.924167
0.926577
0.929437
0.929557
0.930824
0.931075
0.931822
0.932609
0.93408
0.9364
0.938831
0.940956
0.944053
0.948424
0.951524
0.955819
0.958341
0.963245
0.967148
0.967141
0.969538
0.97143
0.97191
0.972255
0.973363
0.97434
0.974198
0.977682
0.980312
0.982826
0.986046
0.988487
0.991747
0.995686
0.9972
0.998387
0.998822
0.999578
0.999348
0.998528
0.998078
0.998238
0.99728
0.998976
1.00184
1.00269
1.00514
1.00903
1.01102
1.0143
1.0143
1.0143
1.0143
1.0143
1.0143
1.0143
1.0143
1.0143
1.0143
1.0143
1.0143
1.0143
1.0143
1.0143
1.0143
1.0143
1.0143
1.0143
1.0143
1.0143
1.0143
1.0143
1.0143
1.0143
1.0143
1.0143
1.0143
1.0143
1.0143
1.0143
1.0143
1.0143
1.0143
1.0143
1.0143
1.0143
1.0143
1.0143
1.0143
1.0143
1.0143
1.0143
1.0143
1.0143
1.0143
1.0143
1.0143
1.0143
1.0143
1.0143
1.0143
1.0143
1.0143
1.0143
1.0143
1.0143
1.0143
1.0143
1.0143
1.0024
1.00384
1.00355
1.00341
1.00345
1.00503
1.00912
1.0149
1.02255
1.02737
1.02963
1.0336
1.03722
1.04178
1.0458
1.04976
1.05353
1.05549
1.05891
1.0614
1.06514
1.06722
1.06878
1.06931
1.06916
1.06913
1.06867
1.0683
1.06672
1.06501
1.06322
1.06041
1.05797
1.05838
1.05671
1.05577
1.05536
1.05506
1.05422
1.05585
1.05587
1.05641
1.05622
1.05498
1.05453
1.05416
1.05392
1.05344
1.05255
1.05276
1.05273
1.0521
1.05114
1.05114
1.04681
1.04658
1.04404
1.04391
1.04246
1.03956
1.03905
1.03801
1.03683
1.03616
1.03616
1.03463
1.03342
1.03118
1.03009
1.02865
1.02669
1.02337
1.02359
1.02259
1.02067
1.01949
1.01705
1.0167
1.01451
1.01451
1.01275
1.01057
1.00815
1.00815
1.00435
1.00404
1.00404
0.998726
0.997988
0.995683
0.994271
0.994271
0.990676
0.988699
0.986223
0.982809
0.982809
0.982809
0.982809
0.982809
0.960953
0.959787
0.954221
0.949129
0.943441
0.934714
0.926933
0.920182
0.913859
0.907177
0.90018
0.892943
0.886538
0.882613
0.875143
0.868962
0.860624
0.854215
0.850689
0.841648
0.832423
0.824294
0.816371
0.811261
0.803443
0.794611
0.789762
0.780684
0.773167
0.765
0.75482
0.750199
0.741748
0.731402
0.722716
0.71769
0.709505
0.69856
0.694669
0.688936
0.67776
0.670904
0.6595
0.648766
0.642857
0.632296
0.621731
0.60894
0.600173
0.588675
0.584664
0.573943
0.564199
0.556026
0.551362
0.543208
0.537809
0.527421
0.516375
0.504674
0.492909
0.479677
0.473198
0.45874
0.44722
0.44546
0.429166
0.422606
0.415832
0.411017
0.398699
0.389198
0.37818
0.364982
0.357214
0.349399
0.340312
0.331188
0.322158
0.319512
0.310809
0.303681
0.296063
0.293045
0.285475
0.279051
0.272898
0.265507
0.262581
0.255654
0.250391
0.244173
0.238824
0.235042
0.225931
0.222004
0.217547
0.215079
0.211342
0.207295
0.204705
0.202303
0.199064
0.197044
0.196432
0.192439
0.186832
0.184485
0.182242
0.178291
0.175109
0.169513
0.166953
0.159681
0.157564
0.151738
0.148702
0.143285
0.138616
0.13609
0.132603
0.130267
0.127543
0.125185
0.123346
0.12121
0.119207
0.11782
0.116925
0.11302
0.11302
0.111694
0.110259
0.107788
0.106627
0.105424
0.103874
0.10205
0.10173
0.0998977
0.098561
0.098561
0.0979587
0.0967112
0.0958847
0.0957569
0.0956823
0.0952118
0.094134
0.0934704
0.0934704
0.0920181
0.0920181
0.0906214
0.0906214
0.0901699
0.0900906
0.0892485
0.0887095
0.0887095
0.0881673
0.0881673
0.0881673
0.0881673
0.0881673
0.0881673
0.0881673
0.0881673
0.0881673
0.0881673
0.0881673
0.0881673
0.0881673
0.0882483
0.0882483
0.0882483
0.0882483
0.0883292
0.0883292
0.0887095
0.0887095
0.0887095
0.0887095
0.0899773
0.0903621
0.0903395
0.091328
0.091785
0.092306
0.0921511
0.092593
0.092593
0.0923944
0.0923944
0.0932409
0.0952975
0.0954794
0.0960972
0.0960972
0.0960972
0.0960972
0.0960972
0.0960972
0.0967428
0.0978441
0.0985196
0.0985196
0.0993345
0.0998263
0.10175
0.101025
0.101559
0.102469
0.102469
0.103756
0.104119
0.105705
0.105705
0.105705
0.107817
0.10827
0.108806
0.108806
0.110093
0.110961
0.110961
0.111502
0.113407
0.113623
0.113623
0.11474
0.116444
0.117343
0.117473
0.118313
0.118313
0.119497
0.120034
0.121092
0.121613
0.123445
0.123833
0.124031
0.125129
0.126144
0.12703
0.128325
0.128619
0.130219
0.131234
0.132009
0.133928
0.133455
0.135066
0.135225
0.136651
0.13747
0.138387
0.138387
0.139298
0.14114
0.14114
0.141436
0.142593
0.144187
0.144038
0.144836
0.144836
0.14724
0.14724
0.14899
0.151516
0.152396
0.152857
0.153961
0.155432
0.156792
0.157344
0.158462
0.158938
0.159617
0.159617
0.161568
0.162368
0.162857
0.164304
0.164788
0.165153
0.168462
0.168958
0.170078
0.17153
0.172686
0.174438
0.175237
0.17597
0.177999
0.17836
0.178811
0.181389
0.181726
0.181861
0.18332
0.184441
0.184441
0.186624
0.187747
0.187867
0.189247
0.191034
0.190027
0.192645
0.193491
0.195271
0.195631
0.195954
0.196453
0.198458
0.199259
0.200459
0.201818
0.202041
0.20349
0.205491
0.205749
0.206412
0.208987
0.209645
0.212531
0.212531
0.213842
0.215762
0.216418
0.217279
0.218408
0.218693
0.220792
0.221926
0.221866
0.223237
0.224377
0.226048
0.22668
0.229782
0.229995
0.230656
0.231816
0.232603
0.234042
0.235771
0.23619
0.23619
0.238516
0.238516
0.240221
0.240878
0.242019
0.242832
0.243763
0.245889
0.247205
0.247349
0.248797
0.251018
0.251376
0.253176
0.253832
0.254189
0.257278
0.257706
0.259874
0.261038
0.263346
0.263977
0.263911
0.266799
0.266799
0.268818
0.268818
0.27083
0.271489
0.271838
0.275514
0.276962
0.276962
0.278128
0.279266
0.281787
0.281722
0.282514
0.284465
0.284465
0.285961
0.287697
0.290232
0.291015
0.291166
0.294126
0.294608
0.295203
0.297163
0.297795
0.29952
0.29952
0.300669
0.30133
0.304121
0.305717
0.305717
0.308429
0.308915
0.312011
0.312436
0.312655
0.31373
0.315866
0.316528
0.316528
0.318337
0.318616
0.322006
0.322082
0.322892
0.323403
0.325194
0.326646
0.328139
0.329375
0.330034
0.330034
0.331318
0.332547
0.332974
0.33492
0.336737
0.336382
0.336382
0.339838
0.340258
0.340258
0.343086
0.343773
0.346101
0.347475
0.348773
0.351094
0.352759
0.353709
0.354717
0.355972
0.355978
0.357848
0.357993
0.35931
0.359816
0.362272
0.362553
0.362553
0.366701
0.367398
0.367815
0.371225
0.371288
0.37195
0.374305
0.374305
0.374662
0.377062
0.377062
0.377062
0.380145
0.381525
0.381819
0.386362
0.386985
0.386121
0.388093
0.388238
0.389568
0.390761
0.390761
0.390761
0.390761
0.396652
0.398505
0.400357
0.400084
0.402104
0.401965
0.404858
0.404858
0.404997
0.404997
0.404997
0.404997
0.410577
0.410577
0.414195
0.414153
0.414153
0.422712
0.422473
0.422473
0.415594
0.408906
0.401075
0.38809
0.377294
0.377294
0.353322
0.343294
0.343294
0.343294
0.315866
0.309588
0.304396
0.296902
0.288033
0.273664
0.265837
0.249461
0.242239
0.235602
0.216743
0.209387
0.193507
0.185175
0.173693
0.167045
0.159149
0.149891
0.143434
0.136472
0.12911
0.123156
0.115264
0.108825
0.10204
0.0962988
0.0917071
0.0868379
0.0824991
0.0775912
0.073748
0.0687646
0.065278
0.0610118
0.0578174
0.0538705
0.0509301
0.0489064
0.0476809
0.0453557
0.0436825
0.0439154
0.0408081
