0
0
0
0
0
0
0
0
1.74484
1.74484
1.79783
1.79783
1.79783
1.79783
1.79783
1.78346
1.78346
1.78346
1.78346
1.69713
1.69713
1.69713
1.62396
1.62396
1.58711
1.58711
1.58711
1.58711
1.58711
1.57068
1.57068
1.57068
1.57068
1.54389
1.53426
1.53426
1.53426
1.53426
1.53426
1.39018
1.39018
1.29276
1.22058
1.19087
1.19087
1.08518
1.05275
1.05275
0.983771
0.983771
0.945666
0.921477
0.886873
0.87021
0.829156
0.829156
0.727256
0.7092
0.649478
0.629723
0.629723
0.547169
0.547169
0.491902
0.466636
0.423979
0.423979
0.372136
0.372136
0.372136
0.372136
0.295453
0.287642
0.287642
0.265248
0.254371
0.254371
0.254371
0.214314
0.198558
0.183278
0.173538
0.173538
0.140772
0.140772
0.118982
0.110274
0.0912812
0.081614
0.081614
0.0551664
0.0482795
0.0240887
0.0240887
-0.0337634
-0.0402005
-0.0486217
-0.0486217
-0.0562877
-0.0562877
-0.0619175
-0.0619175
-0.0690411
-0.0728012
-0.0763355
-0.0777141
-0.0777141
-0.0777141
-0.0777141
-0.0851956
-0.0875985
-0.0873169
-0.0889695
-0.0889736
-0.0889736
-0.0889736
-0.0891558
-0.0888189
-0.0882803
-0.0893826
-0.0893826
-0.0867163
-0.0868451
-0.0865076
-0.0865076
