1.91771e-05
1.90851e-05
1.93824e-05
2.01161e-05
2.08497e-05
2.11395e-05
2.10986e-05
2.10578e-05
2.1017e-05
2.09762e-05
2.08782e-05
2.07802e-05
2.06822e-05
2.0697e-05
2.06797e-05
2.0644e-05
2.06084e-05
2.05727e-05
2.0537e-05
2.05399e-05
2.05427e-05
2.05513e-05
2.05498e-05
2.05502e-05
2.05505e-05
2.05503e-05
2.0557e-05
2.05583e-05
2.05698e-05
2.05792e-05
2.05972e-05
2.06151e-05
2.06331e-05
2.06497e-05
2.06828e-05
2.07067e-05
2.07306e-05
2.07545e-05
2.07881e-05
2.07952e-05
2.08023e-05
2.08138e-05
2.08509e-05
2.08924e-05
2.09338e-05
2.09752e-05
2.10166e-05
2.10581e-05
2.10995e-05
2.11409e-05
2.11824e-05
2.12238e-05
2.129e-05
2.13562e-05
2.14224e-05
2.14886e-05
2.14998e-05
2.1511e-05
2.15255e-05
2.154e-05
2.16516e-05
2.17633e-05
2.18181e-05
2.1804e-05
2.18387e-05
2.18734e-05
2.19354e-05
2.20544e-05
2.21629e-05
2.224e-05
2.22309e-05
2.22218e-05
2.23095e-05
2.23972e-05
2.2485e-05
2.25727e-05
2.27101e-05
2.27461e-05
2.29202e-05
2.30943e-05
2.32684e-05
2.3333e-05
2.34873e-05
2.36417e-05
2.3796e-05
2.39504e-05
2.41047e-05
2.42591e-05
2.43774e-05
2.46411e-05
2.49047e-05
2.51684e-05
2.5432e-05
2.56956e-05
2.59593e-05
2.62229e-05
2.64866e-05
2.67502e-05
2.70138e-05
2.72775e-05
2.75627e-05
2.78479e-05
2.81331e-05
2.84183e-05
2.87035e-05
2.89887e-05
2.92739e-05
2.95591e-05
2.98443e-05
3.01295e-05
3.04147e-05
3.04605e-05
3.05064e-05
3.05522e-05
3.0598e-05
3.10461e-05
3.14942e-05
3.19093e-05
3.21674e-05
3.23253e-05
3.24833e-05
3.26032e-05
3.30246e-05
3.3446e-05
3.38674e-05
3.40768e-05
3.42861e-05
3.46214e-05
3.48349e-05
3.50484e-05
3.53036e-05
3.57095e-05
3.61154e-05
3.65213e-05
3.69272e-05
3.70349e-05
3.74986e-05
3.79623e-05
3.84259e-05
3.88896e-05
3.91402e-05
3.93003e-05
3.94257e-05
3.95833e-05
3.97409e-05
3.98415e-05
3.99421e-05
4.00427e-05
4.04495e-05
4.08564e-05
4.06882e-05
4.06468e-05
4.06054e-05
4.02966e-05
4.00142e-05
3.97317e-05
3.94056e-05
3.90796e-05
3.88512e-05
3.86603e-05
3.84723e-05
3.85054e-05
3.85385e-05
3.84037e-05
3.82436e-05
3.81859e-05
3.81281e-05
3.8047e-05
3.79658e-05
3.78414e-05
3.78334e-05
3.77664e-05
3.77915e-05
3.77536e-05
3.76984e-05
3.76431e-05
3.77381e-05
3.78331e-05
3.79281e-05
3.80232e-05
3.81056e-05
3.81799e-05
3.82497e-05
3.83523e-05
3.84548e-05
3.85573e-05
3.86548e-05
3.87561e-05
3.88575e-05
3.89148e-05
3.89994e-05
3.90617e-05
3.91379e-05
3.92141e-05
3.92943e-05
3.93654e-05
3.9409e-05
3.94317e-05
3.94962e-05
3.95027e-05
3.95618e-05
3.9621e-05
3.96482e-05
3.96753e-05
3.96835e-05
3.9695e-05
3.97065e-05
3.97004e-05
3.96944e-05
3.96883e-05
3.96772e-05
3.9666e-05
3.96313e-05
3.95965e-05
3.95618e-05
3.9527e-05
3.95478e-05
3.95686e-05
3.95933e-05
3.9618e-05
3.95627e-05
3.95075e-05
3.94537e-05
3.93983e-05
3.93589e-05
3.92616e-05
3.91642e-05
3.90664e-05
3.89404e-05
3.8848e-05
3.87556e-05
3.86632e-05
3.85708e-05
3.84783e-05
3.83859e-05
3.82604e-05
3.81672e-05
3.80666e-05
3.79661e-05
3.7876e-05
3.77681e-05
3.76605e-05
3.7553e-05
3.74455e-05
3.73036e-05
3.71618e-05
3.70199e-05
3.6878e-05
3.67418e-05
3.6609e-05
3.64982e-05
3.63874e-05
3.62737e-05
3.616e-05
3.60463e-05
3.59326e-05
3.58028e-05
3.56731e-05
3.55433e-05
3.5371e-05
3.51987e-05
3.50264e-05
3.48893e-05
3.47523e-05
3.46153e-05
3.44782e-05
3.43412e-05
3.42041e-05
3.40996e-05
3.39952e-05
3.38907e-05
3.37862e-05
3.37459e-05
3.37056e-05
3.36652e-05
3.36249e-05
3.35498e-05
3.34747e-05
3.33996e-05
3.33244e-05
3.32493e-05
3.31742e-05
3.30991e-05
3.3024e-05
3.29256e-05
3.28623e-05
3.27839e-05
3.27055e-05
3.26271e-05
3.25486e-05
3.24702e-05
3.23918e-05
3.23265e-05
3.22612e-05
3.21507e-05
3.20403e-05
3.19277e-05
3.18405e-05
3.17533e-05
3.16661e-05
3.15789e-05
3.15082e-05
3.14375e-05
3.13668e-05
3.1338e-05
3.13092e-05
3.12804e-05
3.12516e-05
3.11393e-05
3.10271e-05
3.09148e-05
3.08025e-05
3.06902e-05
3.0578e-05
3.04657e-05
3.03534e-05
3.02411e-05
3.01289e-05
3.00166e-05
2.99043e-05
2.9792e-05
2.96976e-05
2.96031e-05
2.95086e-05
2.94142e-05
2.93197e-05
2.92252e-05
2.91307e-05
2.90363e-05
2.89418e-05
2.88473e-05
2.87529e-05
2.86584e-05
2.85639e-05
2.84898e-05
2.84158e-05
2.83417e-05
2.82676e-05
2.81935e-05
2.81195e-05
2.80454e-05
2.80034e-05
2.79458e-05
2.78882e-05
2.77471e-05
2.7606e-05
2.74574e-05
2.73087e-05
2.71641e-05
2.70307e-05
2.69255e-05
2.67991e-05
2.66732e-05
2.65559e-05
2.64387e-05
2.63954e-05
2.63753e-05
2.63414e-05
2.63752e-05
2.63835e-05
2.63982e-05
2.64034e-05
2.63886e-05
2.63737e-05
2.63206e-05
2.62724e-05
2.61697e-05
2.60666e-05
2.59322e-05
2.58117e-05
2.57106e-05
2.56494e-05
2.55995e-05
2.55312e-05
2.54551e-05
2.53836e-05
2.53379e-05
2.52993e-05
2.52684e-05
2.51896e-05
2.51305e-05
2.50524e-05
2.49683e-05
2.48595e-05
2.4761e-05
2.46313e-05
2.45386e-05
2.44644e-05
2.44022e-05
2.43465e-05
2.43037e-05
2.42747e-05
2.42404e-05
2.4204e-05
2.41717e-05
2.4101e-05
2.40029e-05
2.38908e-05
2.37854e-05
2.36695e-05
2.35722e-05
2.34736e-05
2.33591e-05
2.3233e-05
2.31301e-05
2.30631e-05
2.30618e-05
2.30586e-05
2.30464e-05
2.30512e-05
2.30542e-05
2.30809e-05
2.31018e-05
2.30979e-05
2.30408e-05
2.29838e-05
2.29284e-05
2.28509e-05
2.27457e-05
2.26282e-05
2.24996e-05
2.23617e-05
2.22308e-05
2.20998e-05
2.20519e-05
2.19974e-05
2.19594e-05
2.19355e-05
2.1913e-05
2.1903e-05
2.19063e-05
2.19668e-05
2.1993e-05
2.20123e-05
2.19862e-05
2.19151e-05
2.18293e-05
2.17485e-05
2.16668e-05
2.15604e-05
2.14495e-05
2.13256e-05
2.1228e-05
2.11267e-05
2.10191e-05
2.09192e-05
2.08756e-05
2.08749e-05
2.08803e-05
2.08856e-05
2.08865e-05
2.09025e-05
2.09322e-05
2.09552e-05
2.09752e-05
2.09466e-05
2.09367e-05
2.08706e-05
2.08198e-05
2.07469e-05
2.06583e-05
2.05485e-05
2.04412e-05
2.033e-05
2.02233e-05
2.01373e-05
2.00819e-05
2.00397e-05
2.0019e-05
1.99952e-05
1.99891e-05
1.99806e-05
1.99812e-05
1.99625e-05
1.99371e-05
1.9899e-05
1.98495e-05
1.97801e-05
1.97176e-05
1.96697e-05
1.96171e-05
1.95695e-05
1.95297e-05
1.95186e-05
1.95353e-05
1.95616e-05
1.95743e-05
1.95826e-05
1.95629e-05
1.95413e-05
1.95062e-05
1.94486e-05
1.93845e-05
1.93196e-05
1.92421e-05
1.91775e-05
1.91265e-05
1.90977e-05
1.90963e-05
1.90895e-05
1.91105e-05
1.9134e-05
1.90966e-05
1.8937e-05
1.88176e-05
1.87801e-05
1.87229e-05
1.85241e-05
1.83643e-05
1.81807e-05
1.79694e-05
1.78539e-05
1.78439e-05
1.78239e-05
1.7841e-05
1.78204e-05
1.78247e-05
1.77767e-05
1.77646e-05
1.77436e-05
1.76732e-05
1.7657e-05
1.76527e-05
1.76897e-05
1.7734e-05
1.77483e-05
1.78006e-05
1.78138e-05
1.78167e-05
1.78121e-05
1.78023e-05
1.77677e-05
1.77422e-05
1.77066e-05
1.76639e-05
1.76188e-05
1.75515e-05
1.75119e-05
1.74893e-05
1.7481e-05
1.75302e-05
1.75645e-05
1.75943e-05
1.76156e-05
1.76837e-05
1.76663e-05
1.76498e-05
1.76377e-05
1.75917e-05
1.75394e-05
1.74965e-05
1.74383e-05
1.73968e-05
1.73895e-05
1.7346e-05
1.73526e-05
1.73597e-05
1.7382e-05
1.74029e-05
1.74192e-05
1.7416e-05
1.74151e-05
1.73985e-05
1.73754e-05
1.73817e-05
1.73705e-05
1.74037e-05
1.74294e-05
1.74818e-05
1.74907e-05
1.74821e-05
1.74586e-05
1.74298e-05
1.73935e-05
1.73545e-05
1.73167e-05
1.7282e-05
1.72606e-05
1.7287e-05
1.72866e-05
1.73252e-05
1.73531e-05
1.73683e-05
1.7396e-05
1.7428e-05
1.74441e-05
1.74552e-05
1.74547e-05
1.7449e-05
1.74374e-05
1.74215e-05
1.74069e-05
1.73821e-05
1.73719e-05
1.73692e-05
1.73601e-05
1.73609e-05
1.73597e-05
1.73596e-05
1.73701e-05
1.73968e-05
1.74191e-05
1.74367e-05
1.74774e-05
1.74941e-05
1.74994e-05
1.74965e-05
1.75063e-05
1.75086e-05
1.7494e-05
1.74847e-05
1.747e-05
1.74528e-05
1.7441e-05
1.74237e-05
1.7403e-05
1.73825e-05
1.73667e-05
1.73519e-05
1.73411e-05
1.73378e-05
1.7335e-05
1.73353e-05
1.73306e-05
1.73186e-05
1.73146e-05
1.73107e-05
1.73117e-05
1.72943e-05
1.729e-05
1.72897e-05
1.72824e-05
1.72717e-05
1.72696e-05
1.72596e-05
1.72588e-05
1.72684e-05
1.72596e-05
1.72531e-05
1.7241e-05
1.72446e-05
1.72328e-05
1.72292e-05
1.719e-05
1.71762e-05
1.71513e-05
1.71466e-05
1.71472e-05
1.71493e-05
1.71501e-05
1.71573e-05
1.71746e-05
1.72086e-05
1.72305e-05
1.72567e-05
1.72511e-05
1.72386e-05
1.72054e-05
1.71738e-05
1.71297e-05
1.70917e-05
1.70704e-05
1.70667e-05
1.70976e-05
1.71383e-05
1.71662e-05
1.72199e-05
1.72744e-05
1.73156e-05
1.73583e-05
1.73689e-05
1.73539e-05
1.7343e-05
1.73137e-05
1.72667e-05
1.7219e-05
1.71779e-05
1.71471e-05
1.71265e-05
1.71277e-05
1.71913e-05
1.72583e-05
1.73383e-05
1.74309e-05
1.74791e-05
1.75604e-05
1.76338e-05
1.77041e-05
1.7719e-05
1.76933e-05
1.76518e-05
1.75943e-05
1.74715e-05
1.7402e-05
1.73491e-05
1.73166e-05
1.73441e-05
1.74375e-05
1.75172e-05
1.77228e-05
1.78812e-05
1.80684e-05
1.81709e-05
1.82726e-05
1.83503e-05
1.83797e-05
1.83306e-05
1.82443e-05
1.81294e-05
1.79859e-05
1.78398e-05
1.77025e-05
1.7585e-05
1.74937e-05
1.7578e-05
1.76268e-05
1.78034e-05
1.80135e-05
1.81795e-05
1.83033e-05
1.83929e-05
1.84491e-05
1.84612e-05
1.84606e-05
1.83971e-05
1.82886e-05
1.81482e-05
1.79795e-05
1.78544e-05
1.78247e-05
1.78309e-05
1.78801e-05
1.79003e-05
1.80225e-05
1.81181e-05
1.82807e-05
1.83991e-05
1.85149e-05
1.86071e-05
1.86685e-05
1.87199e-05
1.87563e-05
1.87689e-05
1.87697e-05
1.87737e-05
1.87523e-05
1.87723e-05
1.8793e-05
1.88323e-05
1.88709e-05
1.89461e-05
1.90253e-05
1.91116e-05
1.91864e-05
1.92554e-05
1.93349e-05
1.93976e-05
1.94643e-05
1.95309e-05
1.96135e-05
1.97146e-05
1.98121e-05
1.98993e-05
2.00031e-05
2.00935e-05
1.99348e-05
1.99178e-05
1.9698e-05
1.95842e-05
1.93714e-05
1.93285e-05
1.92326e-05
1.92263e-05
1.9249e-05
1.92871e-05
1.94245e-05
1.95842e-05
1.99372e-05
2.02447e-05
2.06995e-05
2.10266e-05
2.13783e-05
2.16168e-05
2.18848e-05
2.2065e-05
2.21832e-05
2.22146e-05
2.22246e-05
2.21551e-05
2.2076e-05
2.187e-05
2.16975e-05
2.14423e-05
2.12864e-05
2.12021e-05
2.122e-05
2.12958e-05
2.14727e-05
2.16288e-05
2.18917e-05
2.20998e-05
2.23271e-05
2.24833e-05
2.26266e-05
2.26989e-05
2.27105e-05
2.2624e-05
2.25483e-05
2.24268e-05
2.23114e-05
2.22812e-05
2.23038e-05
2.23794e-05
2.2488e-05
2.26273e-05
2.28079e-05
2.30357e-05
2.32055e-05
2.33209e-05
2.34261e-05
2.34285e-05
2.33922e-05
2.33277e-05
2.32426e-05
2.30986e-05
2.29714e-05
2.28509e-05
2.28042e-05
2.28812e-05
2.29933e-05
2.31391e-05
2.33461e-05
2.35517e-05
2.37844e-05
2.40122e-05
2.41532e-05
2.42796e-05
2.43316e-05
2.43538e-05
2.42808e-05
2.41268e-05
2.39589e-05
2.38418e-05
2.37283e-05
2.36514e-05
2.36825e-05
2.37512e-05
2.38821e-05
2.40077e-05
2.41648e-05
2.42379e-05
2.43222e-05
2.43668e-05
2.43992e-05
2.44829e-05
2.44539e-05
2.43595e-05
2.42168e-05
2.40606e-05
2.39241e-05
2.37851e-05
2.36419e-05
2.35174e-05
2.35172e-05
2.35261e-05
2.34996e-05
2.35725e-05
2.36877e-05
2.38182e-05
2.39314e-05
2.39826e-05
2.40366e-05
2.4164e-05
2.42398e-05
2.42382e-05
2.4147e-05
2.40107e-05
2.38381e-05
2.36715e-05
2.3517e-05
2.34317e-05
2.33838e-05
2.33889e-05
2.34602e-05
2.35607e-05
2.36506e-05
2.38021e-05
2.39439e-05
2.40846e-05
2.41367e-05
2.41707e-05
2.41653e-05
2.41211e-05
2.40559e-05
2.39215e-05
2.3755e-05
2.35991e-05
2.34234e-05
2.32979e-05
2.32226e-05
2.31576e-05
2.31468e-05
2.31208e-05
2.31516e-05
2.32883e-05
2.34287e-05
2.3504e-05
2.35462e-05
2.35877e-05
2.36036e-05
2.35845e-05
2.35426e-05
2.34773e-05
2.34606e-05
2.35802e-05
2.37796e-05
2.41084e-05
2.44358e-05
2.48138e-05
2.50781e-05
2.53548e-05
2.56584e-05
2.5955e-05
2.62318e-05
2.64426e-05
2.66269e-05
2.66937e-05
2.67459e-05
2.67774e-05
2.67189e-05
2.66436e-05
2.64923e-05
2.62895e-05
2.60333e-05
2.57395e-05
2.54387e-05
2.50912e-05
2.4677e-05
2.42542e-05
2.38098e-05
2.33664e-05
2.29556e-05
2.26096e-05
2.23564e-05
2.22047e-05
2.2087e-05
2.20329e-05
2.20486e-05
2.19392e-05
2.17896e-05
2.17108e-05
2.16975e-05
2.16903e-05
2.1683e-05
2.17264e-05
2.17688e-05
2.17677e-05
2.17336e-05
2.16523e-05
2.15324e-05
2.13904e-05
2.12142e-05
2.10312e-05
2.08639e-05
2.06833e-05
2.05284e-05
2.03789e-05
2.02177e-05
2.00566e-05
1.98929e-05
1.97623e-05
1.96317e-05
1.95012e-05
1.94206e-05
1.93399e-05
1.93111e-05
1.92845e-05
1.9258e-05
1.92159e-05
1.91737e-05
1.91315e-05
1.91277e-05
1.9123e-05
1.91058e-05
1.90749e-05
1.90516e-05
1.90213e-05
1.89818e-05
1.89424e-05
1.8903e-05
1.88603e-05
1.88209e-05
1.87815e-05
1.87422e-05
1.87028e-05
1.86624e-05
1.86221e-05
1.85554e-05
1.84903e-05
1.84586e-05
1.84404e-05
1.84173e-05
1.83942e-05
1.83711e-05
1.8348e-05
1.8325e-05
1.85023e-05
1.86797e-05
1.8857e-05
1.90343e-05
1.92117e-05
1.9389e-05
1.95664e-05
1.97437e-05
1.99211e-05
2.00984e-05
2.02758e-05
2.04531e-05
2.06305e-05
2.08078e-05
2.09851e-05
2.11625e-05
2.13398e-05
2.15172e-05
2.16945e-05
2.18719e-05
2.20492e-05
2.22266e-05
2.24039e-05
2.25813e-05
2.27586e-05
2.2936e-05
2.31133e-05
2.32906e-05
2.3468e-05
2.36453e-05
2.38227e-05
2.4e-05
2.41774e-05
2.43547e-05
2.45321e-05
2.47094e-05
2.48868e-05
2.50641e-05
2.52415e-05
2.54188e-05
2.55961e-05
2.57735e-05
2.59508e-05
2.61282e-05
2.63055e-05
2.64829e-05
2.66602e-05
2.68376e-05
2.70149e-05
2.71923e-05
2.73696e-05
2.7547e-05
2.77243e-05
2.79016e-05
2.8079e-05
2.82563e-05
2.84337e-05
2.8611e-05
2.87884e-05
2.89657e-05
2.91431e-05
2.93204e-05
2.94978e-05
2.96751e-05
2.98525e-05
3.00298e-05
3.02071e-05
3.03845e-05
3.05618e-05
3.07392e-05
3.09165e-05
3.10939e-05
3.12712e-05
3.14486e-05
3.16259e-05
3.18032e-05
3.19806e-05
3.21579e-05
3.23353e-05
3.25126e-05
3.269e-05
3.28673e-05
3.2285e-05
3.18766e-05
3.24749e-05
3.30287e-05
3.35935e-05
3.39464e-05
3.45188e-05
3.51132e-05
3.57477e-05
3.67069e-05
3.76549e-05
3.87815e-05
3.99081e-05
4.12326e-05
4.22717e-05
4.32321e-05
4.41119e-05
4.50019e-05
4.57477e-05
4.62591e-05
4.65889e-05
4.66437e-05
4.644e-05
4.58827e-05
4.52226e-05
4.45685e-05
4.39819e-05
4.33954e-05
4.276e-05
4.19597e-05
4.11456e-05
4.03621e-05
3.94721e-05
3.85723e-05
3.76725e-05
3.69247e-05
3.614e-05
3.5312e-05
3.45869e-05
3.40516e-05
3.35525e-05
3.30376e-05
3.25791e-05
3.23201e-05
3.21674e-05
3.20147e-05
3.19029e-05
3.19135e-05
3.21247e-05
3.23416e-05
3.24046e-05
3.24277e-05
3.23036e-05
3.19538e-05
3.16041e-05
3.1116e-05
3.06065e-05
3.00697e-05
2.95401e-05
2.90338e-05
2.85387e-05
2.80572e-05
2.75954e-05
2.7128e-05
2.66435e-05
2.61564e-05
2.56649e-05
2.51065e-05
2.45726e-05
2.408e-05
2.35972e-05
2.3132e-05
2.26898e-05
2.22922e-05
2.18945e-05
2.15403e-05
2.12249e-05
2.09095e-05
2.06331e-05
2.03827e-05
2.01533e-05
1.99448e-05
1.97521e-05
1.95846e-05
1.94487e-05
1.93159e-05
1.91991e-05
1.91166e-05
1.90508e-05
1.8986e-05
1.89212e-05
1.88751e-05
1.88515e-05
1.88235e-05
1.87962e-05
1.87663e-05
1.87272e-05
1.86782e-05
1.86292e-05
1.85821e-05
1.85348e-05
1.84737e-05
1.84094e-05
1.83484e-05
1.82868e-05
1.82199e-05
1.81479e-05
1.80716e-05
1.79945e-05
1.79187e-05
1.7843e-05
1.77658e-05
1.76813e-05
1.75919e-05
1.75052e-05
1.74242e-05
1.73454e-05
1.72693e-05
1.71994e-05
1.71377e-05
1.70772e-05
1.70182e-05
1.69624e-05
1.69107e-05
1.68611e-05
1.68134e-05
1.6768e-05
1.6726e-05
1.669e-05
1.66609e-05
1.66326e-05
1.66042e-05
1.658e-05
1.6559e-05
1.65399e-05
1.6522e-05
1.65061e-05
1.64924e-05
1.6479e-05
1.64657e-05
1.64526e-05
1.64372e-05
1.6413e-05
1.63863e-05
1.63615e-05
1.63442e-05
1.63275e-05
1.6309e-05
1.62907e-05
1.62746e-05
1.6262e-05
1.62491e-05
1.62356e-05
1.62244e-05
1.62112e-05
1.61944e-05
1.61827e-05
1.61757e-05
1.61673e-05
1.61595e-05
1.61541e-05
1.61503e-05
1.61462e-05
1.61426e-05
1.61379e-05
1.61331e-05
1.61275e-05
1.61232e-05
1.61202e-05
1.61173e-05
1.61146e-05
1.61122e-05
1.611e-05
1.61116e-05
1.6114e-05
1.61145e-05
1.6112e-05
1.6109e-05
1.61056e-05
1.6101e-05
1.60949e-05
1.60924e-05
1.60937e-05
1.60959e-05
1.60962e-05
1.60965e-05
1.60979e-05
1.60965e-05
1.60944e-05
1.60934e-05
1.60929e-05
1.60955e-05
1.61015e-05
1.61078e-05
1.6114e-05
1.6121e-05
1.6131e-05
1.61361e-05
1.61396e-05
1.61468e-05
1.61541e-05
1.61627e-05
1.61714e-05
1.61795e-05
1.61901e-05
1.62e-05
1.62072e-05
1.62135e-05
1.622e-05
1.62292e-05
1.62353e-05
1.62381e-05
1.62391e-05
1.62401e-05
1.62427e-05
1.62502e-05
1.62583e-05
1.62653e-05
1.62747e-05
1.62865e-05
1.62993e-05
1.63122e-05
1.63254e-05
1.63389e-05
1.63525e-05
1.63673e-05
1.63807e-05
1.63923e-05
1.6402e-05
1.64113e-05
1.64211e-05
1.64304e-05
1.64434e-05
1.64594e-05
1.64755e-05
1.6494e-05
1.65099e-05
1.65227e-05
1.6539e-05
1.65566e-05
1.6571e-05
1.65815e-05
1.65957e-05
1.66105e-05
1.66198e-05
1.6628e-05
1.66428e-05
1.66571e-05
1.66695e-05
1.6682e-05
1.66952e-05
1.67083e-05
1.67211e-05
1.67318e-05
1.67415e-05
1.67517e-05
1.67631e-05
1.67778e-05
1.67874e-05
1.67881e-05
1.67877e-05
1.67894e-05
1.67954e-05
1.67998e-05
1.68039e-05
1.6811e-05
1.68194e-05
1.68275e-05
1.68392e-05
1.68557e-05
1.68733e-05
1.68908e-05
1.691e-05
1.69335e-05
1.69596e-05
1.69854e-05
1.70046e-05
1.70144e-05
1.7023e-05
1.70323e-05
1.70409e-05
1.70487e-05
1.70539e-05
1.70585e-05
1.70641e-05
1.70703e-05
1.70786e-05
1.70873e-05
1.70948e-05
1.70996e-05
1.71031e-05
1.71084e-05
1.71155e-05
1.7121e-05
1.7124e-05
1.71278e-05
1.71349e-05
1.71425e-05
1.71504e-05
1.71589e-05
1.717e-05
1.71816e-05
1.71886e-05
1.71917e-05
1.71949e-05
1.71988e-05
1.72016e-05
1.7201e-05
1.72004e-05
1.72009e-05
1.72029e-05
1.72048e-05
1.72104e-05
1.72206e-05
1.72341e-05
1.72497e-05
1.72698e-05
1.72929e-05
1.73182e-05
1.73474e-05
1.73776e-05
1.74079e-05
1.74348e-05
1.74566e-05
1.74752e-05
1.74912e-05
1.75066e-05
1.75199e-05
1.75292e-05
1.75384e-05
1.7547e-05
1.75585e-05
1.75724e-05
1.7587e-05
1.75991e-05
1.7611e-05
1.7624e-05
1.76368e-05
1.76509e-05
1.76667e-05
1.76844e-05
1.77028e-05
1.77215e-05
1.77418e-05
1.77627e-05
1.77826e-05
1.78004e-05
1.78168e-05
1.78358e-05
1.78549e-05
1.78776e-05
1.78957e-05
1.79101e-05
1.79247e-05
1.79358e-05
1.79318e-05
1.79279e-05
1.79464e-05
1.79681e-05
1.79884e-05
1.8003e-05
1.80234e-05
1.80555e-05
1.80916e-05
1.81263e-05
1.81548e-05
1.81819e-05
1.82104e-05
1.82403e-05
1.82692e-05
1.82946e-05
1.83199e-05
1.83463e-05
1.83728e-05
1.83947e-05
1.84168e-05
1.84402e-05
1.84661e-05
1.84919e-05
1.85225e-05
1.85527e-05
1.8581e-05
1.86089e-05
1.86371e-05
1.86661e-05
1.86956e-05
1.87227e-05
1.87485e-05
1.87731e-05
1.87967e-05
1.88183e-05
1.88411e-05
1.88671e-05
1.88922e-05
1.89173e-05
1.89383e-05
1.89621e-05
1.89833e-05
1.90056e-05
1.90273e-05
1.90524e-05
1.90782e-05
1.91027e-05
1.91294e-05
1.91589e-05
1.91886e-05
1.92165e-05
1.92477e-05
1.92856e-05
1.93214e-05
1.93529e-05
1.93786e-05
1.93976e-05
1.94129e-05
1.94282e-05
1.94443e-05
1.94888e-05
1.95565e-05
1.96243e-05
1.96864e-05
1.97369e-05
1.97934e-05
1.98538e-05
1.9911e-05
1.99745e-05
2.0038e-05
2.00852e-05
2.01153e-05
2.01455e-05
2.01983e-05
2.0266e-05
2.03346e-05
2.04119e-05
2.04921e-05
2.05745e-05
2.06537e-05
2.07342e-05
2.08216e-05
2.09155e-05
2.10133e-05
2.11106e-05
2.12079e-05
2.13054e-05
2.1407e-05
2.15082e-05
2.16019e-05
2.16858e-05
2.17634e-05
2.18357e-05
2.19061e-05
2.19711e-05
2.20278e-05
2.2076e-05
2.21153e-05
2.21504e-05
2.21762e-05
2.21892e-05
2.21946e-05
2.21942e-05
2.21976e-05
2.22016e-05
2.22056e-05
2.22005e-05
2.21878e-05
2.21717e-05
2.21546e-05
2.21287e-05
2.20938e-05
2.20526e-05
2.20115e-05
2.19737e-05
2.19402e-05
2.19073e-05
2.18753e-05
2.18434e-05
2.18154e-05
2.17978e-05
2.17747e-05
2.17437e-05
2.17127e-05
2.1675e-05
2.16394e-05
2.1613e-05
2.15883e-05
2.15546e-05
2.1506e-05
2.14623e-05
2.14149e-05
2.13111e-05
2.12073e-05
2.10422e-05
2.08833e-05
2.07545e-05
2.06617e-05
2.05697e-05
2.04376e-05
2.02306e-05
2.00397e-05
1.98681e-05
1.96893e-05
1.94771e-05
1.92753e-05
1.90804e-05
1.89123e-05
1.87712e-05
1.86708e-05
1.86034e-05
1.85423e-05
1.85111e-05
1.85155e-05
1.85428e-05
1.85679e-05
1.85929e-05
1.86495e-05
1.87935e-05
1.90127e-05
1.93737e-05
1.97473e-05
2.01641e-05
2.05865e-05
2.1009e-05
2.17127e-05
2.23377e-05
2.28878e-05
2.34383e-05
2.39999e-05
2.45333e-05
2.50257e-05
2.55791e-05
2.61326e-05
2.68044e-05
2.73852e-05
2.77651e-05
2.80407e-05
2.82414e-05
2.83912e-05
2.8541e-05
2.86365e-05
2.87527e-05
2.89027e-05
2.90479e-05
2.9174e-05
2.92861e-05
2.93739e-05
2.9427e-05
2.95359e-05
2.96948e-05
2.98944e-05
3.01024e-05
3.03122e-05
3.06227e-05
3.10524e-05
3.13791e-05
3.15681e-05
3.1718e-05
3.18094e-05
3.17427e-05
3.13927e-05
3.09171e-05
3.04489e-05
2.99447e-05
2.93525e-05
2.87502e-05
2.80701e-05
2.73869e-05
2.67053e-05
2.59768e-05
2.51694e-05
2.43072e-05
2.34429e-05
2.26787e-05
2.20166e-05
2.14316e-05
2.09042e-05
2.04434e-05
2.00903e-05
1.98122e-05
1.95737e-05
1.93745e-05
1.92078e-05
1.91023e-05
1.90408e-05
1.89919e-05
1.89331e-05
1.88714e-05
1.88453e-05
1.88572e-05
1.88603e-05
1.88448e-05
1.88212e-05
1.88004e-05
1.87873e-05
1.87641e-05
1.87136e-05
1.86264e-05
1.85416e-05
1.84615e-05
1.83738e-05
1.8278e-05
1.81778e-05
1.80947e-05
1.80092e-05
1.79176e-05
1.7797e-05
1.76599e-05
1.7516e-05
1.73889e-05
1.72751e-05
1.71536e-05
1.70009e-05
1.68333e-05
1.66724e-05
1.65156e-05
1.63552e-05
1.61829e-05
1.60048e-05
1.58325e-05
1.56653e-05
1.54984e-05
1.53259e-05
1.5152e-05
1.49825e-05
1.48208e-05
1.46664e-05
1.4516e-05
1.43769e-05
1.42428e-05
1.41223e-05
1.40081e-05
1.39077e-05
1.3825e-05
1.37518e-05
1.36909e-05
1.36401e-05
1.36003e-05
1.35663e-05
1.35374e-05
1.35171e-05
1.35086e-05
1.35116e-05
1.35188e-05
1.35303e-05
1.35482e-05
1.35716e-05
1.36038e-05
1.36428e-05
1.36849e-05
1.37265e-05
1.37684e-05
1.38131e-05
1.38619e-05
1.3914e-05
1.39657e-05
1.40154e-05
1.40634e-05
1.41112e-05
1.41595e-05
1.42064e-05
1.42509e-05
1.42916e-05
1.43298e-05
1.43628e-05
1.43943e-05
1.44232e-05
1.44488e-05
1.44684e-05
1.44851e-05
1.44983e-05
1.45099e-05
1.45179e-05
1.45229e-05
1.45261e-05
1.45263e-05
1.45221e-05
1.45146e-05
1.45064e-05
1.44975e-05
1.44878e-05
1.4476e-05
1.44612e-05
1.44442e-05
1.4427e-05
1.44093e-05
1.43897e-05
1.43675e-05
1.43434e-05
1.43188e-05
1.42942e-05
1.42697e-05
1.42447e-05
1.42192e-05
1.4194e-05
1.41702e-05
1.41487e-05
1.41292e-05
1.41108e-05
1.40928e-05
1.40749e-05
1.40583e-05
1.40434e-05
1.40294e-05
1.40159e-05
1.40035e-05
1.39923e-05
1.39818e-05
1.39713e-05
1.39612e-05
1.39535e-05
1.39474e-05
1.39436e-05
1.39425e-05
1.39433e-05
1.39456e-05
1.39476e-05
1.39486e-05
1.39491e-05
1.39516e-05
1.39551e-05
1.39583e-05
1.39591e-05
1.3959e-05
1.39578e-05
1.39561e-05
1.39546e-05
1.39524e-05
1.39488e-05
1.39422e-05
1.3936e-05
1.39314e-05
1.39279e-05
1.39238e-05
1.39185e-05
1.39105e-05
1.38994e-05
1.3887e-05
1.38742e-05
1.38591e-05
1.3841e-05
1.3821e-05
1.37993e-05
1.37746e-05
1.37485e-05
1.37215e-05
1.36942e-05
1.36666e-05
1.36379e-05
1.36079e-05
1.35794e-05
1.35521e-05
1.3527e-05
1.35025e-05
1.34782e-05
1.34535e-05
1.34305e-05
1.3415e-05
1.34045e-05
1.33956e-05
1.33869e-05
1.33793e-05
1.33751e-05
1.33747e-05
1.33756e-05
1.33781e-05
1.33809e-05
1.33844e-05
1.33902e-05
1.33992e-05
1.34113e-05
1.34252e-05
1.34394e-05
1.3453e-05
1.34647e-05
1.34755e-05
1.34858e-05
1.34968e-05
1.35075e-05
1.35164e-05
1.35213e-05
1.35247e-05
1.35262e-05
1.35268e-05
1.35258e-05
1.35215e-05
1.35159e-05
1.35087e-05
1.35006e-05
1.34908e-05
1.34786e-05
1.34642e-05
1.34471e-05
1.34289e-05
1.34091e-05
1.33831e-05
1.33525e-05
1.33159e-05
1.32786e-05
1.32421e-05
1.32059e-05
1.31684e-05
1.31289e-05
1.30891e-05
1.30497e-05
1.30146e-05
1.29827e-05
1.29529e-05
1.29241e-05
1.28995e-05
1.28771e-05
1.28588e-05
1.28458e-05
1.28352e-05
1.28276e-05
1.28248e-05
1.28258e-05
1.28313e-05
1.28417e-05
1.28565e-05
1.28732e-05
1.28948e-05
1.29211e-05
1.29506e-05
1.29831e-05
1.30156e-05
1.3047e-05
1.30769e-05
1.3106e-05
1.31341e-05
1.31603e-05
1.31836e-05
1.32009e-05
1.3209e-05
1.32133e-05
1.32174e-05
1.32226e-05
1.32272e-05
1.32257e-05
1.32174e-05
1.32055e-05
1.3191e-05
1.31766e-05
1.3159e-05
1.31345e-05
1.31068e-05
1.30735e-05
1.3038e-05
1.30026e-05
1.29649e-05
1.29257e-05
1.28852e-05
1.2846e-05
1.28148e-05
1.27889e-05
1.27645e-05
1.27403e-05
1.27165e-05
1.26963e-05
1.26862e-05
1.26876e-05
1.26956e-05
1.27044e-05
1.2716e-05
1.27341e-05
1.27587e-05
1.27859e-05
1.28157e-05
1.28466e-05
1.28762e-05
1.29054e-05
1.29338e-05
1.29599e-05
1.29843e-05
1.30037e-05
1.30137e-05
1.30205e-05
1.30207e-05
1.3017e-05
1.30105e-05
1.29981e-05
1.29787e-05
1.29516e-05
1.29206e-05
1.28846e-05
1.28444e-05
1.27943e-05
1.27413e-05
1.26883e-05
1.26449e-05
1.26046e-05
1.25664e-05
1.25256e-05
1.24842e-05
1.24591e-05
1.24505e-05
1.24515e-05
1.24677e-05
1.24869e-05
1.25155e-05
1.25542e-05
1.26061e-05
1.26665e-05
1.27277e-05
1.27887e-05
1.28485e-05
1.29107e-05
1.29731e-05
1.30323e-05
1.30819e-05
1.31244e-05
1.31647e-05
1.32022e-05
1.32344e-05
1.32581e-05
1.32695e-05
1.32756e-05
1.32736e-05
1.32663e-05
1.32767e-05
1.33509e-05
1.35061e-05
1.36862e-05
1.38733e-05
1.40562e-05
1.42239e-05
1.43791e-05
1.45397e-05
1.47068e-05
1.48758e-05
1.50168e-05
1.51181e-05
1.52091e-05
1.53087e-05
1.54326e-05
1.55739e-05
1.5724e-05
1.58883e-05
1.6073e-05
1.62821e-05
1.65001e-05
1.67377e-05
1.69984e-05
1.72705e-05
1.75365e-05
1.77924e-05
1.80312e-05
1.82664e-05
1.84927e-05
1.87101e-05
1.89111e-05
1.90729e-05
1.92259e-05
1.9361e-05
1.94727e-05
1.95606e-05
1.96173e-05
1.96438e-05
1.96537e-05
1.96551e-05
1.9638e-05
1.95968e-05
1.95463e-05
1.94827e-05
1.9399e-05
1.93014e-05
1.91975e-05
1.90867e-05
1.89727e-05
1.88495e-05
1.8714e-05
1.8573e-05
1.84286e-05
1.8283e-05
1.81362e-05
1.79907e-05
1.78466e-05
1.77072e-05
1.7574e-05
1.74457e-05
1.73249e-05
1.72118e-05
1.71056e-05
1.70048e-05
1.69131e-05
1.68326e-05
1.6761e-05
1.66954e-05
1.66365e-05
1.65852e-05
1.65414e-05
1.65002e-05
1.64636e-05
1.64325e-05
1.6405e-05
1.63828e-05
1.63649e-05
1.63494e-05
1.63346e-05
1.63221e-05
1.63145e-05
1.63102e-05
1.63088e-05
1.63066e-05
1.63005e-05
1.6293e-05
1.62868e-05
1.62826e-05
1.62789e-05
1.62745e-05
1.62671e-05
1.62579e-05
1.62482e-05
1.62384e-05
1.62286e-05
1.62186e-05
1.62075e-05
1.61943e-05
1.61797e-05
1.61642e-05
1.6147e-05
1.61289e-05
1.61077e-05
1.60841e-05
1.60597e-05
1.6035e-05
1.60105e-05
1.59854e-05
1.59596e-05
1.59333e-05
1.59067e-05
1.58804e-05
1.58552e-05
1.58305e-05
1.5806e-05
1.57817e-05
1.5758e-05
1.57347e-05
1.57117e-05
1.56889e-05
1.56667e-05
1.56454e-05
1.56253e-05
1.56056e-05
1.55868e-05
1.55683e-05
1.55501e-05
1.5532e-05
1.5514e-05
1.54966e-05
1.54795e-05
1.54631e-05
1.54472e-05
1.54308e-05
1.54141e-05
1.53981e-05
1.53833e-05
1.53695e-05
1.53558e-05
1.53414e-05
1.53261e-05
1.53114e-05
1.52979e-05
1.52851e-05
1.52712e-05
1.52563e-05
1.52412e-05
1.52272e-05
1.52147e-05
1.52023e-05
1.51893e-05
1.51744e-05
1.51596e-05
1.51454e-05
1.51323e-05
1.51196e-05
1.51061e-05
1.50917e-05
1.50762e-05
1.50606e-05
1.5045e-05
1.50293e-05
1.50132e-05
1.49964e-05
1.49794e-05
1.49624e-05
1.49455e-05
1.49281e-05
1.49104e-05
1.48924e-05
1.48744e-05
1.48568e-05
1.48399e-05
1.48237e-05
1.48078e-05
1.47924e-05
1.47779e-05
1.47637e-05
1.47498e-05
1.47364e-05
1.47233e-05
1.47107e-05
1.46987e-05
1.46871e-05
1.46745e-05
1.46617e-05
1.46491e-05
1.46371e-05
1.46261e-05
1.46151e-05
1.46036e-05
1.45923e-05
1.45813e-05
1.45714e-05
1.45646e-05
1.45596e-05
1.45547e-05
1.45478e-05
1.45387e-05
1.45301e-05
1.45222e-05
