-7.44165
-7.44165
-7.44165
-7.44166
-7.44168
-7.44171
-7.44177
-7.44186
-7.44198
-7.44214
-7.44232
-7.44255
-7.44282
-7.44315
-7.44353
-7.44398
-7.44448
-7.44506
-7.4457
-7.44641
-7.4472
-7.44807
-7.44902
-7.45005
-7.45117
-7.45237
-7.45366
-7.45504
-7.4565
-7.45806
-7.4597
-7.46143
-7.46325
-7.46515
-7.46714
-7.46919
-7.47133
-7.47354
-7.47582
-7.47815
-7.48056
-7.48301
-7.48549
-7.48802
-7.49058
-7.49319
-7.49583
-7.49847
-7.50112
-7.50375
-7.50639
-7.50901
-7.5116
-7.51416
-7.5167
-7.5192
-7.52158
-7.52392
-7.52621
-7.52842
-7.53054
-7.53257
-7.53448
-7.53629
-7.53798
-7.53954
-7.54098
-7.54228
-7.54341
-7.54437
-7.54517
-7.54579
-7.54616
-7.54601
-7.54538
-7.54452
-7.54343
-7.54215
-7.54064
-7.53892
-7.53696
-7.53479
-7.53245
-7.52988
-7.52707
-7.52405
-7.52079
-7.51735
-7.51369
-7.50981
-7.50574
-7.50146
-7.49698
-7.49231
-7.48746
-7.48241
-7.47714
-7.47171
-7.46607
-7.46028
-7.4543
-7.44816
-7.44191
-7.43548
-7.42894
-7.42217
-7.41531
-7.40826
-7.40112
-7.39382
-7.38639
-7.37883
-7.37117
-7.36332
-7.35538
-7.34736
-7.33922
-7.33094
-7.32253
-7.31404
-7.30541
-7.29673
-7.28791
-7.27899
-7.26998
-7.26086
-7.25164
-7.24231
-7.23292
-7.22342
-7.21386
-7.20417
-7.19441
-7.18454
-7.17465
-7.16465
-7.15459
-7.14441
-7.13414
-7.12384
-7.11343
-7.103
-7.09246
-7.08189
-7.07121
-7.06047
-7.04964
-7.03876
-7.02785
-7.01693
-7.00601
-6.99487
-6.98364
-6.97237
-6.96107
-6.94969
-6.93825
-6.92675
-6.91519
-6.90359
-6.89191
-6.88021
-6.86843
-6.85661
-6.8448
-6.8329
-6.82094
-6.80895
-6.79689
-6.78482
-6.77266
-6.76051
-6.74828
-6.736
-6.72371
-6.71142
-6.69902
-6.68661
-6.67416
-6.66163
-6.64906
-6.63648
-6.62387
-6.61123
-6.59857
-6.58585
-6.57311
-6.56029
-6.54746
-6.5346
-6.52172
-6.50883
-6.4959
-6.48295
-6.46996
-6.45691
-6.44386
-6.43075
-6.41764
-6.4045
-6.39137
-6.37819
-6.36499
-6.35176
-6.3385
-6.32521
-6.31191
-6.29859
-6.28528
-6.27189
-6.25853
-6.2451
-6.23168
-6.21821
-6.20474
-6.19122
-6.1777
-6.16419
-6.15062
-6.13706
-6.12347
-6.10985
-6.09624
-6.0826
-6.06894
-6.05527
-6.04156
-6.02787
-6.01416
-6.00045
-5.98667
-5.97294
-5.95916
-5.94538
-5.93159
-5.91776
-5.90394
-5.8901
-5.87624
-5.86238
-5.84851
-5.83463
-5.82079
-5.80689
-5.79297
-5.77905
-5.76512
-5.75118
-5.73725
-5.72331
-5.70936
-5.69542
-5.68145
-5.66747
-5.65351
-5.63954
-5.62554
-5.61158
-5.5976
-5.58359
-5.5696
-5.55559
-5.54163
-5.52762
-5.51364
-5.49966
-5.48567
-5.47167
-5.45768
-5.44369
-5.4297
-5.4157
-5.40174
-5.38773
-5.37378
-5.3598
-5.34585
-5.33189
-5.31794
-5.30399
-5.29006
-5.27611
-5.26216
-5.24824
-5.23432
-5.22041
-5.2065
-5.19262
-5.17875
-5.16489
-5.15104
-5.13719
-5.12343
-5.10962
-5.09583
-5.08204
-5.06823
-5.05447
-5.04071
-5.02702
-5.01332
-4.99965
-4.98594
-4.97232
-4.95867
-4.94506
-4.93144
-4.91784
-4.90425
-4.89068
-4.87715
-4.86365
-4.85017
-4.83673
-4.8233
-4.80991
-4.79653
-4.78318
-4.76984
-4.75651
-4.7432
-4.72992
-4.71669
-4.70349
-4.69032
-4.67718
-4.66405
-4.65095
-4.63791
-4.62487
-4.61187
-4.59891
-4.58597
-4.57306
-4.56022
-4.54736
-4.53456
-4.52178
-4.50904
-4.49632
-4.48364
-4.47102
-4.4584
-4.44581
-4.43328
-4.42079
-4.40838
-4.39597
-4.38362
-4.37127
-4.35896
-4.34675
-4.33456
-4.32241
-4.31029
-4.29824
-4.28622
-4.27421
-4.26225
-4.25034
-4.23849
-4.22671
-4.21494
-4.20319
-4.19152
-4.17991
-4.16838
-4.15691
-4.14544
-4.13404
-4.12266
-4.11134
-4.10007
-4.08884
-4.07763
-4.06652
-4.05549
-4.04451
-4.03356
-4.02264
-4.01181
-4.001
-3.99026
-3.97959
-3.96898
-3.95845
-3.94797
-3.93756
-3.9272
-3.91686
-3.9066
-3.89644
-3.88629
-3.8762
-3.86621
-3.85623
-3.84639
-3.83655
-3.82679
-3.81706
-3.80737
-3.79776
-3.78821
-3.77877
-3.76937
-3.76003
-3.75076
-3.74154
-3.73234
-3.72323
-3.7142
-3.70524
-3.69639
-3.68755
-3.67879
-3.67008
-3.66148
-3.65293
-3.64445
-3.63601
-3.62764
-3.61931
-3.61104
-3.60285
-3.59477
-3.58679
-3.57885
-3.57098
-3.56316
-3.55545
-3.54777
-3.54016
-3.5326
-3.52512
-3.51772
-3.51038
-3.50313
-3.49597
-3.48888
-3.48188
-3.47491
-3.46794
-3.46096
-3.45399
-3.44702
-3.44036
-3.43371
-3.42719
-3.42075
-3.41436
-3.40806
-3.40214
-3.39614
-3.39016
-3.38415
-3.37815
-3.37216
-3.36618
-3.36026
-3.35443
-3.34868
-3.34303
-3.33738
-3.33195
-3.32657
-3.32128
-3.31604
-3.31085
-3.30572
-3.30068
-3.29566
-3.29072
-3.28584
-3.28098
-3.27617
-3.2714
-3.26666
-3.26193
-3.25727
-3.25261
-3.24799
-3.24343
-3.23888
-3.23434
-3.22982
-3.22529
-3.22078
-3.21626
-3.21175
-3.20723
-3.20269
-3.19815
-3.19361
-3.18903
-3.18444
-3.17983
-3.17518
-3.17051
-3.1658
-3.16104
-3.15625
-3.15144
-3.14654
-3.1416
-3.13661
-3.13154
-3.12501
-3.11841
-3.11174
-3.10495
-3.09804
-3.0911
-3.08406
-3.07694
-3.06974
-3.06249
-3.05515
-3.04773
-3.04023
-3.03263
-3.02499
-3.01725
-3.00944
-3.00155
-2.99355
-2.98548
-2.97734
-2.96912
-2.96081
-2.9524
-2.94396
-2.93541
-2.92679
-2.91809
-2.90934
-2.90055
-2.89168
-2.88274
-2.87373
-2.8647
-2.85561
-2.8464
-2.83714
-2.82781
-2.81842
-2.80901
-2.79954
-2.79002
-2.7804
-2.77075
-2.76104
-2.75128
-2.74144
-2.73157
-2.72165
-2.7117
-2.70172
-2.69171
-2.68166
-2.67155
-2.66144
-2.65128
-2.64108
-2.63086
-2.62058
-2.61029
-2.59994
-2.58958
-2.5792
-2.56881
-2.55835
-2.54789
-2.53742
-2.52694
-2.51647
-2.50599
-2.49552
-2.48504
-2.47443
-2.46379
-2.45314
-2.4425
-2.43185
-2.4212
-2.41055
-2.39991
-2.38926
-2.37861
-2.36797
-2.35732
-2.34667
-2.33602
-2.32538
-2.31473
-2.30408
-2.29343
-2.28249
-2.27155
-2.26061
-2.24959
-2.23858
-2.22756
-2.21655
-2.20554
-2.19452
-2.18351
-2.17249
-2.16148
-2.15046
-2.13945
-2.12844
-2.11742
-2.10641
-2.09539
-2.08438
-2.07337
-2.06212
-2.05087
-2.03961
-2.02836
-2.0171
-2.00572
-1.99434
-1.98296
-1.97153
-1.96008
-1.9486
-1.93712
-1.92563
-1.91415
-1.90264
-1.89113
-1.87963
-1.86805
-1.85648
-1.84491
-1.83334
-1.82169
-1.81005
-1.79839
-1.78669
-1.77499
-1.7633
-1.7516
-1.73991
-1.72821
-1.71647
-1.70475
-1.69303
-1.68131
-1.66959
-1.65786
-1.64613
-1.6344
-1.62267
-1.61094
-1.59912
-1.58734
-1.57556
-1.5638
-1.55204
-1.54024
-1.52843
-1.51664
-1.50484
-1.49304
-1.48124
-1.46946
-1.45767
-1.44588
-1.4341
-1.42231
-1.41052
-1.3987
-1.38691
-1.37513
-1.36335
-1.35158
-1.33981
-1.32808
-1.31635
-1.30462
-1.29289
-1.28116
-1.26943
-1.2577
-1.24597
-1.23424
-1.22251
-1.21077
-1.19904
-1.18731
-1.17558
-1.16385
-1.15212
-1.14039
-1.12866
-1.11693
-1.1052
-1.09347
-1.08174
-1.07001
-1.05828
-1.04655
-1.03482
-1.02309
-1.01136
-0.999625
-0.987894
-0.976163
-0.964433
-0.952702
-0.940971
-0.929241
-0.91751
-0.90578
-0.894049
-0.882318
-0.870588
-0.858857
-0.847127
-0.835396
-0.823665
-0.811935
-0.800204
-0.788474
-0.776743
-0.765012
-0.753282
-0.741551
-0.72982
-0.71809
-0.706359
-0.694629
-0.682898
-0.671167
-0.659437
-0.647706
-0.635976
-0.624245
-0.612514
-0.600784
-0.589053
-0.577323
-0.565592
-0.553861
-0.542131
-0.5304
-0.518669
-0.508192
-0.497779
-0.487419
-0.477212
-0.46705
-0.456927
-0.446828
-0.43671
-0.426603
-0.416507
-0.406443
-0.396423
-0.386439
-0.376483
-0.366548
-0.356611
-0.346671
-0.336751
-0.326831
-0.316899
-0.306967
-0.297101
-0.28724
-0.277391
-0.267605
-0.257824
-0.248078
-0.238363
-0.228672
-0.218998
-0.209324
-0.1997
-0.190105
-0.180503
-0.170931
-0.161386
-0.151815
-0.142308
-0.132849
-0.123427
-0.114053
-0.104703
-0.095347
-0.0860202
-0.0767267
-0.0674066
-0.0580849
-0.0488238
-0.0396062
-0.0304223
-0.0212866
-0.0121847
-0.00311346
0.00589874
0.0148997
0.0238701
0.0327805
0.0416697
0.0505514
0.0593496
0.0681135
0.0768336
0.0855098
0.0941498
0.102758
0.111384
0.119939
0.128437
0.136909
0.145347
0.153752
0.162121
0.170448
0.17872
0.186957
0.195173
0.203331
0.211445
0.219535
0.227599
0.23561
0.243542
0.251429
0.259294
0.267079
0.274814
0.282532
0.290184
0.297796
0.305374
0.312871
0.320324
0.32773
0.335086
0.342384
0.349654
0.35691
0.364143
0.371319
0.378474
0.385567
0.392595
0.399578
0.406508
0.413397
0.42021
0.426977
0.433715
0.440415
0.447025
0.453606
0.460139
0.466629
0.473082
0.479504
0.485858
0.492138
0.49838
0.50457
0.510704
0.516776
0.522797
0.528763
0.534664
0.540508
0.54631
0.552085
0.557833
0.563497
0.569127
0.574713
0.580227
0.58571
0.591152
0.596526
0.601847
0.607129
0.61236
0.617516
0.623541
0.629516
0.635455
0.641373
0.647255
0.653067
0.658839
0.664612
0.670384
0.675969
0.681467
0.686907
0.692347
0.697787
0.703227
0.707895
0.712566
0.717269
0.721991
0.726739
0.731506
0.736286
0.741026
0.745702
0.750293
0.754814
0.759238
0.763561
0.767815
0.772004
0.776122
0.780175
0.784166
0.788116
0.792019
0.795863
0.799654
0.803401
0.807093
0.810735
0.814329
0.817885
0.821402
0.824861
0.828294
0.831693
0.835045
0.838344
0.841601
0.844793
0.847929
0.851025
0.854076
0.857065
0.860019
0.862974
0.865818
0.868634
0.871431
0.874193
0.87691
0.879589
0.882235
0.884852
0.887432
0.889965
0.892459
0.894898
0.897306
0.899661
0.902003
0.904277
0.906499
0.908697
0.910895
0.913093
0.915187
0.917251
0.919315
0.92131
0.923294
0.925228
0.927122
0.92898
0.93082
0.932661
0.934439
0.936217
0.937948
0.93965
0.941351
0.943053
0.944664
0.946225
0.94778
0.949334
0.950814
0.952294
0.953719
0.955143
0.956531
0.957893
0.959253
0.960594
0.961896
0.963174
0.964423
0.965645
0.966848
0.968006
0.969161
0.9703
0.971407
0.972485
0.973562
0.974595
0.975628
0.976627
0.977606
0.978578
0.97952
0.980448
0.981336
0.982202
0.98306
0.98391
0.984723
0.985518
0.986298
0.987079
0.98786
0.98859
0.989333
0.990051
0.990748
0.991445
