0.418935
0.594146
0.696544
0.552014
0.286709
0.404644
0.322881
0.492746
0.613724
0.560822
0.441842
0.464238
0.429196
0.418749
0.584519
0.436937
0.261767
0.557901
0.264652
0.554398
0.256515
0.546388
0.541553
0.252499
0.244662
0.529023
0.524676
0.235632
0.512277
0.373886
0.223766
0.499742
0.354333
0.360807
0.212862
0.336151
0.333848
0.204559
0.322089
0.32468
0.331507
0.188321
0.330836
0.19634
0.188258
0.311069
0.436226
0.431719
0.430312
0.30677
0.286094
0.180652
0.293337
0.280363
0.394233
0.155428
0.154162
0.389044
0.266321
0.141493
0.13384
0.134736
0.261713
0.238781
0.25398
0.0132506
0.345377
0.23988
0.123866
0.233647
0.112631
0.227482
0.20916
0.207791
0.221832
0.219904
0.308426
0.202718
0.208945
0.401631
0.083855
0.197696
0.186915
0.1716
0.1827
0.185728
0.17615
0.173503
0.156985
0.16577
0.173059
0.15429
0.250434
0.155735
0.063867
0.153662
0.146491
0.229751
0.0369611
0.233271
0.225189
0.128715
0.133587
0.218962
0.124125
0.108316
0.121249
0.11885
0.114513
0.00589599
0.112573
0.0118681
0.0916749
0.174563
0.0872028
0.0040532
0.182445
0.0886065
-0.00460452
0.0894145
0.169611
0.0735828
0.00431321
-0.0916672
0.0782378
0.0642015
-0.0181255
0.0609146
0.0718298
-0.00906001
0.0484372
0.0597608
0.138324
-0.10344
-0.0249504
0.0652544
0.0553894
-0.0278126
0.0700508
0.0396268
0.0571718
0.050756
0.121278
0.114562
0.0204862
-0.0409681
0.0411174
0.0406191
-0.0545752
-0.0515986
0.0342061
0.0325193
0.106089
0.0187741
0.0342749
0.0150277
0.0152087
0.0843188
0.00902861
-0.133662
-0.0667463
-0.0683816
-0.140214
0.07507
-0.0695344
-0.000612409
-0.0685382
-0.063067
-0.00379623
0.0190632
-0.0662994
-0.0751983
0.00893668
-0.145724
-0.0524438
-0.0891438
0.0145829
-0.0123211
-0.0764614
-0.0123045
-0.0790098
-0.081601
-0.014724
-0.0796583
-0.159759
-0.0171932
-0.0171761
-0.08896
-0.110359
-0.0948241
-0.0772752
-0.0188792
-0.108357
-0.0917999
-0.0345401
-0.00906643
-0.115565
-0.0961449
-0.0199113
-0.105238
-0.094029
-0.0387694
-0.0949064
0.0651482
-0.122264
-0.0266719
-0.0348799
-0.11703
-0.0439365
-0.114151
-0.0265767
-0.0446065
-0.136266
-0.0282527
-0.0495724
-0.121086
-0.122845
-0.125726
-0.0455272
-0.147681
-0.0367109
-0.119078
-0.0655884
-0.129506
-0.241983
-0.0449234
-0.155135
-0.00403291
-0.13472
-0.0446475
-0.148543
-0.0248287
-0.148133
-0.0235585
-0.142088
-0.030578
-0.0501864
-0.0533775
0.0783966
-0.140859
-0.140859
-0.122133
-0.144587
-0.119843
-0.136022
-0.0167609
-0.00830042
-0.12926
-0.100772
-0.0308446
-0.103186
-0.0347569
-0.0216947
0.00682506
-0.112483
0.00134813
-0.119194
-0.119194
0.0292843
-0.0910165
0.00151521
-0.0968066
0.0341082
-0.0911607
-0.0840782
0.143011
0.00857536
-0.00177692
-0.0889911
-0.0908774
0.00550041
0.117625
-0.00144755
0.0155478
0.0236398
-0.102911
-0.0965557
0.0185334
0.0212581
0.0216461
0.0234266
0.0247516
-0.0860102
-0.109944
-0.106298
-0.109944
-0.00487017
0.0165403
-0.078415
0.0238538
0.033105
0.0238538
-0.083653
0.15352
0.0372504
0.269187
0.137535
-0.0742099
0.033936
0.151174
0.0297856
0.0083576
0.0238014
0.0196224
0.0154377
-0.102628
0.00781908
-0.08673
-0.0956315
0.117634
-0.128603
0.00748982
-0.0826775
-0.0901162
-0.0951465
0.0173728
0.0253004
0.0293778
0.030871
0.147635
-0.106872
-0.10267
0.132223
-0.0878345
-0.0831665
0.0252848
0.0143684
-0.104314
-0.0800817
-0.0800817
-0.104314
-0.104314
0.0237474
0.137288
0.0387162
0.0397475
0.0550289
0.149978
-0.0776849
0.149978
0.0312674
0.15336
0.0345619
-0.0724237
0.0434289
-0.0928634
-0.109366
-0.109366
0.132858
-0.0861454
0.0226698
-0.0910981
0.0177111
-0.0820428
0.00391705
0.0248491
0.0219246
0.150753
-0.0869998
0.0311983
0.0311983
0.00821876
0.00821876
0.140543
0.00821876
0.149089
-0.090283
0.0195283
0.0162281
0.127104
0.0171452
0.12807
-0.0910206
0.124889
-0.113986
-0.122394
0.0124749
0
0
0
0
0
0
0
0
0
0
0
0
0
0
0
0
0
0
0
0
0
0
0
0
0
0
0
0
0
0
0
0
0
0
0
0
0
0
0
0
0
0
0
0
0
0
0
0
0
0
0
0
0
0
0
0
0
0
0
0
0
0
0
0
0
0
0
0
0
0
0
0
0
0
0
0
0
0
0
0
0
0
0
0
0
0
0
0
0
0
0
0
0
0
0
0
0
0
0
0
0
0
0
0
0
0
0
0
0
0
0
0
0
0
0
0
0
0
0
0
0
0
0
0
0
0
0
0
0
0
0
0
0
0
0
0
0
0
0
0
0
0
0
0
0
0
0
0
0
0
0
0
0
0
0
0
0
0
0
0
0
0
0
0
0
0
0
0
0
0
0
0
0
0
0
0
0
0
0
0
0
0
0
0
0
0
0
0
0
0
0
0
0
0
0
0
0
0
0
0
0
0
0
0
0
0
0
0
0
0
0
0
0
0
0
0
0
0
0
0
0
0
0
0
0
0
0
0
0
0
0
0
0
0
0
0
0
0
0
0
0
0
0
0
0
0
0
0
0
0
0
0
0
0
0
0
0
0
0
0
0
0
0
0
0
0
0
0
0
0
0
0
0
0
0
0
0
0
0
0
0
0
0
0
0
0
0
0
0
0
0
0
0
0
0
0
0
0
0
0
0
0
0
0
0
0
0
0
0
0
0
0
0
0
0
0
0
0
0
0
0
0
0
0
0
0
0
0
0
0
0
0
0
0
0
0
0
0
0
0
0
0
0
0
0
0
0
0
0
0
0
0
0
0
0
0
0
0
0
0
0
0
0
0
0
0
0
0
0
0
0
0
0
0
0
0
0
0
0
0
0
0
0
0
0
0
0
0
0
0
0
0
0
0
0
0
0
0
0
0
0
0
0
0
0
0
0
0
0
0
0
0
0
0
0
0
0
0
0
0
0
0
0
0
0
0
0
0
0
0
0
0
0
0
0
0
0
0
0
0
0
0
0
0
0
0
0
0
0
0
0
0
0
0
0
0
0
0
0
0
0
0
0
0
0
0
0
0
0
0
0
0
0
0
0
0
0
0
0
0
0
0
0
0
0
0
0
0
0
0
0
0
0
0
0
0
0
0
0
0
0
0
0
