0.909266
0.909266
0.909266
0.909267
0.909269
0.90927
0.909274
0.909281
0.909291
0.909308
0.909329
0.909355
0.909385
0.909421
0.909463
0.909513
0.909571
0.909636
0.90971
0.909786
0.90987
0.909951
0.910052
0.910159
0.910291
0.910434
0.910561
0.910698
0.910861
0.911035
0.911204
0.911413
0.911629
0.911838
0.912094
0.91237
0.912646
0.912939
0.913264
0.913593
0.913948
0.914327
0.91463
0.914989
0.915439
0.915783
0.916178
0.916619
0.91707
0.917481
0.917912
0.918386
0.918877
0.919365
0.919884
0.92041
0.921002
0.921587
0.922258
0.92286
0.923474
0.924026
0.924672
0.925347
0.926155
0.92687
0.927596
0.928418
0.929282
0.930077
0.930877
0.931686
0.932534
0.933389
0.934249
0.935115
0.935976
0.936971
0.937834
0.93874
0.939773
0.94077
0.941748
0.94277
0.94365
0.944666
0.945679
0.946802
0.947871
0.948949
0.949987
0.951135
0.952334
0.953539
0.954684
0.955675
0.9568
0.957954
0.959037
0.960143
0.961403
0.96249
0.963624
0.96482
0.965943
0.967236
0.968356
0.969373
0.970659
0.971795
0.972965
0.974178
0.975336
0.97653
0.977791
0.978999
0.98016
0.981298
0.982475
0.983574
0.984752
0.985864
0.987135
0.988325
0.989478
0.99065
0.991692
0.992866
0.994065
0.995355
0.996581
0.997882
0.999124
1.00031
1.00156
1.00271
1.00388
1.00513
1.00653
1.00775
1.00907
1.01032
1.01154
1.01293
1.01424
1.01545
1.01667
1.01796
1.01926
1.0205
1.02179
1.02317
1.02451
1.02575
1.02694
1.02829
1.02959
1.03093
1.0323
1.03366
1.03498
1.03639
1.03773
1.03914
1.0404
1.04184
1.04316
1.04452
1.0459
1.04723
1.04851
1.04998
1.05147
1.0528
1.0541
1.05546
1.05693
1.05838
1.05983
1.06126
1.06271
1.06417
1.06563
1.06704
1.06841
1.06978
1.07121
1.07258
1.07406
1.07552
1.07689
1.0783
1.07978
1.08122
1.08271
1.0842
1.08564
1.0872
1.08863
1.09014
1.09167
1.0933
1.09469
1.09622
1.09771
1.09918
1.10077
1.10231
1.10388
1.10553
1.10707
1.10871
1.11027
1.11188
1.11339
1.11495
1.11645
1.11801
1.11963
1.1212
1.12291
1.12451
1.12622
1.12786
1.12947
1.13112
1.13267
1.13431
1.13592
1.13756
1.13926
1.14097
1.14268
1.14432
1.14607
1.14783
1.14948
1.15113
1.15282
1.15454
1.15622
1.15797
1.15964
1.16137
1.16306
1.1648
1.16648
1.1682
1.16988
1.1717
1.17346
1.17518
1.17692
1.1787
1.18037
1.18207
1.18385
1.18565
1.18734
1.1891
1.19085
1.19253
1.19422
1.19597
1.19773
1.1994
1.20111
1.20293
1.20479
1.20661
1.20844
1.21016
1.2119
1.21374
1.21552
1.21731
1.21908
1.22076
1.22252
1.22437
1.22618
1.22788
1.2297
1.23147
1.2333
1.23511
1.23683
1.23863
1.24034
1.24211
1.24389
1.24558
1.24731
1.24897
1.25065
1.25244
1.2541
1.25576
1.25743
1.25909
1.26079
1.26253
1.26417
1.26577
1.26746
1.2692
1.27084
1.27256
1.27424
1.27587
1.2775
1.27902
1.28062
1.28221
1.28378
1.28527
1.28689
1.28836
1.28988
1.29129
1.2928
1.29426
1.29576
1.29728
1.29873
1.30019
1.30161
1.30304
1.30439
1.30576
1.30709
1.30852
1.30989
1.31124
1.31262
1.31403
1.31531
1.31667
1.31799
1.31934
1.32069
1.32199
1.32326
1.32457
1.32581
1.32699
1.3282
1.32937
1.33048
1.33162
1.33279
1.33392
1.33506
1.33622
1.33723
1.3382
1.33921
1.34026
1.34128
1.34224
1.34325
1.3443
1.34527
1.34629
1.34727
1.34827
1.34915
1.35004
1.35093
1.35178
1.3527
1.35357
1.35447
1.35525
1.35611
1.35702
1.3578
1.35861
1.35942
1.36019
1.36101
1.36167
1.36246
1.36314
1.36382
1.3645
1.36523
1.36595
1.36659
1.36724
1.36789
1.36845
1.36912
1.36979
1.37038
1.37105
1.37159
1.37211
1.37263
1.37318
1.37378
1.37431
1.37489
1.37547
1.37593
1.37641
1.37685
1.37729
1.37783
1.37825
1.37879
1.37925
1.37966
1.38011
1.38053
1.38095
1.38142
1.38188
1.38226
1.38265
1.383
1.3833
1.38373
1.38416
1.38454
1.38485
1.38515
1.38552
1.38587
1.38618
1.38644
1.38682
1.38713
1.38744
1.38765
1.38799
1.38834
1.3886
1.38887
1.38913
1.38944
1.38975
1.38996
1.39019
1.3905
1.39076
1.39103
1.39125
1.39147
1.3917
1.39198
1.39219
1.39243
1.39268
1.3929
1.39305
1.39319
1.39334
1.39361
1.39377
1.39393
1.39414
1.39426
1.39434
1.39442
1.39462
1.39484
1.39506
1.39522
1.39542
1.39554
1.39567
1.39579
1.39593
1.39608
1.39622
1.39631
1.39641
1.39652
1.39662
1.39668
1.39676
1.39676
1.39676
1.39677
1.39677
1.39679
1.3968
1.39683
1.39686
1.39689
1.39694
1.397
1.39706
1.39714
1.39723
1.39733
1.39745
1.39758
1.39773
1.39789
1.39807
1.39827
1.39849
1.39872
1.39898
1.39925
1.39955
1.39987
1.40021
1.40058
1.40097
1.40138
1.40182
1.40228
1.40276
1.40327
1.40381
1.40437
1.40497
1.40559
1.40623
1.4069
1.40759
1.40832
1.40908
1.40986
1.41067
1.4115
1.41236
1.41326
1.41418
1.41512
1.41609
1.41708
1.41809
1.41915
1.42024
1.42136
1.4225
1.42364
1.42481
1.426
1.42719
1.42843
1.42966
1.43091
1.43218
1.43345
1.43476
1.4361
1.43746
1.43883
1.4402
1.44157
1.44297
1.4444
1.44582
1.44722
1.44862
1.45005
1.4515
1.45294
1.45443
1.45591
1.45735
1.45878
1.46021
1.46167
1.46316
1.46464
1.46611
1.4675
1.46893
1.47034
1.47176
1.4732
1.47466
1.47608
1.47746
1.47887
1.48028
1.48161
1.48293
1.48422
1.48551
1.48681
1.48806
1.4893
1.49051
1.49174
1.493
1.49426
1.49552
1.49675
1.49794
1.49912
1.50027
1.50145
1.50261
1.50378
1.50494
1.50607
1.50717
1.50819
1.50923
1.51027
1.51131
1.51237
1.51338
1.51446
1.5155
1.51652
1.51749
1.51846
1.51941
1.52036
1.52133
1.52226
1.52318
1.52409
1.52497
1.52584
1.52671
1.52761
1.52846
1.52931
1.53016
1.53093
1.53169
1.53249
1.53329
1.5341
1.53489
1.53563
1.53634
1.53699
1.53763
1.53826
1.53896
1.53965
1.54037
1.54109
1.54177
1.54244
1.54308
1.54371
1.54435
1.54494
1.54551
1.54606
1.54663
1.5472
1.54776
1.5483
1.54881
1.54928
1.54976
1.55029
1.55083
1.55133
1.55185
1.55237
1.55286
1.55332
1.55377
1.55418
1.55459
1.55497
1.55533
1.55568
1.55602
1.55638
1.55676
1.55709
1.55741
1.55775
1.55805
1.55838
1.55868
1.55894
1.55916
1.55939
1.55961
1.5598
1.56001
1.56022
1.56045
1.5607
1.56097
1.56121
1.5614
1.56156
1.56169
1.56182
1.56192
1.56204
1.56216
1.56228
1.56238
1.56251
1.56265
1.56274
1.56285
1.5629
1.56292
1.56292
1.56286
1.56282
1.56284
1.56285
1.56286
1.56286
1.56287
1.56286
1.56282
1.56277
1.5627
1.56262
1.56253
1.56245
1.56233
1.5622
1.56206
1.56189
1.56171
1.56156
1.56139
1.56122
1.56105
1.56088
1.56068
1.56047
1.56029
1.56012
1.55993
1.55976
1.5596
1.55944
1.55926
1.55904
1.55879
1.55851
1.55823
1.55793
1.55761
1.55727
1.55693
1.55658
1.55621
1.55585
1.5555
1.55516
1.5548
1.55442
1.55405
1.55368
1.55329
1.55289
1.55251
1.55215
1.55176
1.55136
1.55094
1.55049
1.55005
1.54958
1.54908
1.54857
1.54805
1.54753
1.54706
1.54658
1.54608
1.54558
1.54505
1.54449
1.54393
1.54336
1.54279
1.54221
1.54163
1.54105
1.54048
1.53992
1.53935
1.53876
1.53815
1.53751
1.53684
1.53618
1.53551
1.53482
1.53414
1.53347
1.53281
1.53215
1.53148
1.53083
1.53018
1.52951
1.52883
1.52814
1.52743
1.52671
1.52597
1.52522
1.52448
1.52372
1.52297
1.52222
1.52146
1.52071
1.51996
1.51922
1.51846
1.5177
1.51693
1.51613
1.51532
1.51451
1.51372
1.51292
1.51212
1.51133
1.51054
1.50975
1.50893
1.50812
1.50731
1.5065
1.50568
1.50487
1.50407
1.50328
1.50248
1.50167
1.50084
1.5
1.49915
1.4983
1.49744
1.49657
1.49571
1.49486
1.49401
1.49316
1.49231
1.49146
1.49063
1.48979
1.48896
1.48812
1.48729
1.48646
1.48564
1.4848
1.48397
1.48313
1.48229
1.48145
1.48062
1.47979
1.47896
1.47814
1.47732
1.47649
1.47567
1.47485
1.47402
1.4732
1.47238
1.47156
1.47075
1.46995
1.46914
1.46835
1.46755
1.46678
1.466
1.46522
1.46445
1.46367
1.46289
1.4621
1.46133
1.46054
1.45976
1.459
1.45824
1.45749
1.45675
1.45601
1.45527
1.45455
1.45382
1.45311
1.45239
1.45168
1.45096
1.45025
1.44955
1.44885
1.44815
1.44746
1.44677
1.4461
1.44542
1.44475
1.44409
1.44344
1.44279
1.44214
1.44149
1.44086
1.44023
1.4396
1.43898
1.43836
1.43775
1.43715
1.43655
1.43596
1.43538
1.43481
1.43423
1.43367
1.43311
1.43255
1.432
1.43146
1.43092
1.43039
1.42986
1.42934
1.42883
1.42833
1.42783
1.42733
1.42683
1.42634
1.42586
1.42539
1.42493
1.42446
1.424
1.42353
1.42308
1.42263
1.42219
1.42175
1.42132
1.42089
1.42048
1.42006
1.41965
1.41925
1.41886
1.41846
1.41808
1.41769
1.41732
1.41695
1.41658
1.41622
1.41587
1.41552
1.41517
1.41484
1.41451
1.41419
1.41386
1.41353
1.41322
1.41291
1.41261
1.4123
1.41201
1.41171
1.41142
1.41114
1.41086
1.41058
1.41074
1.41091
1.41108
1.41125
1.41142
1.41159
1.41177
1.41194
1.41211
1.41227
1.41242
1.41255
1.41268
1.4128
1.41293
1.41305
1.41317
1.41328
1.41339
1.4135
1.41359
1.41369
1.41378
1.41386
1.41394
1.41401
1.41408
1.41414
1.41421
1.41426
1.41431
1.41435
1.41439
1.41442
1.41445
1.41448
1.41451
1.41453
1.41455
1.41457
1.41457
1.41459
1.4146
1.4146
1.4146
1.4146
1.4146
1.41459
1.41457
1.41455
1.41453
1.4145
1.41447
1.41444
1.41441
1.41438
1.41435
1.41431
1.41427
1.41423
1.41419
1.41415
1.41411
1.41407
1.41402
1.41398
1.41394
1.4139
1.41385
1.4138
1.41375
1.4137
1.41364
1.41359
1.41353
1.41348
1.41342
1.41337
1.41331
1.41325
1.41319
1.41314
1.41308
1.41302
1.41296
1.4129
1.41285
1.41279
1.41274
1.41268
1.41263
1.41258
1.41253
1.41247
1.41242
1.41237
1.41232
1.41227
1.41221
1.41216
1.41211
1.41206
1.412
1.41195
1.4119
1.41185
1.4118
1.41175
1.41169
1.41164
1.41159
1.41154
1.41149
1.41144
1.41139
1.41135
1.4113
1.41125
1.4112
1.41115
1.4111
1.41105
1.411
1.41095
1.41091
1.41087
1.41082
1.41077
1.41073
1.41068
1.41064
1.41059
1.41055
1.41051
1.41047
1.41043
1.41039
1.41034
1.4103
1.41026
1.41022
1.41018
1.41013
1.41009
1.41005
1.41001
1.40998
1.40995
1.40991
1.40988
1.40984
1.40981
1.40977
1.40973
1.40969
1.40966
1.40962
1.40958
1.40955
1.40951
1.40948
1.40944
1.40941
1.40939
1.40936
1.40934
1.40931
1.40929
1.40926
1.40924
1.40921
1.40918
1.40915
1.40912
1.40909
1.40907
1.40904
1.40901
1.40899
1.40896
1.40894
1.40892
1.4089
1.40887
1.40885
1.40883
1.40881
1.40879
1.40877
1.40875
1.40873
1.40871
1.40869
1.40867
1.40865
1.40863
1.40861
