0
5.86949e-05
0.000234764
0.000553066
0.00100229
0.00158067
0.00209163
0.0029813
0.00382229
0.00513787
0.00633313
0.00764984
0.00908963
0.0100776
0.012319
0.0133505
0.0160055
0.0180195
0.0202959
0.0226324
0.0249967
0.0274654
0.0284531
0.0327065
0.0335688
0.0363235
0.0391213
0.0425081
0.0472363
0.0458697
0.05405
0.0546363
0.0579121
0.0617335
0.06543
0.0689351
0.0730567
0.0799837
0.0844502
0.084199
0.0880845
0.0929813
0.0917797
0.100363
0.104994
0.109554
0.114325
0.113622
0.122454
0.132687
0.137957
0.135827
0.134422
0.152438
0.150969
0.148511
0.15423
0.16586
0.177401
0.17406
0.18113
0.183251
0.190777
0.203252
0.199889
0.196462
0.20933
0.20637
0.220173
0.223601
0.220196
0.225702
0.22983
0.225212
0.237983
0.235312
0.248467
0.245465
0.247443
0.260605
0.264996
0.279941
0.241529
0.267894
0.280422
0.286462
0.288736
0.283389
0.285292
0.288545
0.303682
0.304442
0.298027
0.312899
0.312955
0.307349
0.309977
0.32047
0.314181
0.317075
0.327264
0.306848
0.30854
0.321504
0.323948
0.322604
0.335681
0.326636
0.331331
0.33001
0.332462
0.323141
0.334941
0.335103
0.328052
0.329739
0.348839
0.330748
0.343845
0.334383
0.337472
0.339162
0.339868
0.360166
0.343389
0.352775
0.352248
0.335798
0.355513
0.349608
0.348684
0.350305
0.350924
0.351596
0.352747
0.346478
0.353819
0.348269
0.349399
0.350699
0.35846
0.369315
0.363702
0.355076
0.355351
0.355941
0.357824
0.357582
0.358381
0.360084
0.360778
0.361009
0.353635
0.355027
0.363972
0.36505
0.366877
0.368514
0.370349
0.370656
0.361503
0.36191
0.370961
0.362866
0.374134
0.366084
0.373277
0.374127
0.366228
0.367919
0.360144
0.378165
0.379271
0.378621
0.370851
0.371282
0.373097
0.370739
0.371371
0.366189
0.374477
0.384901
0.374933
0.37682
0.377959
0.374989
0.378517
0.377855
0.369889
0.378642
0.368729
0.378753
0.380292
0.371785
0.380063
0.379031
0.380592
0.371359
0.37224
0.355499
0.372453
0.380715
0.37294
0.374624
0.380251
0.371911
0.381831
0.372752
0.374405
0.365587
0.373606
0.373406
0.374038
0.375102
0.365306
0.382258
0.364157
0.37321
0.365538
0.371181
0.381398
0.363376
0.373209
0.363479
0.370016
0.37609
0.368945
0.368973
0.369267
0.368411
0.369123
0.36642
0.366027
0.372942
0.363324
0.370081
0.353949
0.353373
0.367937
0.368953
0.359138
0.35949
0.356897
0.354502
0.355506
0.354574
0.351954
0.359383
0.348935
0.347157
0.348054
0.352165
0.33643
0.351166
0.358014
0.347492
0.347779
0.345649
0.350397
0.340916
0.341217
0.328968
0.334963
0.333858
0.330846
0.321431
0.336276
0.325255
0.324062
0.32173
0.312304
0.325438
0.313683
0.312256
0.31002
0.309461
0.313766
0.303082
0.309786
0.308282
0.29629
0.293723
0.292844
0.289726
0.288219
0.285795
0.299142
0.287472
0.285836
0.289958
0.287629
0.275072
0.273368
0.270807
0.27566
0.26329
0.260672
0.267219
0.257089
0.261055
0.249296
0.255607
0.251319
0.255422
0.245755
0.23896
0.240335
0.234569
0.240878
0.23883
0.234563
0.214816
0.228145
0.227715
0.21402
0.211023
0.217431
0.219591
0.209352
0.208066
0.195006
0.20058
0.196798
0.203448
0.191826
0.19633
0.190029
0.188732
0.186069
0.176983
0.180973
0.169526
0.183588
0.171329
0.178422
0.164425
0.161501
0.151545
0.164024
0.162085
0.158988
0.148304
0.146352
0.151717
0.139139
0.144058
0.14266
0.137893
0.136684
0.14414
0.12878
0.126789
0.133416
0.121694
0.121297
0.116437
0.114429
0.112418
0.119036
0.126395
0.114618
0.11949
0.108935
0.106703
0.113323
0.101694
0.0914664
0.0973107
0.0952653
0.10107
0.0960879
0.0950337
0.0929772
0.0919749
0.0800666
0.0875157
0.0854495
0.0862361
0.0851756
0.0841655
0.0694481
0.0741824
0.0741824
0.0817803
0.0779357
0.0769141
0.0659458
0.0649259
0.062836
0.062836
0.0607434
0.0676373
0.0556191
0.0556191
0.0535202
0.0535202
0.0593447
0.0599364
0.0588653
0.0478905
0.0567576
0.0525974
0.0525974
0.0584198
0.057383
0.0494885
0.0552659
0.0438737
0.0417551
0.0431857
0.0421021
0.0410645
0.0479604
0.0354647
0.0344184
0.0344184
0.0333386
0.0322911
0.0322911
0.0312099
0.0312099
0.0301613
0.0269755
0.0259667
0.0249144
0.031719
0.031719
0.031719
0.0238321
0.0296018
0.0296018
0.0296018
0.0216949
0.0274615
0.0274615
0.0274615
0.034312
0.026449
0.0321928
0.0321928
0.0203138
0.0203138
0.0192313
0.0181815
0.0181815
0.0181815
0.0181815
0.0181815
0.0181815
0.01709
0.0143887
-0
-7.74308e-05
-0.000309567
-0.000694158
-0.00122847
-0.00191405
-0.0027513
-0.00372671
-0.00485222
-0.00610214
-0.00750638
-0.00901419
-0.0106529
-0.0124451
-0.0143394
-0.0163932
-0.0185359
-0.0207997
-0.0231299
-0.0256125
-0.028108
-0.0306157
-0.0334651
-0.0361754
-0.039376
-0.0421974
-0.0447133
-0.0479692
-0.0514734
-0.0544228
-0.0575366
-0.0610931
-0.0650623
-0.0680932
-0.0718602
-0.0747463
-0.0781584
-0.081366
-0.0850364
-0.0879286
-0.0924326
-0.095458
-0.0991161
-0.102009
-0.105873
-0.10969
-0.111601
-0.116333
-0.119049
-0.121405
-0.125296
-0.128688
-0.131455
-0.134595
-0.136562
-0.141028
-0.143626
-0.14479
-0.146892
-0.149906
-0.152396
-0.154726
-0.157281
-0.159818
-0.159957
-0.162004
-0.16385
-0.165478
-0.165893
-0.166926
-0.169393
-0.171376
-0.170111
-0.172065
-0.173309
-0.172252
-0.172797
-0.17382
-0.173516
-0.173487
-0.173497
-0.174573
-0.172228
-0.172006
-0.171761
-0.171217
-0.17065
-0.168914
-0.169139
-0.168447
-0.167708
-0.164896
-0.163549
-0.16171
-0.162439
-0.160474
-0.15845
-0.157139
-0.153689
-0.15266
-0.150477
-0.149566
-0.14505
-0.144294
-0.143241
-0.13955
-0.139513
-0.136975
-0.134325
-0.13178
-0.130765
-0.128119
-0.127712
-0.125931
-0.123204
-0.121319
-0.119726
-0.118499
-0.11492
-0.112924
-0.111903
-0.110982
-0.108059
-0.106473
-0.104389
-0.10291
-0.101863
-0.0994488
-0.0982112
-0.0964186
-0.0945991
-0.0934905
-0.0911516
-0.0893043
-0.0877576
-0.0868359
-0.0849657
-0.0832931
-0.0811447
-0.0805084
-0.0799338
-0.076992
-0.0761586
-0.0741928
-0.0725599
-0.0706003
-0.07022
-0.0687243
-0.068055
-0.0662904
-0.0645778
-0.0636146
-0.0619981
-0.0616182
-0.0597593
-0.0589301
-0.0570099
-0.055332
-0.0546736
-0.0533791
-0.0507537
-0.0504227
-0.048578
-0.0483219
-0.0462848
-0.0457512
-0.0443972
-0.0439125
-0.0426202
-0.0404215
-0.0403058
-0.0379282
-0.0367829
-0.0361813
-0.0345245
-0.0335417
-0.0322244
-0.032186
-0.031616
-0.029506
-0.0293962
-0.0275921
-0.0256288
-0.0247271
-0.0238246
-0.0239743
-0.0226148
-0.0217775
-0.0213008
-0.0195567
-0.0181255
-0.0183991
-0.0168859
-0.0162339
-0.0143497
-0.0142374
-0.0124442
-0.0112956
-0.0112775
-0.0105718
-0.0100415
-0.00748688
-0.00741829
-0.0068546
-0.00474922
-0.00461575
-0.00350072
-0.00232457
-0.00108044
-0.000644206
-0.000782869
0.000412476
0.00255423
0.00137457
0.00401655
0.005005
0.00673254
0.00615042
0.00766483
0.00771422
0.00966871
0.0111179
0.0106733
0.012149
0.0133708
0.0125781
0.0146511
0.0149301
0.015867
0.0161046
0.0174849
0.0187532
0.0182794
0.0191342
0.0200845
0.0213596
0.0224028
0.0237783
0.0247312
0.0250731
0.0265602
0.0256164
0.0279716
0.0282002
0.0288896
0.0305572
0.0306431
0.0325846
0.0330055
0.0318287
0.033056
0.0341019
0.0339886
0.03448
0.036546
0.0365257
0.0370432
0.0388341
0.0384064
0.0401225
0.041298
0.0409372
0.0414114
0.0423596
0.0433661
0.0447333
0.0459683
0.0455159
0.0470324
0.0458801
0.0469379
0.0488114
0.0465213
0.0480607
0.0479473
0.0518283
0.0513291
0.0515108
0.0515386
0.0530401
0.0539602
0.0531089
0.0544412
0.0550537
0.056447
0.0552576
0.0582514
0.0578149
0.0578479
0.0599277
0.0595315
0.059907
0.0606492
0.0621985
0.0617998
0.0615977
0.0626427
0.0624705
0.0638266
0.0646191
0.0650412
0.0643917
0.0653063
0.0658543
0.0656652
0.0664792
0.0673117
0.0671275
0.0688168
0.0676952
0.0708519
0.0693845
0.0719622
0.0707829
0.071328
0.0731326
0.0720395
0.0734419
0.0736493
0.074579
0.0736816
0.0757363
0.0746987
0.0766699
0.0759074
0.075978
0.0770938
0.0772693
0.0770736
0.077419
0.077826
0.0772664
0.0794866
0.078417
0.0790854
0.0791423
0.07876
0.0798555
0.079082
0.0795363
0.078915
0.0819965
0.0819488
0.0819855
0.0824907
0.0827588
0.0825327
0.0834291
0.082289
0.081067
0.083741
0.0844197
0.0834275
0.0845776
0.0834165
0.0853499
0.0837327
0.0840602
0.0852405
0.0850786
0.0863313
0.0853531
0.0848715
0.0863984
0.0850019
0.0849528
0.0861645
0.0858323
0.0854023
0.086309
0.0859169
0.0863537
0.0868032
0.0865933
0.0859251
0.0865767
0.0881331
0.0851849
0.0871977
0.0865175
0.0861085
0.086267
0.0872717
0.088001
0.0862425
0.0863732
0.0871223
0.087649
0.0851962
0.0858898
0.0876291
0.086726
0.0853937
0.0863861
0.0838459
0.0846879
0.0837746
0.0840184
0.0846903
0.0849401
0.0845147
0.0839325
0.0846524
0.0855284
0.0835595
0.0834335
0.0831768
0.0834543
0.0824416
0.0833345
0.0802304
0.0802932
0.081754
0.0815063
0.0816035
0.0800293
0.0797571
0.0797915
0.0783748
0.0781622
0.0779207
0.0774291
0.0790155
0.0769216
0.0769225
0.0767614
0.0765773
0.0758597
0.076014
0.0758677
0.0759083
0.0746147
0.0742087
0.0736664
0.0732145
0.0726648
0.0726646
0.0726096
0.0723452
0.0717686
0.0707631
0.0704931
0.0701126
0.0703305
0.0690392
0.0694709
0.066514
0.0668481
0.0669412
0.0655416
0.0646287
0.0653661
0.0638714
0.064098
0.0634829
0.0620378
0.0618781
0.0608101
0.0606906
0.0602507
0.0609914
0.0602463
0.0595536
0.0588867
0.0581319
0.0577912
0.0572211
0.0570597
0.0565707
0.0556142
0.0552812
0.0542263
0.054423
0.0539262
0.0521393
0.0523724
0.0521546
0.0503122
0.0502946
0.0501101
0.0478097
0.0472349
0.0470483
0.0464044
0.0465394
0.0452108
0.0447429
0.0451661
0.0444734
0.0441731
0.0437596
0.0434142
0.0419212
0.0418999
0.0421607
0.0410707
0.0407205
0.0402039
0.0396894
0.0399027
0.0395428
0.0388888
0.0384367
0.0377046
0.0375257
0.0371897
0.0357928
0.0357247
0.0346176
0.0333378
0.0331804
0.0327397
0.0319632
0.0315427
0.0309292
0.0302978
0.0301308
0.0305925
0.0496106
0.0480942
0.0476172
0.047064
0.0464755
0.0460113
0.0455585
0.0452327
0.0449091
0.044343
0.0431266
0.0420996
0.0410826
0.0401605
0.0391062
0.0387715
0.0381685
0.037786
0.0364742
0.0353628
0.0350518
0.0340642
0.0336565
0.0330552
0.0319358
0.0308656
0.0305028
0.030142
0.0300373
0.0291098
0.02839
0.027279
0.0263071
0.0260742
0.0256469
0.0250559
0.0245552
0.0235942
0.0230476
0.0225732
0.0221987
0.0218403
0.0217549
0.0212516
0.0202598
0.0196259
0.0195302
0.0188339
0.0184763
0.0182234
0.0175412
0.0173354
0.0173148
0.0169782
0.0166732
0.0161952
0.0160519
0.0154493
0.0153311
0.0147035
0.0142437
0.0139832
0.0135698
0.0130438
0.0126758
0.0124897
0.0122151
0.0121286
0.0120201
0.011625
0.0111771
0.0113069
0.0109486
0.0109996
0.0107931
0.0108073
0.0104716
0.0101359
0.00984419
0.00959862
0.00935682
0.00913567
0.00880808
0.00874173
0.00825307
0.0080688
0.00823065
0.00781421
0.00730582
0.00694649
0.00657916
0.00655137
0.00643776
0.0061799
0.00631409
0.00609523
0.00599968
0.0056233
0.0053049
0.00491831
0.00453241
0.00457104
0.00439172
0.00438948
0.00442386
0.0042039
0.00423102
0.00421753
0.00414591
0.00388053
0.00391173
0.00385208
0.00330993
0.00323025
0.00315204
0.00311667
0.00310274
0.00313644
0.00321795
0.00325686
0.00336478
0.00368509
0.00347981
0.00323392
0.0032652
0.00320356
0.00294245
0.00269976
0.00265673
0.002747
0.00292867
0.00300668
0.0030229
0.00315444
0.00296298
0.00300668
0.00300478
0.00278959
0.00257031
0.00236475
0.00233525
0.00225804
0.00221944
0.00198872
0.00201254
0.0020183
0.00197126
0.00173862
0.00180915
0.00162516
0.00159231
0.00129596
0.00118
0.00112708
0.001218
0.00128418
0.00112279
0.000899421
0.000955307
0.000866782
0.000918362
0.000753878
0.000505519
0.000590184
0.000464134
0.000266143
0.000124647
2.66102e-05
0.000214526
0.000389411
0.000351233
0.000139647
0.000427249
0.000479939
0.000323845
0.000262144
0.000441682
0.000369452
0.000116973
0.000304225
0.000358339
0.000189184
3.91737e-05
0.000356172
0.000216118
0.000209091
0.000219261
0.000306481
0.000269456
0.00042473
0.000487929
0.0005187
0.00058015
0.000550667
0.000370242
0.000286622
0.000312684
0.000194554
0.000410247
0.000287267
0.000316496
0.00023799
0.000273544
0.00035431
0.000232119
0.000283411
0.000343946
0.000471041
0.000490249
0.000509132
0.000456264
0.000453992
0.000406805
0.000257233
2.06292e-05
-0.000244035
-0.000166597
-0.00054354
-0.000399919
-0.000546087
-0.000349802
-0.00051659
-0.000565301
-0.000593856
-0.000572106
-0.000609469
-0.000493226
-0.0006121
-0.000474741
-0.000464016
-0.000380368
-0.000339023
-0.000510232
-0.000305104
-0.000633502
-0.000597546
-0.000560435
-0.000851869
-0.000755407
-0.000985098
-0.00116798
-0.00128624
-0.000931197
-0.00113155
-0.00115392
-0.00123845
-0.00119994
-0.00120274
-0.00121581
-0.000966369
-0.000948488
-0.00100467
-0.000962903
-0.000826013
-0.000889239
-0.000772016
-0.00084086
-0.00066777
-0.000897272
-0.00068223
-0.000762467
-0.000760816
-0.000764198
-0.000849923
-0.00082783
-0.000943305
