0
0
0
0.00162391
0.00162391
0.00450762
0.00450762
0.00450762
0.0115418
0.0115418
0.0115418
0.0218266
0.0259751
0.0259751
0.0259751
0.0405604
0.0405604
0.0405604
0.0583158
0.0583158
0.0583158
0.0791816
0.0791816
0.0948074
0.0948074
0.0948074
0.0948074
0.0948074
0.139748
0.139748
0.16003
0.170641
0.170641
0.170641
0.204401
0.204401
0.204401
0.240917
0.240917
0.240917
0.240917
0.240917
0.240917
0.240917
0.240917
0.350975
0.350975
0.350975
0.350975
0.350975
0.350975
0.444739
0.444739
0.477933
0.477933
0.477933
0.477933
0.477933
0.477933
0.58249
0.58249
0.618894
0.637497
0.656094
0.656094
0.656094
0.656094
0.732079
0.732079
0.771201
0.771201
0.810544
0.810544
0.810544
0.810544
0.810544
0.810544
0.929812
0.950028
0.950028
0.950028
0.950028
0.950028
1.05009
1.07043
1.0909
1.0909
1.0909
1.0909
1.0909
1.0909
1.0909
1.22905
1.22905
1.26803
1.28678
1.28678
1.28678
1.34273
1.36063
1.37923
1.39669
1.41569
1.41569
1.41569
1.46546
1.48177
1.49766
1.51174
1.5294
1.54176
1.55565
1.57208
1.57208
1.57208
1.61272
1.61272
1.63668
1.64856
1.66217
1.67188
1.68323
1.68323
1.70125
1.71126
1.71865
1.71865
1.73036
1.73951
1.74601
1.74601
1.74601
1.74601
1.74601
1.77571
1.77989
1.78358
1.78358
1.78616
1.78664
1.78545
1.79637
1.79683
1.80116
1.80116
1.80438
1.81132
1.81008
1.8143
1.81504
1.81375
1.81046
1.81666
1.81666
1.80789
1.80267
1.80267
1.80856
1.80856
1.79796
1.7878
1.78838
1.77474
1.77298
1.77023
1.77072
1.76785
1.76785
1.76268
1.76085
1.76359
1.75731
1.7494
1.74359
1.73878
1.73515
1.72957
1.73487
1.71228
1.71088
1.70988
1.69584
1.68465
1.67866
1.67018
1.67018
1.67018
1.67018
1.64114
1.64114
1.62028
1.61135
1.60868
1.58835
1.58749
1.58749
1.56499
1.55889
1.5549
1.5549
1.5349
1.51893
1.51436
1.51436
1.49582
1.48898
1.47966
1.47966
1.45303
1.44848
1.44596
1.42388
1.42878
1.40656
1.40643
1.39915
1.39176
1.37686
1.37139
1.3618
1.35402
1.33282
1.33601
1.33349
1.3204
1.31486
1.3123
1.30121
1.29601
1.29601
1.28222
1.28222
1.26595
1.26327
1.26327
1.26327
1.26327
1.23793
1.23003
1.23021
1.22212
1.22212
1.2016
1.19587
1.2016
1.18996
1.18697
1.17246
1.17246
1.15797
1.15823
1.15823
1.14945
1.14646
1.14354
1.13162
1.13162
1.13162
1.11986
1.11677
1.11093
1.10782
1.09855
1.09556
1.08364
1.08351
1.08376
1.06554
1.07131
1.06951
1.05909
1.05926
1.05926
1.04988
1.03728
1.0374
1.03736
1.01835
1.02495
1.03554
1.02875
1.02241
1.01622
1.01316
1.01316
1.01316
0.997068
0.993904
0.996839
0.993563
0.990566
0.997417
0.987465
0.987465
0.984182
0.971391
0.967964
0.967964
0.961419
0.961419
0.961419
0.955039
0.964554
0.955467
0.944137
0.938471
0.945778
0.95239
0.935649
0.942034
0.935017
0.935017
0.92876
0.925897
0.922605
0.918755
0.909082
0.909082
0.912297
0.915621
0.918755
0.915791
0.901413
0.898435
0.909771
0.899969
0.893196
0.906671
0.889527
0.889176
0.889243
0.889243
0.882432
0.879583
0.879407
0.872742
0.863028
0.863028
0.869185
0.869185
0.865878
0.862136
0.868741
0.846674
0.868896
0.868896
0.850566
0.850566
0.853157
0.862446
0.859215
0.859215
0.845153
0.845153
0.845153
0.842042
0.842042
0.842042
0.842042
0.835086
0.838545
0.838545
0.838545
0.828109
0.828109
0.82504
0.818173
0.825372
0.826355
0.826355
0.826355
0.826355
0.825486
0.821552
0.832437
0.829316
0.809487
0.809702
0.821876
0.799723
0.809198
0.809198
0.818947
0.818947
0.818947
0.809748
0.805305
0.815607
0.805729
0.815607
0.815607
0.809321
0.806748
0.806748
0.806748
0.804846
0.794685
0.792143
0.792143
0.792143
0.792143
0.792143
0.788835
