1.917e-05
1.917e-05
1.90867e-05
1.87557e-05
1.80153e-05
1.67129e-05
1.46934e-05
1.1808e-05
7.8996e-06
2.79941e-06
-3.63296e-06
-1.15617e-05
-2.1139e-05
-3.25137e-05
-4.58286e-05
-6.12445e-05
-7.8892e-05
-9.89301e-05
-0.00012149
-0.000146629
-0.000174468
-0.000205214
-0.000238996
-0.000275922
-0.000316151
-0.000359838
-0.000407049
-0.000457896
-0.000512146
-0.000570244
-0.000632326
-0.000698286
-0.000768102
-0.000842105
-0.000920128
-0.00100223
-0.00108872
-0.0011794
-0.00127432
-0.00137348
-0.00147687
-0.0015849
-0.0016969
-0.00181354
-0.00193418
-0.00205939
-0.00218894
-0.00232307
-0.002461
-0.00260327
-0.00274935
-0.00289966
-0.00305411
-0.0032124
-0.00337438
-0.00354005
-0.00370964
-0.00388256
-0.00405878
-0.00423859
-0.004422
-0.00460812
-0.00479772
-0.0049894
-0.0051838
-0.00538145
-0.00558143
-0.00578378
-0.00598742
-0.00619331
-0.00640107
-0.00660967
-0.00682044
-0.00703235
-0.00724553
-0.00746058
-0.00767535
-0.0078912
-0.0081065
-0.00832298
-0.00854013
-0.00875637
-0.00897256
-0.00918643
-0.00940265
-0.00961693
-0.00983058
-0.0100433
-0.010255
-0.0104655
-0.0106743
-0.0108804
-0.011086
-0.0112899
-0.0114912
-0.0116917
-0.0118891
-0.0120833
-0.0122749
-0.0124637
-0.0126507
-0.0128343
-0.0130161
-0.0131949
-0.0133709
-0.0135427
-0.0137136
-0.0138817
-0.0140455
-0.0142063
-0.0143642
-0.01452
-0.0146726
-0.0148235
-0.0149718
-0.0151176
-0.0152603
-0.0154007
-0.0155389
-0.0156737
-0.0158054
-0.0159352
-0.0160619
-0.0161867
-0.0163082
-0.0164265
-0.016542
-0.0166558
-0.0167664
-0.0168743
-0.0169791
-0.017083
-0.0171839
-0.0172828
-0.0173792
-0.0174731
-0.0175645
-0.0176539
-0.0177403
-0.0178242
-0.0179056
-0.0179846
-0.0180618
-0.0181359
-0.0182075
-0.018277
-0.0183447
-0.0184093
-0.0184725
-0.0185338
-0.0185921
-0.0186484
-0.0187028
-0.0187555
-0.0188058
-0.0188532
-0.0188988
-0.0189413
-0.018981
-0.0190176
-0.0190529
-0.019086
-0.0191177
-0.0191481
-0.0191759
-0.0192014
-0.0192244
-0.0192454
-0.0192645
-0.019281
-0.0192967
-0.0193098
-0.0193201
-0.0193286
-0.0193361
-0.0193411
-0.0193447
-0.0193453
-0.0193444
-0.0193421
-0.0193373
-0.0193302
-0.0193208
-0.0193109
-0.019298
-0.0192833
-0.0192676
-0.01925
-0.0192316
-0.0192111
-0.0191877
-0.0191638
-0.0191382
-0.0191102
-0.0190806
-0.0190487
-0.0190165
-0.0189818
-0.018946
-0.0189083
-0.0188664
-0.0188249
-0.0187828
-0.0187386
-0.018692
-0.0186451
-0.0185966
-0.0185465
-0.0184953
-0.0184417
-0.0183871
-0.0183303
-0.0182726
-0.0182135
-0.0181526
-0.0180911
-0.0180274
-0.0179632
-0.0178978
-0.0178303
-0.0177625
-0.0176925
-0.0176219
-0.0175496
-0.0174768
-0.0174027
-0.0173284
-0.0172516
-0.0171739
-0.0170947
-0.0170154
-0.0169341
-0.0168524
-0.0167699
-0.0166862
-0.016602
-0.0165165
-0.0164304
-0.0163434
-0.0162564
-0.0161676
-0.0160782
-0.0159875
-0.015896
-0.0158035
-0.0157108
-0.0156177
-0.0155238
-0.0154281
-0.0153325
-0.015237
-0.0151397
-0.0150432
-0.0149456
-0.0148475
-0.0147481
-0.0146487
-0.014548
-0.0144475
-0.0143473
-0.0142461
-0.0141434
-0.014042
-0.0139398
-0.0138373
-0.0137355
-0.0136327
-0.0135293
-0.0134259
-0.0133223
-0.0132188
-0.0131144
-0.0130104
-0.012907
-0.0128032
-0.0126996
-0.0125951
-0.0124909
-0.0123864
-0.0122821
-0.0121775
-0.0120734
-0.0119696
-0.0118649
-0.0117609
-0.0116566
-0.0115524
-0.0114486
-0.011345
-0.0112409
-0.0111371
-0.0110335
-0.0109305
-0.0108271
-0.0107238
-0.010622
-0.0105206
-0.0104194
-0.0103185
-0.0102182
-0.0101182
-0.0100181
-0.00991847
-0.00981998
-0.00972178
-0.00962364
-0.00952662
-0.00942873
-0.00933302
-0.00923771
-0.00914201
-0.00904747
-0.00895331
-0.00885947
-0.0087659
-0.00867334
-0.00858083
-0.00848866
-0.0083978
-0.00830746
-0.00821784
-0.00812865
-0.00804025
-0.0079525
-0.00786497
-0.00777854
-0.00769179
-0.00760728
-0.00752179
-0.00743802
-0.00735378
-0.00727133
-0.00718985
-0.00710827
-0.00702823
-0.00694796
-0.00686857
-0.0067909
-0.00671319
-0.00663638
-0.00656072
-0.0064851
-0.00641001
-0.00633607
-0.00626291
-0.00618966
-0.00611763
-0.00604631
-0.00597604
-0.00590648
-0.00583655
-0.00576811
-0.00570082
-0.00563374
-0.00556764
-0.00550166
-0.00543674
-0.00537296
-0.00531033
-0.00524792
-0.00518518
-0.00512341
-0.00506287
-0.00500272
-0.00494373
-0.00488494
-0.00482713
-0.00476928
-0.00471207
-0.00465601
-0.00460065
-0.00454633
-0.00449258
-0.00443998
-0.00438795
-0.0043369
-0.00428548
-0.00423521
-0.0041845
-0.00413437
-0.00408481
-0.00403612
-0.0039887
-0.00394127
-0.00389517
-0.00384954
-0.00380449
-0.00375983
-0.00371575
-0.00367281
-0.00362987
-0.00358808
-0.00354637
-0.00350563
-0.00346488
-0.00342529
-0.00338569
-0.00334674
-0.00330735
-0.00326853
-0.00323012
-0.00319244
-0.00315529
-0.00311814
-0.00308164
-0.00304571
-0.00301023
-0.00297544
-0.0029415
-0.0029087
-0.00287488
-0.00284165
-0.00280898
-0.00277639
-0.00274521
-0.00271461
-0.002684
-0.00265397
-0.00262451
-0.00259505
-0.00256616
-0.00253727
-0.00250896
-0.00248059
-0.00245275
-0.00242549
-0.00239834
-0.00237119
-0.00234405
-0.00231736
-0.00229135
-0.00226535
-0.00223935
-0.00221381
-0.00218895
-0.0021641
-0.00213925
-0.00211446
-0.00209014
-0.0020665
-0.00204287
-0.00202007
-0.00199726
-0.00197504
-0.00195338
-0.00193173
-0.00191007
-0.00188842
-0.00186676
-0.0018451
-0.00182402
-0.00180453
-0.00251114
-0.00321735
-0.00392256
-0.00462567
-0.00532599
-0.00602501
-0.00672149
-0.00741595
-0.00810757
-0.00879645
-0.00948299
-0.0101663
-0.0108466
-0.0115244
-0.0121997
-0.0128724
-0.0135427
-0.0142102
-0.0148751
-0.0155375
-0.016197
-0.0168531
-0.0175066
-0.0181568
-0.0188055
-0.0194512
-0.0200931
-0.020733
-0.0213693
-0.0220031
-0.0226339
-0.0232618
-0.0238871
-0.0245088
-0.0251283
-0.0257443
-0.0263571
-0.0269671
-0.0275742
-0.0281781
-0.0287797
-0.0293776
-0.0299722
-0.030564
-0.0311527
-0.0317382
-0.0323202
-0.032899
-0.0334749
-0.034047
-0.0346166
-0.0351829
-0.0357454
-0.0363041
-0.0368593
-0.0374109
-0.0379588
-0.0385036
-0.0390444
-0.0395814
-0.0401152
-0.0406441
-0.0411696
-0.0416914
-0.0422096
-0.0427252
-0.0432368
-0.0437442
-0.0442472
-0.0447471
-0.0452429
-0.0457346
-0.0462222
-0.0467062
-0.0471862
-0.0476618
-0.0481335
-0.0486012
-0.0490645
-0.0495235
-0.0499783
-0.0504298
-0.0508758
-0.0513171
-0.051756
-0.0521903
-0.0526194
-0.0530442
-0.0534665
-0.0538834
-0.0542971
-0.0547065
-0.055112
-0.0555128
-0.0559108
-0.0563042
-0.0566933
-0.0570779
-0.0574579
-0.0578339
-0.0582067
-0.0585744
-0.0589381
-0.0592976
-0.0596527
-0.0600041
-0.0603522
-0.0606958
-0.0610351
-0.0613701
-0.0617011
-0.0620287
-0.0623516
-0.0626714
-0.0629865
-0.0632975
-0.0636061
-0.0639103
-0.06421
-0.0645052
-0.0647955
-0.0650815
-0.0653643
-0.0656433
-0.0659183
-0.0661906
-0.0664586
-0.0667224
-0.0669826
-0.0672392
-0.067493
-0.0677427
-0.0679883
-0.0682298
-0.0684683
-0.068703
-0.0689336
-0.0691614
-0.0693853
-0.0696051
-0.0698224
-0.0700346
-0.070244
-0.0704495
-0.0706522
-0.0708511
-0.0710464
-0.0712379
-0.0714263
-0.0716112
-0.0717933
-0.0719727
-0.072147
-0.0723186
-0.0724871
-0.0726523
-0.0728137
-0.0729712
-0.0731252
-0.0732767
-0.0734245
-0.0735694
-0.0737121
-0.0738506
-0.0739857
-0.074118
-0.0742478
-0.074374
-0.0744971
-0.0746166
-0.0747338
-0.0748468
-0.0749575
-0.0750655
-0.075169
-0.07527
-0.0753676
-0.0754626
-0.0755551
-0.075644
-0.0757299
-0.075813
-0.0758925
-0.0759694
-0.0760436
-0.0761155
-0.076185
-0.0762511
-0.0763144
-0.0763752
-0.0764336
-0.0764879
-0.0765397
-0.076589
-0.0766345
-0.0766773
-0.0767175
-0.0767564
-0.0767923
-0.0768254
-0.0768548
-0.0768812
-0.0769048
-0.0769261
-0.0769448
-0.0769608
-0.0769731
-0.0769825
-0.0769893
-0.0769938
-0.0769959
-0.0769953
-0.0769925
-0.0769863
-0.076978
-0.0769672
-0.0769536
-0.0769377
-0.076919
-0.0768979
-0.0768748
-0.0768499
-0.0768226
-0.0767927
-0.0767597
-0.0767251
-0.0766871
-0.0766467
-0.0766051
-0.0765606
-0.0765139
-0.0764647
-0.0764142
-0.0763603
-0.0763041
-0.0762456
-0.0761849
-0.0761219
-0.0760567
-0.0759892
-0.0759196
-0.0758477
-0.0757726
-0.0756959
-0.0756173
-0.0755364
-0.0754542
-0.0753689
-0.0752825
-0.0751939
-0.0751033
-0.0750107
-0.0749163
-0.0748198
-0.0747213
-0.074621
-0.0745183
-0.0744137
-0.074308
-0.0742
-0.0740896
-0.0739773
-0.0738629
-0.0737467
-0.0736293
-0.0735098
-0.0733875
-0.0732634
-0.0731375
-0.0730105
-0.0728813
-0.0727513
-0.0726199
-0.0724863
-0.0723511
-0.0722142
-0.0720754
-0.0719355
-0.0717939
-0.0716503
-0.0715052
-0.0713582
-0.0712101
-0.07106
-0.0709082
-0.0707549
-0.0705999
-0.0704433
-0.0702851
-0.0701252
-0.0699639
-0.0698011
-0.0696367
-0.0694705
-0.0693036
-0.0691353
-0.0689654
-0.0687934
-0.0686209
-0.0684468
-0.0682715
-0.0680947
-0.0679164
-0.0677374
-0.0675571
-0.0673754
-0.0671925
-0.0670084
-0.0668229
-0.0666367
-0.0664492
-0.0662605
-0.0660705
-0.0658794
-0.0656872
-0.0654934
-0.0652986
-0.0651027
-0.0649056
-0.0647075
-0.0645085
-0.0643087
-0.064108
-0.0639063
-0.0637036
-0.0634999
-0.0632953
-0.0630899
-0.0628833
-0.0626762
-0.0624683
-0.0622595
-0.0620502
-0.0618397
-0.0616285
-0.0614168
-0.0612047
-0.0609918
-0.0607781
-0.0605638
-0.0603487
-0.060133
-0.0599165
-0.0596996
-0.059482
-0.0592641
-0.0590455
-0.0588264
-0.0586069
-0.058387
-0.0581665
-0.0579456
-0.0577241
-0.057502
-0.0572797
-0.0570568
-0.0568334
-0.0566095
-0.0563853
-0.056161
-0.0559362
-0.0557111
-0.0554857
-0.0552599
-0.0550338
-0.0548077
-0.0545813
-0.0543548
-0.0541279
-0.053901
-0.053674
-0.0534468
-0.0532195
-0.0529921
-0.0527646
-0.0525369
-0.0523091
-0.0520811
-0.0518531
-0.0516248
-0.0513967
-0.0511686
-0.0509404
-0.0507124
-0.0504845
-0.0502567
-0.0500289
-0.0498013
-0.0495739
-0.0493466
-0.0491194
-0.0488924
-0.0486658
-0.0484395
-0.0482133
-0.0479874
-0.0477617
-0.0475365
-0.0473115
-0.0470867
-0.0468622
-0.0466381
-0.0464144
-0.0461911
-0.0459682
-0.0457458
-0.0455238
-0.0453021
-0.0450808
-0.04486
-0.0446397
-0.0444197
-0.0442
-0.0439807
-0.043762
-0.0435438
-0.0433263
-0.0431091
-0.0428924
-0.0426765
-0.0424613
-0.0422467
-0.0420324
-0.041819
-0.041606
-0.0413936
-0.0411818
-0.0409708
-0.0407604
-0.0405507
-0.0403416
-0.0401331
-0.0399253
-0.0397183
-0.0395122
-0.0393064
-0.0391014
-0.038897
-0.0386932
-0.0384902
-0.0382882
-0.0380871
-0.0378868
-0.0376869
-0.037488
-0.0372899
-0.0370926
-0.0368961
-0.0367006
-0.036506
-0.0363122
-0.0361192
-0.0359271
-0.0357357
-0.0355452
-0.0353558
-0.0351672
-0.0349796
-0.0347924
-0.0346061
-0.0344208
-0.0342365
-0.0340531
-0.0338706
-0.0336889
-0.0335081
-0.0333283
-0.0331498
-0.032972
-0.0327954
-0.0326195
-0.0324445
-0.0322699
-0.0320962
-0.031924
-0.0317528
-0.0315821
-0.0314125
-0.031244
-0.031076
-0.0309093
-0.0307435
-0.0305783
-0.030414
-0.0302507
-0.0300884
-0.0299271
-0.029767
-0.0296077
-0.0294492
-0.0292916
-0.0291345
-0.0289785
-0.0288234
-0.0286691
-0.0285157
-0.0283631
-0.0282117
-0.0280612
-0.0279116
-0.0277628
-0.0276144
-0.0274671
-0.0273209
-0.0271756
-0.0270306
-0.0268867
-0.026744
-0.0266022
-0.0264614
-0.0263217
-0.0261824
-0.0260439
-0.0259063
-0.0257698
-0.0256359
-0.0255021
-0.0253689
-0.0252364
-0.0251059
-0.0249759
-0.0248465
-0.0247176
-0.0245891
-0.0244614
-0.0243346
-0.0242087
-0.0240838
-0.0239598
-0.0238368
-0.0237149
-0.023594
-0.0234741
-0.0233552
-0.0232373
-0.0231199
-0.0230037
-0.0228884
-0.022774
-0.0226608
-0.022548
-0.0224361
-0.0223252
-0.0222151
-0.0221056
-0.0219972
-0.0218896
-0.0217828
-0.0216769
-0.0215719
-0.0214676
-0.0213641
-0.0212614
-0.0211594
-0.0210581
-0.0209575
-0.0208578
-0.0207587
-0.0206604
-0.0205627
-0.0204657
-0.0203693
-0.0202737
-0.0201787
-0.0200844
-0.0199908
-0.0198978
-0.0198051
-0.0197134
-0.019622
-0.0195312
-0.0194411
-0.0193514
-0.0192626
-0.0191745
-0.019087
-0.019
-0.0189137
-0.0188279
-0.0187426
-0.0186579
-0.0185738
-0.0184903
-0.0184071
-0.0183248
-0.0182429
-0.0181613
-0.0180803
-0.0179998
-0.0179197
-0.01784
-0.0177609
-0.0176822
-0.017604
-0.0175262
-0.0174489
-0.017372
-0.0172956
-0.0172198
-0.0171444
-0.0170694
-0.0169949
-0.0169208
-0.0168472
-0.0167741
-0.0167014
-0.0166291
-0.0165573
-0.0164859
-0.0164149
-0.0163443
-0.0162742
-0.0162044
-0.0161351
-0.0160661
-0.0159975
-0.0159294
-0.0158616
-0.0157943
-0.0157273
-0.0156607
-0.0155945
-0.0155286
-0.015463
-0.0153978
-0.0153327
-0.0152682
-0.0152039
-0.0151399
-0.0150764
-0.0150134
-0.0149507
-0.0148882
-0.0148261
-0.0147643
-0.0147028
-0.0146417
-0.014581
-0.0145205
-0.0144606
-0.0144009
-0.0143416
-0.0142825
-0.0142238
-0.0141653
-0.0141072
-0.0140494
-0.0139918
-0.0139347
-0.0138778
-0.0138213
-0.0137651
-0.0137092
-0.0136536
-0.0135983
-0.0135434
-0.0134887
-0.0134343
-0.0133802
-0.0133262
-0.0132726
-0.0132194
-0.0131665
-0.0131139
-0.0130615
-0.0130096
-0.0129578
-0.0129064
-0.0128552
-0.0128042
-0.0127535
-0.012703
-0.0126528
-0.0126028
-0.012553
-0.0125036
-0.0124545
-0.0124057
-0.0123572
-0.0123088
-0.0122608
-0.012213
-0.0121655
-0.0121183
-0.0120712
-0.0120244
-0.0119778
-0.0119313
-0.0118851
-0.0118391
-0.0117935
-0.0117481
-0.0117029
-0.0116581
-0.0116135
-0.0115691
-0.011525
-0.0114811
-0.0114374
-0.0113939
-0.0113506
-0.0113075
-0.0112646
-0.011222
-0.0111796
-0.0111374
-0.0110953
-0.0110535
-0.011012
-0.0109706
-0.0109296
-0.0108888
-0.0108482
-0.0108079
-0.0107677
-0.0107277
-0.0106879
-0.0106483
-0.0106089
-0.0105697
-0.0105308
-0.0104919
-0.0104533
-0.0104148
-0.0103766
-0.0103386
-0.0103009
-0.0102634
-0.0102261
-0.010189
-0.010152
-0.0101152
-0.0100788
-0.0100425
-0.0100064
-0.00997049
-0.00993476
-0.0098991
-0.00986363
-0.00982829
-0.00979314
-0.00975815
-0.00972336
-0.00968876
-0.00965434
-0.00962009
-0.00958603
-0.00955214
-0.00951847
-0.00948491
-0.00945154
-0.00941838
-0.00938534
-0.0093524
-0.00931974
-0.00928728
-0.00925497
-0.00922281
-0.00919085
-0.00915904
-0.00912737
-0.00909587
-0.00906447
-0.0090332
-0.00900221
-0.00897133
-0.0089406
-0.00891001
-0.00887957
-0.00884929
-0.00881916
-0.00878918
-0.00875936
-0.00872965
-0.00870009
-0.00867068
-0.00864141
-0.00861219
-0.00858312
-0.00855427
-0.00852551
-0.00849696
-0.00846854
