-0.729416
-0.730539
-0.773685
0
0
-0.344797
-0.208643
0
0
0.0981612
0
0
0.292741
0.345125
0.37943
0.416952
0.447721
0.488136
0.519661
0.535119
0.556212
0.566692
0.571258
0.577039
0.577204
0.572572
0.579541
0.576769
0.571102
0.579318
0.576567
0.571101
0.579953
0.585111
0.576684
0.576833
0.590871
0.591553
0.584098
0.588512
0.592319
0.593038
0.589192
0.596245
0.598007
0.593576
0.595855
0.596358
0.597421
0.594308
0.6002
0.600563
0.594786
0.593203
0.598969
0.594056
0.586996
0.58877
0.5916
0.583637
0.582663
0.580925
0.579133
0.575762
0.573627
0
0.563616
0.550829
0
0
0.552896
0
0.550529
0.564987
0.543246
0
0
0.542879
0
0
0.555858
0.514329
0
0
0.527965
0.490582
0
0
0.518574
0.487427
0.528226
0
0.517075
0.499991
