0
0.01
0.02
0.03
0.04
0.05
0.06
0.07
0.08
0.09
0.1
0.11
0.12
0.13
0.14
0.15
0.16
0.17
0.18
0.19
0.2
0.21
0.22
0.23
0.24
0.25
0.26
0.27
0.28
0.29
0.3
0.31
0.32
0.33
0.34
0.35
0.36
0.37
0.38
0.39
0.4
0.41
0.42
0.43
0.44
0.45
0.46
0.47
0.48
0.49
0.5
0.51
0.52
0.53
0.54
0.55
0.56
0.57
0.58
0.59
0.6
0.61
0.62
0.63
0.64
0.65
0.66
0.67
0.68
0.69
0.7
0.71
0.72
0.73
0.74
0.75
0.76
0.77
0.78
0.79
0.8
0.81
0.82
0.83
0.839999
0.849999
0.859999
0.869999
0.879999
0.889999
0.899999
0.909999
0.919999
0.929999
0.939999
0.949999
0.959999
0.969999
0.979999
0.989999
0.999999
1.01
1.02
1.03
1.04
1.05
1.06
1.07
1.08
1.09
1.1
1.11
1.12
1.13
1.14
1.15
1.16
1.17
1.18
1.19
1.2
1.21
1.22
1.23
1.24
1.25
1.26
1.27
1.28
1.29
1.3
1.31
1.32
1.33
1.34
1.35
1.36
1.37
1.38
1.39
1.4
1.41
1.42
1.43
1.44
1.45
1.46
1.47
1.48
1.49
1.5
1.51
1.52
1.53
1.54
1.55
1.56
1.57
1.58
1.59
1.6
1.61
1.62
1.63
1.64
1.65
1.66
1.67
1.68
1.69
1.7
1.71
1.72
1.73
1.74
1.75
1.76
1.77
1.78
1.79
1.8
1.81
1.82
1.83
1.84
1.85
1.86
1.87
1.88
1.89
1.9
1.91
1.92
1.93
1.94
1.95
1.96
1.97
1.98
1.99
2
2.01
2.02
2.03
2.04
2.05
2.06
2.07
2.08
2.09
2.1
2.11
2.12
2.13
2.14
2.15
2.16
2.17
2.18
2.19
2.2
2.21
2.22
2.23
2.24
2.25
2.26
2.27
2.28
2.29
2.3
2.31
2.32
2.33
2.34
2.35
2.36
2.37
2.38
2.39
2.4
2.41
2.42
2.43
2.44
2.45
2.46
2.47
2.48
2.49
2.5
2.51
2.52
2.53
2.54
2.55
2.56
2.57
2.58
2.59
2.6
2.61
2.62
2.63
2.64
2.65
2.66
2.67
2.68
2.69
2.7
2.71
2.72
2.73
2.74
2.75
2.76
2.77
2.78
2.79
2.8
2.81
2.82
2.83
2.84
2.85
2.86
2.87
2.88
2.89
2.9
2.91
2.92
2.93
2.94
2.95
2.96
2.97
2.98
2.99
3
3.01
3.02
3.03
3.04
3.05
3.06
3.07
3.08
3.09
3.1
3.11
3.12
3.13
3.14
3.15
3.16
3.17
3.18
3.19
3.2
3.21
3.22
3.23
3.24
3.25
3.26
3.27
3.28
3.29
3.3
3.31
3.32
3.33
3.34
3.35
3.36
3.37
3.38
3.39
3.4
3.41
3.42
3.43
3.44
3.45
3.46
3.47
3.48
3.49
3.5
3.51
3.52
3.53
3.54
3.55
3.56
3.57
3.58
3.59
3.6
3.61
3.62
3.63
3.64
3.65
3.66
3.67
3.68
3.69
3.7
3.71
3.72
3.73
3.74
3.75
3.76
3.77
3.78
3.79
3.8
3.81
3.82
3.83
3.84
3.85
3.86
3.87
3.88
3.89
3.9
3.91
3.92
3.93
3.94
3.95
3.96
3.97
3.98
3.99
4
4.01
4.02
4.03
4.04
4.05
4.06
4.07
4.08
4.09
4.1
4.11
4.12
4.13
4.14
4.15
4.16
4.17
4.18
4.19
4.2
4.21
4.22
4.23
4.24
4.25
4.26
4.27
4.28
4.29
4.3
4.31
4.32
4.33
4.34
4.35
4.36
4.37001
4.38001
4.39001
4.40001
4.41001
4.42001
4.43001
4.44001
4.45001
4.46001
4.47001
4.48001
4.49001
4.50001
4.51001
4.52001
4.53001
4.54001
4.55001
4.56001
4.57001
4.58001
4.59001
4.60001
4.61001
4.62001
4.63001
4.64001
4.65001
4.66001
4.67001
4.68001
4.69001
4.70001
4.71001
4.72001
4.73001
4.74001
4.75001
4.76001
4.77001
4.78001
4.79001
4.80001
4.81002
4.82002
4.83002
4.84002
4.85002
4.86002
4.87002
4.88002
4.89002
4.90002
4.91002
4.92002
4.93002
4.94002
4.95002
4.96002
4.97002
4.98002
4.99002
5.00002
5.01002
5.02002
5.03002
5.04002
5.05002
5.06002
5.07002
5.08002
5.09002
5.10002
5.11002
5.12002
5.13002
5.14002
5.15002
5.16002
5.17002
5.18002
5.19002
5.20002
5.21002
5.22002
5.23002
5.24003
5.25003
5.26003
5.27003
5.28003
5.29003
5.30003
5.31003
5.32003
5.33003
5.34003
5.35003
5.36003
5.37003
5.38003
5.39003
5.40003
5.41003
5.42003
5.43003
5.44003
5.45003
5.46003
5.47003
5.48003
5.49003
5.50003
5.51003
5.52003
5.53003
5.54003
5.55003
5.56003
5.57003
5.58003
5.59003
5.60003
5.61003
5.62003
5.63003
5.64003
5.65003
5.66003
5.67003
5.68004
5.69004
5.70004
5.71004
5.72004
5.73004
5.74004
5.75004
5.76004
5.77004
5.78004
5.79004
5.80004
5.81004
5.82004
5.83004
5.84004
5.85004
5.86004
5.87004
5.88004
5.89004
5.90004
5.91004
5.92004
5.93004
5.94004
5.95004
5.96004
5.97004
5.98004
5.99004
6.00004
6.01004
6.02004
6.03004
6.04004
6.05004
6.06004
6.07004
6.08004
6.09004
6.10004
6.11004
6.12005
6.13005
6.14005
6.15005
6.16005
6.17005
6.18005
6.19005
6.20005
6.21005
6.22005
6.23005
6.24005
6.25005
6.26005
6.27005
6.28005
6.29005
6.30005
6.31005
6.32005
6.33005
6.34005
6.35005
6.36005
6.37005
6.38005
6.39005
6.40005
6.41005
6.42005
6.43005
6.44005
6.45005
6.46005
6.47005
6.48005
6.49005
6.50005
6.51005
6.52005
6.53005
6.54005
6.55006
6.56006
6.57006
6.58006
6.59006
6.60006
6.61006
6.62006
6.63006
6.64006
6.65006
6.66006
6.67006
6.68006
6.69006
6.70006
6.71006
6.72006
6.73006
6.74006
6.75006
6.76006
6.77006
6.78006
6.79006
6.80006
6.81006
6.82006
6.83006
6.84006
6.85006
6.86006
6.87006
6.88006
6.89006
6.90006
6.91006
6.92006
6.93006
6.94006
6.95006
6.96006
6.97006
6.98006
6.99007
7.00007
7.01007
7.02007
7.03007
7.04007
7.05007
7.06007
7.07007
7.08007
7.09007
7.10007
7.11007
7.12007
7.13007
7.14007
7.15007
7.16007
7.17007
7.18007
7.19007
7.20007
7.21007
7.22007
7.23007
7.24007
7.25007
7.26007
7.27007
7.28007
7.29007
7.30007
7.31007
7.32007
7.33007
7.34007
7.35007
7.36007
7.37007
7.38007
7.39007
7.40007
7.41007
7.42007
7.43008
7.44008
7.45008
7.46008
7.47008
7.48008
7.49008
7.50008
7.51008
7.52008
7.53008
7.54008
7.55008
7.56008
7.57008
7.58008
7.59008
7.60008
7.61008
7.62008
7.63008
7.64008
7.65008
7.66008
7.67008
7.68008
7.69008
7.70008
7.71008
7.72008
7.73008
7.74008
7.75008
7.76008
7.77008
7.78008
7.79008
7.80008
7.81008
7.82008
7.83008
7.84008
7.85008
7.86009
7.87009
7.88009
7.89009
7.90009
7.91009
7.92009
7.93009
7.94009
7.95009
7.96009
7.97009
7.98009
7.99009
8.00009
8.01009
8.02009
8.03009
8.04009
8.05009
8.06009
8.07009
8.08009
8.09009
8.10009
8.11009
8.12009
8.13009
8.14009
8.15009
8.16009
8.17009
8.18009
8.19009
8.20009
8.21009
8.22009
8.23009
8.24009
8.25009
8.26009
8.27009
8.28009
8.29009
8.30009
8.31009
8.3201
8.3301
8.3401
8.3501
8.3601
8.3701
8.3801
8.3901
8.4001
8.4101
8.4201
8.4301
8.4401
8.4501
8.4601
8.4701
8.4801
8.4901
8.5001
8.5101
8.5201
8.5301
8.5401
8.5501
8.5601
8.5701
8.5801
8.5901
8.6001
8.6101
8.6201
8.6301
8.6401
8.6501
8.6601
8.6701
8.6801
8.6901
8.7001
8.7101
8.7201
8.7301
8.7401
8.7501
8.76011
8.77011
8.78011
8.79011
8.80011
8.81011
8.82011
8.83011
8.84011
8.85011
8.86011
8.87011
8.88011
8.89011
8.90011
8.91011
8.92011
8.93011
8.94011
8.95011
8.96011
8.97011
8.98011
8.99011
9.00011
9.01011
9.02011
9.03011
9.04011
9.05011
9.06011
9.07011
9.08011
9.09011
9.10011
9.11011
9.12011
9.13011
9.14011
9.15011
9.16011
9.17011
9.18011
9.19011
9.20012
9.21012
9.22012
9.23012
9.24012
9.25012
9.26012
9.27012
9.28012
9.29012
9.30012
9.31012
9.32012
9.33012
9.34012
9.35012
9.36012
9.37012
9.38012
9.39012
9.40012
9.41012
9.42012
9.43012
9.44012
9.45012
9.46012
9.47012
9.48012
9.49012
9.50012
9.51012
9.52012
9.53012
9.54012
9.55012
9.56012
9.57012
9.58012
9.59012
9.60012
9.61012
9.62012
9.63013
9.64013
9.65013
9.66013
9.67013
9.68013
9.69013
9.70013
9.71013
9.72013
9.73013
9.74013
9.75013
9.76013
9.77013
9.78013
9.79013
9.80013
9.81013
9.82013
9.83013
9.84013
9.85013
9.86013
9.87013
9.88013
9.89013
9.90013
9.91013
9.92013
9.93013
9.94013
9.95013
9.96013
9.97013
9.98013
9.99013
10.0001
10.0101
10.0201
10.0301
10.0401
10.0501
10.0601
10.0701
10.0801
10.0901
10.1001
10.1101
10.1201
10.1301
10.1401
10.1501
10.1601
10.1701
10.1801
10.1901
10.2001
10.2101
10.2201
10.2301
10.2401
10.2501
10.2601
10.2701
10.2801
10.2901
10.3001
10.3101
10.3201
10.3301
10.3401
10.3501
10.3601
10.3701
10.3801
10.3901
10.4001
10.4101
10.4201
10.4301
10.4401
10.4501
10.4601
10.4701
10.4801
10.4901
10.5001
10.5101
10.5201
10.5301
10.5401
10.5501
10.5601
10.5701
10.5801
10.5901
10.6001
10.6101
10.6201
10.6301
10.6401
10.6501
10.6601
10.6701
10.6801
10.6901
10.7001
10.7101
10.7201
10.7302
10.7402
10.7502
10.7602
10.7702
10.7802
10.7902
10.8002
10.8102
10.8202
10.8302
10.8402
10.8502
10.8602
10.8702
10.8802
10.8902
10.9002
10.9102
10.9202
10.9302
10.9402
10.9502
10.9602
10.9702
10.9802
10.9902
11.0002
11.0102
11.0202
11.0302
11.0402
11.0502
11.0602
11.0702
11.0802
11.0902
11.1002
11.1102
11.1202
11.1302
11.1402
11.1502
11.1602
11.1702
11.1802
11.1902
11.2002
11.2102
11.2202
11.2302
11.2402
11.2502
11.2602
11.2702
11.2802
11.2902
11.3002
11.3102
11.3202
11.3302
11.3402
11.3502
11.3602
11.3702
11.3802
11.3902
11.4002
11.4102
11.4202
11.4302
11.4402
11.4502
11.4602
11.4702
11.4802
11.4902
11.5002
11.5102
11.5202
11.5302
11.5402
11.5502
11.5602
11.5702
11.5802
11.5902
11.6002
11.6102
11.6202
11.6302
11.6402
11.6502
11.6602
11.6702
11.6802
11.6902
11.7002
11.7102
11.7202
11.7302
11.7402
11.7502
11.7602
11.7702
11.7802
11.7902
11.8002
11.8102
11.8202
11.8302
11.8402
11.8502
11.8602
11.8702
11.8802
11.8902
11.9002
11.9102
11.9202
11.9302
11.9402
11.9502
11.9602
11.9702
11.9802
11.9902
12.0002
12.0102
12.0202
12.0302
12.0402
12.0502
12.0602
12.0702
12.0802
12.0902
12.1002
12.1102
12.1202
12.1302
12.1402
12.1502
12.1602
12.1702
12.1802
12.1902
12.2002
12.2102
12.2202
12.2302
12.2402
12.2502
12.2602
12.2702
12.2802
12.2902
12.3002
12.3102
12.3202
12.3302
12.3402
12.3502
12.3602
12.3702
12.3802
12.3902
12.4002
12.4102
12.4202
12.4302
12.4402
12.4502
12.4602
12.4702
12.4802
12.4902
12.5002
12.5102
12.5202
12.5302
12.5402
12.5502
12.5602
12.5702
12.5802
12.5902
12.6002
12.6102
12.6202
12.6302
12.6402
12.6502
12.6602
12.6702
12.6802
12.6902
12.7002
12.7102
12.7202
12.7302
12.7402
12.7502
12.7602
12.7702
12.7802
12.7902
12.8002
12.8102
12.8202
12.8302
12.8402
12.8502
12.8602
12.8702
12.8802
12.8902
12.9002
12.9102
12.9202
12.9302
12.9402
12.9502
12.9602
12.9702
12.9802
12.9902
13.0002
13.0102
13.0202
13.0302
13.0402
13.0502
13.0602
13.0702
13.0802
13.0902
13.1002
13.1102
13.1202
13.1302
13.1402
13.1502
13.1602
13.1702
13.1802
13.1902
13.2002
13.2102
13.2202
13.2302
13.2402
13.2502
13.2602
13.2702
13.2802
13.2902
13.3002
13.3102
13.3202
13.3302
13.3402
13.3502
13.3602
13.3702
13.3802
13.3902
13.4002
13.4102
13.4202
13.4302
13.4402
13.4502
13.4602
13.4702
13.4802
13.4902
13.5002
13.5102
13.5202
13.5302
13.5402
13.5502
13.5602
13.5702
13.5802
13.5902
13.6002
13.6102
13.6202
13.6302
13.6402
13.6502
13.6602
13.6702
13.6802
13.6902
13.7002
13.7102
13.7202
13.7302
13.7402
13.7502
13.7602
13.7702
13.7802
13.7902
13.8002
13.8102
13.8202
13.8302
13.8402
13.8502
13.8602
13.8702
13.8802
13.8902
13.9002
13.9102
13.9202
13.9302
13.9402
13.9502
13.9602
13.9702
13.9802
13.9902
14.0002
14.0102
14.0202
14.0302
14.0402
14.0502
14.0602
14.0702
14.0802
14.0902
14.1002
14.1102
14.1202
14.1302
14.1402
14.1502
14.1602
14.1702
14.1802
14.1902
14.2002
14.2102
14.2202
14.2302
14.2402
14.2502
14.2602
14.2702
14.2802
14.2902
14.3002
14.3102
14.3202
14.3302
14.3402
14.3502
14.3602
14.3702
14.3802
14.3902
14.4002
14.4102
14.4202
14.4302
14.4402
14.4502
14.4602
14.4702
14.4802
14.4902
14.5002
14.5102
14.5202
14.5302
14.5402
14.5502
14.5602
14.5702
14.5802
14.5902
14.6002
14.6102
14.6202
14.6302
14.6402
14.6502
14.6602
14.6702
14.6802
14.6902
14.7002
14.7102
14.7202
14.7302
14.7402
14.7502
14.7602
14.7702
14.7802
14.7902
14.8002
14.8102
14.8202
14.8302
14.8402
14.8502
14.8602
14.8702
14.8802
14.8902
14.9002
14.9102
14.9202
14.9302
14.9402
14.9502
14.9602
14.9702
14.9802
14.9902
15.0002
15.0102
15.0202
15.0302
15.0402
15.0502
15.0602
15.0702
15.0802
15.0903
15.1003
15.1103
15.1203
15.1303
15.1403
15.1503
15.1603
15.1703
15.1803
15.1903
15.2003
15.2103
15.2203
15.2303
15.2403
15.2503
15.2603
15.2703
15.2803
15.2903
15.3003
15.3103
15.3203
15.3303
15.3403
15.3503
15.3603
15.3703
15.3803
15.3903
15.4003
15.4103
15.4203
15.4303
15.4403
15.4503
15.4603
15.4703
15.4803
15.4903
15.5003
15.5103
15.5203
15.5303
15.5403
15.5503
15.5603
15.5703
15.5803
15.5903
15.6003
15.6103
15.6203
15.6303
15.6403
15.6503
15.6603
15.6703
15.6803
15.6903
15.7003
15.7103
15.7203
15.7303
15.7403
15.7503
15.7603
15.7703
15.7803
15.7903
15.8003
15.8103
15.8203
15.8303
15.8403
15.8503
15.8603
15.8703
15.8803
15.8903
15.9003
15.9103
15.9203
15.9303
15.9403
15.9503
15.9603
15.9703
15.9803
15.9903
16.0003
16.0103
16.0203
16.0303
16.0403
16.0503
16.0603
16.0703
16.0803
16.0903
16.1003
16.1103
16.1203
16.1303
16.1403
16.1503
16.1603
16.1703
16.1803
16.1903
16.2003
16.2103
16.2203
16.2303
16.2403
16.2503
16.2603
16.2703
16.2803
16.2903
16.3003
16.3103
16.3203
16.3303
16.3403
16.3503
16.3603
16.3703
16.3803
16.3903
16.4003
16.4103
16.4203
16.4303
16.4403
16.4503
16.4603
16.4703
16.4803
16.4903
16.5003
16.5103
16.5203
16.5303
16.5403
16.5503
16.5603
16.5703
16.5803
16.5903
16.6003
16.6103
16.6203
16.6303
16.6403
16.6503
16.6603
16.6703
16.6803
16.6903
16.7003
16.7103
16.7203
16.7303
16.7403
16.7503
16.7603
16.7703
16.7803
16.7903
16.8003
16.8103
16.8203
16.8303
16.8403
16.8503
16.8603
16.8703
16.8803
16.8903
16.9003
16.9103
16.9203
16.9303
16.9403
16.9503
16.9603
16.9703
16.9803
16.9903
17.0003
17.0103
17.0203
17.0303
17.0403
17.0503
17.0603
17.0703
17.0803
17.0903
17.1003
17.1103
17.1203
17.1303
17.1403
17.1503
17.1603
17.1703
17.1803
17.1903
17.2003
17.2103
17.2203
17.2303
17.2403
17.2503
17.2603
17.2703
17.2803
17.2903
17.3003
17.3103
17.3203
17.3303
17.3403
17.3503
17.3603
17.3703
17.3803
17.3903
17.4003
17.4103
17.4203
17.4303
17.4403
17.4503
17.4603
17.4703
17.4803
17.4903
17.5003
17.5103
17.5203
17.5303
17.5403
17.5503
17.5603
17.5703
17.5803
17.5903
