0.00317984
0.00999257
0.00999256
0.00999255
0.0099925
0.00999246
0.00999244
0.00999239
0.00999239
0.00999235
0.00999231
0.00999229
0.00999224
0.00999222
0.00999216
0.00999213
0.00999212
0.00999207
0.00999204
0.009992
0.009992
0.00999198
0.00999196
0.00999193
0.00999192
0.00999192
0.0099919
0.00999188
0.00999187
0.00999189
0.00999187
0.00999187
0.00999186
0.00999189
0.00999189
0.00999186
0.00999188
0.00999189
0.00999188
0.00999189
0.00999189
0.00999189
0.0099919
0.0099919
0.00999189
0.00999188
0.00999189
0.0099919
0.0099919
0.0099919
0.00999189
0.00999189
0.00999188
0.00999187
0.00999186
0.00999186
0.00999186
0.00999187
0.00999187
0.00999186
0.00999185
0.00999184
0.00999183
0.00999183
0.00999182
0.00999181
0.0099918
0.00999179
0.00999178
0.00999177
0.00999177
0.00999177
0.00999177
0.00999177
0.00999177
0.00999177
0.00999175
0.00999173
0.00999173
0.00999172
0.00999172
0.00999171
0.00999171
0.0099917
0.0099917
0.00999169
0.00999169
0.00999169
0.00999167
0.00999166
0.00999165
0.00999164
0.00999163
0.00999163
0.00999162
0.00999161
0.0099916
0.00999159
0.00999157
0.00999156
0.00999155
0.00999153
0.00999153
0.00999151
0.0099915
0.00999148
0.00999147
0.00999145
0.00999144
0.00999142
0.00999141
0.00999139
0.00999137
0.00999137
0.00999135
0.00999133
0.0099913
0.0099913
0.00999126
0.00999125
0.00999124
0.00999122
0.0099912
0.00999119
0.00999116
0.00999114
0.00999112
0.00999109
0.00999106
0.00999106
0.00999103
0.009991
0.00999097
0.00999094
0.00999093
0.00999091
0.00999087
0.00999087
0.00999084
0.00999079
0.00999079
0.00999076
0.00999073
0.0099907
0.00999067
0.00999064
0.00999059
0.00999055
0.00999054
0.00999051
0.00999047
0.00999044
0.0099904
0.00999036
0.00999031
0.00999026
0.00999025
0.0099902
0.00999015
0.0099901
0.0099901
0.00999004
0.00999
0.00998995
0.00998992
0.00998989
0.00998983
0.00998979
0.00998974
0.00998971
0.00998966
0.00998961
0.00998961
0.00998958
0.00998951
0.00998947
0.00998945
0.00998937
0.00998931
0.00998929
0.00998923
0.00998916
0.00998905
0.00998904
0.00998899
0.00998894
0.00998888
0.00998881
0.00998874
0.00998873
0.00998863
0.00998855
0.00998855
0.00998849
0.00998838
0.00998831
0.00998825
0.00998816
0.00998809
0.009988
0.00998794
0.00998787
0.0099878
0.00998772
0.00998767
0.00998762
0.00998754
0.00998752
0.00998742
0.00998737
0.00998733
0.00998726
0.00998718
0.00998715
0.00998704
0.009987
0.00998692
0.00998686
0.0099868
0.00998673
0.00998663
0.00998656
0.00998649
0.00998642
0.00998633
0.00998626
0.00998616
0.00998606
0.00998604
0.00998595
0.00998587
0.00998576
0.00998562
0.00998559
0.00998543
0.00998541
0.0099853
0.00998521
0.00998512
0.00998501
0.00998492
0.0099848
0.00998466
0.00998463
0.00998448
0.00998436
0.00998433
0.00998421
0.00998408
0.00998397
0.00998384
0.00998381
0.00998362
0.00998362
0.00998348
0.00998329
0.00998315
0.009983
0.00998288
0.00998278
0.00998267
0.00998252
0.0099824
0.00998223
0.00998219
0.00998206
0.00998192
0.00998179
0.00998167
0.00998155
0.00998142
0.00998133
0.00998119
0.00998119
0.00998102
0.00998081
0.00998081
0.00998067
0.00998043
0.00998043
0.00998027
0.00998012
0.00997993
0.00997989
0.00997974
0.00997959
0.00997946
0.00997931
0.00997916
0.00997901
0.00997888
0.00997873
0.00997855
0.00997843
0.00997831
0.00997813
0.00997799
0.00997786
0.00997767
0.00997749
0.00997749
0.00997729
0.00997703
0.00997703
0.00997683
0.00997661
0.00997648
0.00997635
0.00997606
0.00997574
0.00997571
0.00997553
0.00997538
0.0099752
0.009975
0.00997486
0.0099746
0.00997442
0.00997421
0.00997406
0.00997406
0.00997382
0.00997368
0.0099735
0.00997331
0.00997316
0.00997302
0.00997282
0.00997266
0.00997249
0.00997225
0.00997213
0.00997197
0.0099717
0.00997157
0.00997142
0.00997119
0.00997082
0.00997061
0.00997045
0.00997028
0.00997
0.00996965
0.00996943
0.00996902
0.0099688
0.00996842
0.00996816
0.00996779
0.00996753
0.00996737
0.00996711
0.00996692
0.00996653
0.00996627
0.00996614
0.00996599
0.00996574
0.00996554
0.00996539
0.00996517
0.00996484
0.00996462
0.00996426
0.00996402
0.0099637
0.00996348
0.0099631
0.00996306
0.00996283
0.00996261
0.00996248
0.00996215
0.00996195
0.00996178
0.00996157
0.00996135
0.00996107
0.00996092
0.00996068
0.00996045
0.00996012
0.00996005
0.00995979
0.00995959
0.00995939
0.0099591
0.00995887
0.00995861
0.00995834
0.00995811
0.00995785
0.00995752
0.00995729
0.00995703
0.00995662
0.00995625
0.0099559
0.00995564
0.00995536
0.00995499
0.00995443
0.00995407
0.00995407
0.00995362
0.00995323
0.00995296
0.00995218
0.00995209
0.00995168
0.00995138
0.009951
0.00995049
0.00995012
0.00994983
0.00994954
0.00994915
0.00994888
0.00994849
0.00994819
0.00994779
0.0099474
0.009947
0.0099467
0.00994636
0.00994601
0.00994566
0.00994543
0.00994469
0.00994429
0.00994421
0.00994383
0.00994371
0.00994293
0.00994261
0.00994182
0.00994105
0.00994105
0.00994052
0.00994006
0.00993995
0.00993949
0.00993901
0.00993863
0.0099383
0.00993783
0.00993745
0.00993719
0.00993666
0.00993621
0.00993576
0.00993531
0.00993531
0.00993483
0.00993412
0.00993365
0.00993286
0.0099324
0.009932
0.00993144
0.00993108
0.00993072
0.00993023
0.0099297
0.00992911
0.00992871
0.00992834
0.00992763
0.00992726
0.00992627
0.00992551
0.00992496
0.00992453
0.00992401
0.00992351
0.00992303
0.00992206
0.00992159
0.00992122
0.00992016
0.00991977
0.00991877
0.00991829
0.00991776
0.00991725
0.00991682
0.00991626
0.00991611
0.00991554
0.00991497
0.00991462
0.00991418
0.00991354
0.00991317
0.00991278
0.00991211
0.0099117
0.00991126
0.00991067
0.00991
0.00990954
0.00990914
0.00990837
0.00990837
0.00990777
0.00990732
0.00990674
0.00990598
0.00990546
0.0099049
0.00990418
0.00990303
0.00990228
0.00990155
0.00990077
0.00989996
0.00989924
0.00989861
0.00989771
0.00989686
0.00989686
0.00989531
0.00989465
0.00989355
0.00989268
0.00989186
0.00989098
0.00989029
0.00988946
0.00988864
0.00988788
0.00988721
0.00988642
0.00988558
0.00988446
0.00988429
0.00988339
0.00988223
0.00988207
0.00988123
0.00988008
0.00987988
0.00987902
0.00987834
0.00987765
0.00987675
0.00987598
0.00987529
0.00987434
0.00987339
0.00987265
0.00987187
0.0098706
0.00987008
0.00986904
0.00986851
0.00986712
0.00986712
0.00986524
0.0098644
0.00986412
0.00986304
0.00986217
0.00986126
0.0098601
0.00985921
0.00985836
0.00985723
0.0098564
0.00985497
0.00985373
0.00985373
0.00985245
0.00985158
0.00985041
0.00984952
0.00984852
0.00984669
0.00984543
0.00984404
0.00984268
0.00984162
0.00984067
0.00983908
0.00983875
0.00983734
0.00983562
0.00983528
0.00983401
0.00983231
0.00983087
0.00983058
0.00982892
0.00982859
0.00982686
0.00982541
0.00982441
0.00982308
0.00982274
0.00982137
0.00982026
0.00981908
0.00981767
0.0098166
0.0098155
0.00981401
0.00981283
0.00981157
0.00981
0.00980887
0.00980779
0.0098062
0.00980505
0.00980393
0.00980234
0.00980102
0.00979974
0.00979813
0.00979688
0.00979555
0.00979373
0.00979241
0.00979114
0.0097895
0.00978828
0.00978692
0.00978504
0.00978378
0.00978239
0.00978041
0.00977913
0.00977787
0.009776
0.00977472
0.0097731
0.00977137
0.00976999
0.00976863
0.00976659
0.00976518
0.00976377
0.00976178
0.00976019
0.00975874
0.00975632
0.00975427
0.0097528
0.00975115
0.00974907
0.00974744
0.00974594
0.00974377
0.00974222
0.00973997
0.00973941
0.00973729
0.00973551
0.00973387
0.00973182
0.00972955
0.00972793
0.00972609
0.00972381
0.00972142
0.00971933
0.00971752
0.00971578
0.00971168
0.00970974
0.0097056
0.0097056
0.00970302
0.00969961
0.00969653
0.00969406
0.00969221
0.00969162
0.00968732
0.00968732
0.00968446
0.00968195
0.00968014
0.00967833
0.00967596
0.0096743
0.00967243
0.00966996
0.00966755
0.00966323
0.00966267
0.00966012
0.00965842
0.00965657
0.00965378
0.00965185
0.00964992
0.00964729
0.00964536
0.00964348
0.00964054
0.00963879
0.00963662
0.00963408
0.00963182
0.00962969
0.00962707
0.00962495
0.00962268
0.00961974
0.00961677
0.00961377
0.00961141
0.00960831
0.00960831
0.00960515
0.00960044
0.00960044
0.0095969
0.00959213
0.00959213
0.00958855
0.00958626
0.00958343
0.00958006
0.00957749
0.00957484
0.00957114
0.00956839
0.00956584
0.00956235
0.0095567
0.00955313
0.00955063
0.0095476
0.00954405
0.0095388
0.00953467
0.00952878
0.00952797
0.00952413
0.00952131
0.00951848
0.00951484
0.00951128
0.00950838
0.00950548
0.00950181
0.00949897
0.00949616
0.00949141
0.00948848
0.00948848
0.00948166
0.00947875
0.00947414
0.00947001
0.00946729
0.00946433
0.00946003
0.00945683
0.00945379
0.00944974
0.00944648
0.00944257
0.00943923
0.00943604
0.00943181
0.0094273
0.0094273
0.00941955
0.00941614
0.00941614
0.00940816
0.0094046
0.00939644
0.00939288
0.00939288
0.00938462
0.00938103
0.00937605
0.0093725
0.00936867
0.00935995
0.00935609
0.00935609
0.00934746
0.00934361
0.00934361
0.00933476
0.00933118
0.00932267
0.00931885
0.00931013
0.00930615
0.0092999
0.00929483
0.00929096
0.00928685
0.00928181
0.0092779
0.00927374
0.00926906
0.00926492
0.00926158
0.00925626
0.00925226
0.00924588
0.00924099
0.00923314
0.0092276
0.00921969
0.00921431
0.00920996
0.00920589
0.00920028
0.00919185
0.00918631
0.00917792
0.00917209
0.00916389
0.00915803
0.00914961
0.00914407
0.00913601
0.0091301
0.0091221
0.00911668
0.00910854
0.00910337
0.00909556
0.00909556
0.00909041
0.00908624
0.00908232
0.00907728
0.00907087
0.00906582
0.00906176
0.00905672
0.00905549
0.00905028
0.00904499
0.00903947
0.00903529
0.00902935
0.00902935
0.00902366
0.009014
0.00901249
0.00900635
0.00900108
0.0089963
0.00898937
0.0089824
0.00897523
0.00896968
0.0089622
0.00896019
0.00895266
0.00894441
0.00893841
0.00893014
0.008922
0.00891571
0.00890927
0.00890067
0.00889854
0.00888988
0.00888314
0.00887389
0.00886719
0.00885816
0.00884936
0.00884732
0.00883839
0.00883119
0.0088247
0.00881544
0.00880396
0.00879236
0.00878277
0.00877372
0.00876426
0.00875744
0.00875018
0.0087409
0.00873363
0.00871767
0.00871767
0.00870813
0.00870116
0.00869173
0.00868435
0.00867254
0.00866288
0.00865597
0.00864646
0.00864646
0.00863689
0.00862473
0.00861539
0.00860826
0.00859836
0.00859611
0.00858336
0.00857382
0.00857382
0.00856355
0.00854798
0.00854798
0.00853749
0.00852182
0.00852182
0.00851117
0.00849514
0.00849514
0.00848099
0.00846681
0.00846681
0.00845553
0.00843855
0.00843855
0.00842699
0.00841793
0.00840601
0.00839713
0.00838816
0.00837606
0.00836701
0.00835505
0.00834582
0.0083368
0.00832435
0.0083149
0.00830567
0.00828728
0.00828407
0.00826817
0.00825562
0.00825562
0.00823954
0.00822681
0.00821408
0.0081948
0.00818181
0.00817171
0.00816236
0.00814878
0.00814557
0.00813269
0.00811592
0.00809886
0.00806207
0.00804872
0.0080392
0.00802489
0.00802489
0.00800853
0.00799255
0.00799255
0.00797945
0.00796334
0.00795122
0.00794256
0.00793962
0.00792722
0.00791846
0.00790932
0.00789712
0.00788746
0.00787869
0.007867
0.00785725
0.00784406
0.00783162
0.00781839
0.00780548
0.00780224
0.00778865
0.007774
0.00776057
0.00774949
0.00773513
0.00773163
0.00771661
0.00770449
0.00769342
0.00767798
0.00766565
0.00765333
0.00763752
0.00762489
0.00761321
0.00759641
0.00758423
0.00757172
0.00755532
0.00754283
0.00752983
0.00751291
0.00749641
0.00747933
0.00747489
0.00745806
0.00744489
0.00743214
0.0074149
0.0073975
0.00738084
0.00738084
0.00734989
0.00733701
0.00733252
0.00731114
0.00729342
0.00727975
0.00726693
0.00724909
0.00723131
0.00723131
0.00721352
0.00718642
0.00718642
0.00716832
0.00714144
0.00711851
0.00709941
0.00708585
0.00707145
0.00705329
0.00703888
0.0070248
0.00700568
0.00698704
0.00695426
0.00694031
0.00693574
0.00691322
0.00688091
0.00686635
0.00684868
0.00682118
0.00678923
0.00677607
0.00674504
0.00674046
0.00672306
0.00670606
0.00669343
0.00668074
0.00666407
0.00665128
0.00663956
0.0066236
0.00660805
0.0066033
0.00658807
0.00656436
0.00654842
0.00652413
0.00652004
0.00650308
0.00648685
0.00646928
0.00645668
0.00644326
0.00641166
0.00640746
0.00638967
0.00637128
0.00635768
0.00634347
0.00632445
0.00630988
0.00629045
0.00627055
0.0062509
0.00624588
0.00622599
0.00621115
0.00619589
0.00617592
0.0061611
0.00614086
0.0061252
0.00611007
0.00608974
0.00607476
0.00605926
0.00603309
0.00599701
0.00599701
0.00597597
0.00595523
0.00593863
0.00592306
0.00590157
0.00588545
0.0058691
0.00584782
0.00583173
0.00581667
0.00579488
0.00577989
0.00575808
0.00574282
0.00572706
0.00570553
0.00568443
0.00567885
0.005658
0.00564163
0.00560427
0.00558822
0.00557151
0.00554984
0.00553317
0.0055165
0.0054942
0.00547802
0.00546109
0.00543845
0.00542164
0.00540484
0.00538277
0.005366
0.00534971
0.0053273
0.00529477
0.00528945
0.00526748
0.00525114
0.00522985
0.00520724
0.00519128
0.00516974
0.0051528
0.00514702
0.00512522
0.00510813
0.00509203
0.00506932
0.00505341
0.00503035
0.00500802
0.00499097
0.00497413
0.00495202
0.00493404
0.00491163
0.00488792
0.00487082
0.0048649
0.00484192
0.00482499
0.00480703
0.00478418
0.00476594
0.00474871
0.00472546
0.00470825
0.00468487
0.00466118
0.00463812
0.00461522
0.00461522
0.00459146
0.00455655
0.0045338
0.00449886
0.00447576
0.00444679
0.00442311
0.00441769
0.0043943
0.0043714
0.00435475
0.00433258
0.0043103
0.00430469
0.00428368
0.00426745
0.00425103
0.00422989
0.00421483
0.00419902
0.00417846
0.00416244
0.00414681
0.00412609
0.00411083
0.00409503
0.00407471
0.00405382
0.00401666
0.00400158
0.00398104
0.00395937
0.00394415
0.00392791
0.00390703
0.00390703
0.00388621
0.00386416
0.00384909
0.00382729
0.0038066
0.00379016
0.00377472
0.00375323
0.00373731
0.00373234
0.00369562
0.00368048
0.00364389
0.00362747
0.00362207
0.00360131
0.00357969
0.0035589
0.00353908
0.00353908
0.00351793
0.00348668
0.00348668
0.00346562
0.0034509
0.00343081
0.00341556
0.00339592
0.00338155
0.00336695
0.00334687
0.00333289
0.00331729
0.00329885
0.0032837
0.00326863
0.00324988
0.00323526
0.00322081
0.00320149
0.00318702
0.00317196
0.00315289
0.0031379
0.00311868
0.00310349
0.00308983
0.00306944
0.00305568
0.00304009
0.00302135
0.00300132
0.00298721
0.00297243
0.00295338
0.00293363
0.00291981
0.00290583
0.00288607
0.0028725
0.00286787
0.00284813
0.00283478
0.00282041
0.00279753
0.00278798
0.00277402
0.00275585
0.00272878
0.00271038
0.00269734
0.00268354
0.00266568
0.0026527
0.00263908
0.00262219
0.00260872
0.00259703
0.00258517
0.00257601
0.00256681
0.00255553
0.00254738
0.00253829
0.00252709
0.00251779
0.00250359
0.00249181
0.00248302
0.00247153
0.00247153
0.00246038
0.00244244
0.00243982
0.00242832
0.00241891
0.00240462
0.00240168
0.00238108
0.00237792
0.0023659
0.00236305
0.00235077
0.00234155
0.00232605
0.0023146
0.00230521
0.0022963
0.00228495
0.00228495
0.00227245
0.00226044
0.00224571
0.00223393
0.00222487
0.0022189
0.00220743
0.00219567
0.00219567
0.00218361
0.00217295
0.00216399
0.00215485
0.00214421
0.00213499
0.00212606
0.0021153
0.00210647
0.00209808
0.00208448
0.00207355
0.00206168
0.00206168
0.00205082
0.00203418
0.00203157
0.00202052
0.00201272
0.00200519
0.00199425
0.00198591
0.0019731
0.00196272
0.00195999
0.00194939
0.00194174
0.00193396
0.00192385
0.00191567
0.00190544
0.00189848
0.00188791
0.00187758
0.00187527
0.00186554
0.00185759
0.00184981
0.00183759
0.00182747
0.00182499
0.00181542
0.00180501
0.00179566
0.00179315
0.00178303
0.00177546
0.00176868
0.00175903
0.00175189
0.00174237
0.00173573
0.00172617
0.00171886
0.00171225
0.00170259
0.00169591
0.0016887
0.00168022
0.00167328
0.00166429
0.00165752
0.00164883
0.00164285
0.00163563
0.00162702
0.00162038
0.00161407
0.001605
0.00159717
0.00159717
0.00158871
0.00158003
0.00156977
0.00155575
0.00155344
0.00154278
0.00154092
0.00153309
0.00152689
0.00152109
0.00151357
0.00150746
0.00150103
0.00149189
0.00148462
0.00147695
0.00147501
0.00146788
0.00146204
0.0014537
0.00145189
0.00144185
0.00143404
0.00142713
0.00142046
0.00141453
0.0014087
0.00140306
0.0013968
0.00139481
0.00138832
0.00138162
0.00137673
0.00136908
0.00135993
0.00135331
0.00134835
0.00134254
0.00134102
0.00133508
0.00132726
0.00132162
0.00131425
0.00130841
0.0013043
0.00130142
0.00129565
0.00129172
0.00128784
0.00128263
0.00127703
0.0012732
0.00126934
0.00126812
0.00125921
0.00125557
0.00125557
0.00125077
0.0012461
0.00124109
0.0012373
0.00123186
0.00122698
0.0012224
0.00122133
0.00121678
0.00121189
0.0012067
0.0012067
0.00120163
0.00119709
0.00119371
0.00118966
0.00118492
0.00118083
0.00117622
0.001173
0.00116976
0.00116535
0.00116124
0.00116013
0.00115509
0.00115163
0.00114762
0.00114369
0.00113939
0.00113939
0.00113245
0.00112927
0.00112817
0.00112432
0.00112155
0.00111882
0.0011138
0.00110982
0.00110982
0.00110596
0.00110513
0.00110471
0.00110418
0.00110355
0.00110301
0.00110314
0.00110305
0.00110249
0.00110185
0.00110133
0.00110127
0.00110184
0.00110117
0.00110081
0.0011002
0.00110019
0.00110001
0.00109988
0.00109977
0.0010997
0.0010996
0.00109949
0.00109924
0.00109899
0.00109876
0.00109863
0.0010985
0.00109828
0.00109808
0.00109799
0.00109793
0.00109772
0.00109765
0.0010977
0.0010975
0.0010975
0.00109746
0.00109742
0.00109736
0.00109736
0.00109732
0.00109729
0.00109724
0.00109726
0.00109719
0.00109722
0.00109709
0.00109699
0.00109688
0.00109681
0.00109671
0.0010967
0.00109656
0.00109645
0.00109647
0.00109643
0.00109637
0.00109635
0.00109633
0.00109632
0.00109622
0.0010962
0.0010961
0.00109615
0.00109619
0.00109608
0.00109596
0.00109594
0.00109589
0.0010958
0.00109577
0.00109575
0.00109571
0.00109575
0.00109568
0.00109565
0.00109564
0.00109562
0.00109565
0.00109557
0.00109554
0.00109555
0.00109566
0.00109565
0.00109564
0.0010956
0.00109563
0.00109563
0.00109559
0.00109562
0.00109569
0.00109568
0.00109571
0.00109574
0.00109582
0.00109575
0.00109575
0.00109581
0.00109588
0.00109586
0.00109587
0.00109588
0.00109589
0.00109602
0.00109604
0.00109601
0.00109607
0.00109613
0.00109614
0.00109618
0.00109617
0.00109622
0.00109621
0.00109625
0.00109631
0.00109631
0.00109628
0.0010963
0.00109631
0.00109633
0.00109635
0.00109641
0.00109641
0.00109638
0.00109638
0.00109641
0.00109636
0.00109636
0.00109639
0.00109636
0.00109635
0.00109638
0.00109635
0.00109641
0.00109638
0.00109643
0.0010964
0.00109643
0.00109639
0.00109639
0.00109646
0.00109643
0.00109642
0.00109646
0.00109647
0.00109643
0.00109649
0.00109648
0.00109643
0.00109643
0.00109642
0.00109642
0.00109643
0.00109653
0.00109642
0.00109646
0.00109644
0.00109646
0.00109643
0.00109638
0.00109635
0.00109638
0.00109642
0.00109642
0.00109642
0.00109641
0.00109636
0.00109638
0.00109645
0.00109643
0.00109637
0.00109641
0.00109635
0.00109639
0.00109636
0.00109638
0.00109634
0.00109633
0.00109633
0.00109636
0.00109637
0.0010964
0.00109641
0.00109639
0.00109641
0.00109638
0.0010964
0.00109642
0.00109639
0.0010964
0.00109638
0.00109641
0.00109643
0.00109642
0.0010964
0.00109634
0.00109634
0.00109635
0.0010964
0.00109643
0.00109643
0.0010964
0.0010964
0.0010964
0.00109641
0.0010964
0.00109641
0.00109635
0.0010964
0.0010964
0.00109639
0.00109639
0.00109636
0.00109644
0.00109643
0.0010964
0.0010964
0.00109638
0.00109637
0.00109637
0.00109645
0.00109642
0.00109642
0.00109641
0.00109641
0.00109641
0.0010964
0.00109647
0.00109645
0.00109645
0.00109646
0.00109642
0.00109648
0.00109649
0.0010965
0.00109649
0.00109651
0.00109649
0.00109649
0.00109646
0.00109648
0.0010965
0.00109648
0.00109648
0.0010965
0.0010965
0.00109651
0.00109649
0.00109651
0.00109652
0.00109653
0.00109651
0.00109651
0.00109651
0.00109651
0.0010965
0.00109651
0.00109652
0.00109651
0.00109649
0.00109652
0.00109651
0.00109651
0.00109649
0.00109648
0.00109648
0.00109648
0.00109646
0.00109646
0.00109644
0.00109645
0.00109646
0.00109651
0.00109651
0.00109652
0.00109651
0.00109651
0.00109652
0.00109651
0.00109651
0.00109651
0.0010965
0.00109651
0.00109651
0.00109651
0.00109651
0.0010965
0.00109651
0.00109649
0.00109654
0.00109654
0.00109652
0.00109653
0.00109653
0.00109652
0.00109655
0.00109655
0.00109655
0.00109653
0.00109653
0.00109653
0.00109647
0.0010965
0.00109649
0.00109649
0.00109649
0.00109649
0.00109649
0.0010965
0.0010965
0.00109651
0.0010965
0.00109648
0.00109647
0.00109648
0.00109647
0.00109647
0.00109647
0.00109642
0.00109642
0.00109643
0.00109644
0.00109646
0.00109645
0.00109645
0.00109645
0.00109643
0.00109642
0.00109647
0.00109642
0.00109648
0.00109648
0.00109645
0.00109645
0.00109649
0.0010965
0.0010965
0.0010965
0.00109642
0.00109645
0.00109644
0.00109644
0.00109647
0.00109654
0.00109653
0.00109651
0.00109651
0.00109651
0.00109649
0.0010965
0.00109649
0.00109651
0.00109651
0.00109652
0.00109653
0.0010965
0.00109649
0.00109648
0.00109649
0.0010965
0.00109652
0.00109646
0.00109644
0.00109647
0.00109647
0.00109646
0.00109646
0.00109646
0.00109646
0.00109647
0.00109646
0.00109646
0.00109646
0.00109646
0.00109646
0.00109646
0.00109646
0.00109651
0.00109649
0.00109649
0.00109649
0.00109651
0.00109651
0.00109651
0.0010965
0.00109649
0.00109649
0.00109649
0.0010965
0.00109649
0.00109651
0.00109653
0.00109653
0.00109651
0.00109652
0.00109651
0.00109651
0.00109652
0.00109652
0.00109649
0.00109649
0.00109645
0.00109645
0.00109644
0.00109644
0.00109645
0.00109643
0.00109643
0.00109647
0.00109647
0.00109648
0.00109649
0.00109649
0.00109649
0.00109649
0.00109649
0.00109649
0.00109649
0.0010965
0.0010965
0.0010965
0.00109652
0.00109652
0.0010965
0.00109652
0.0010965
0.00109652
