0
0
0.00549468
0.00549468
0.0109545
0.0163443
0.0216317
0.0216317
0.0265869
0.0313632
0.0359197
0.0402237
0.044335
0.044335
0.047959
0.0513804
0.0546664
0.0578179
0.0607735
0.0635971
0.0662859
0.0688098
0.0688098
0.0688098
0.0709314
0.0709314
0.0728125
0.0728125
0.0728125
0.0728125
0.0744442
0.0760121
0.0760121
0.0760121
0.0760121
0.0760121
0.0774718
0.0774718
0.0789025
0.0803148
0.0817103
0.0831036
0.0831036
0.0831036
0.0845115
0.085944
0.0873823
0.0888335
0.0902982
0.0917785
0.0932767
0.0947872
0.0963326
0.0979066
0.0995036
0.101123
0.10276
0.104426
0.106091
0.107781
0.109476
0.109476
0.111184
0.112904
0.112904
0.114648
0.114648
0.114648
0.114648
0.116402
0.118162
0.119925
0.121673
0.123453
0.125232
0.127019
0.128809
0.130619
0.132427
0.134244
0.134244
0.136054
0.137886
0.13972
0.141561
0.143411
0.145262
0.14711
0.14711
0.148978
0.150835
0.15268
0.154541
0.156411
0.158275
0.160137
0.16199
0.163831
0.165668
0.167507
0.169342
0.171174
0.173
0.173
0.174808
0.176608
0.17841
0.180212
0.180212
0.180212
0.181981
0.181981
0.183732
0.183732
0.185472
0.187196
0.188919
0.190639
0.192353
0.194059
0.195757
0.19746
0.199156
0.200844
0.202526
0.204188
0.205836
0.205836
0.205836
0.205836
0.207431
0.209019
0.209019
0.210604
0.210604
0.212155
0.212155
0.213696
0.215225
0.215225
0.216709
0.216709
0.218173
0.219618
0.221044
0.222457
0.223878
0.225264
0.225264
0.226637
0.226637
0.227984
0.229317
0.229317
0.230609
0.23187
0.23312
0.23312
0.234344
0.235548
0.236746
0.23793
0.239108
0.240266
0.241402
0.242519
0.243622
0.244708
0.245777
0.246812
0.247833
0.248833
0.248833
0.249773
0.250685
0.251579
0.25243
0.253246
0.253246
0.253246
0.253996
0.254732
0.255442
0.256117
0.256769
0.257406
0.258013
0.258013
0.258588
0.259132
0.259656
0.259656
0.260133
0.260577
0.260974
0.261348
0.261676
0.26199
0.26227
0.262525
0.262751
0.26293
0.263069
0.26317
0.263233
0.26326
0.263248
0.263196
0.263121
0.263012
0.262863
0.262863
0.262639
0.262376
0.262065
0.261727
0.261327
0.260873
0.26038
0.259845
0.259257
0.258621
0.258621
0.257902
0.257134
0.257134
0.256289
0.25537
0.254443
0.253471
0.252473
0.251434
0.250356
0.249229
0.248051
0.246826
0.245541
0.245541
0.244156
0.242745
0.242745
0.241247
0.239717
0.239717
0.238111
0.236434
0.236434
0.234659
0.232828
0.230937
0.22901
0.227041
0.225035
0.225035
0.222964
0.220883
0.218793
0.216686
0.214569
0.214569
0.212422
0.210255
0.208078
0.208078
0.205868
0.205868
0.203623
0.201376
0.199107
0.196823
0.196823
0.194498
0.192205
0.192205
0.189899
0.187603
0.185346
0.183096
0.18086
0.18086
0.178667
0.178667
0.176512
0.174385
0.172287
0.170201
0.168129
0.168129
0.166073
0.166073
0.166073
0.164065
0.162039
0.160022
0.160022
0.158046
0.156075
0.156075
0.15411
0.15411
0.15217
0.15217
0.150256
0.148353
0.146467
0.146467
0.146467
0.144616
0.142761
0.142761
0.142761
0.14093
0.14093
0.139133
0.139133
0.137375
0.135626
0.133875
0.133875
0.132141
0.130404
0.130404
0.128636
0.126865
0.125091
0.125091
0.125091
0.123318
0.121555
0.121555
0.119798
0.11804
0.11804
0.116288
0.114541
0.112809
0.111081
0.109359
0.109359
0.107665
0.105983
0.104319
0.102678
0.102678
0.101058
0.0994584
0.0978548
0.0962658
0.0946786
0.0946786
0.0946786
0.0931353
0.0916071
0.0900945
0.0885903
0.0871009
0.0871009
0.0856464
0.0842097
0.0842097
0.0842097
0.0842097
0.0828505
0.0815064
0.0815064
0.0802123
0.0802123
0.0802123
0.0789852
0.077774
0.077774
0.0765963
0.0754176
0.0742575
0.0731009
0.0719412
0.0719412
0.0719412
0.0707657
0.0707657
0.0707657
0.0695865
0.0683923
0.0671881
0.0659768
0.0647663
0.0635574
0.0635574
0.0623322
0.0611034
0.0598786
0.0586477
0.0574159
0.0574159
0.0561875
0.0549677
0.053744
0.053744
0.0525351
0.0513295
0.0513295
0.0513295
0.0513295
0.0513295
0.0501775
0.0501775
0.049049
0.0479394
0.0468363
0.0457445
0.0457445
0.0446878
0.0436467
0.0436467
0.0436467
0.0426308
0.0416225
0.0416225
0.0406535
0.0396907
0.038737
0.038737
0.038737
0.0378131
0.036904
0.0359925
0.0351006
0.0342163
0.0333529
0.0333529
0.0333529
0.0333529
0.0325147
0.0325147
0.0325147
0.0317099
0.0309155
0.0301232
0.0301232
0.0293521
0.0285989
0.0278519
0.0278519
0.0271182
0.0263966
0.0256693
0.0249624
0.0249624
0.0249624
0.0242779
0.0236016
0.0229441
0.0222891
0.0216427
0.0210087
0.0210087
0.020394
0.0197778
0.0191753
0.0185809
0.0185809
0.0180086
0.017444
0.017444
0.017444
0.0169092
0.0163751
0.0158569
0.0158569
0.0153556
0.0148597
0.0143708
0.0138982
0.0134333
0.0129785
0.0129785
0.0125413
0.012121
0.012121
0.0117178
0.0113289
0.0109497
0.0109497
0.0109497
0.0105997
0.0102554
0.00992462
0.00992462
0.00959782
0.00928717
0.0089802
0.00867903
0.00838337
0.00809954
0.00780545
0.00753141
0.00725441
0.00699654
0.00673427
0.00648215
0.00648215
0.006243
0.00601514
0.00578197
0.00555948
0.00555948
0.00531876
0.00510899
0.0049149
0.00471998
0.00452992
0.00435265
0.00418031
0.0040129
0.0038494
0.0038494
0.00370162
0.00370162
0.00356605
0.00342556
0.00329586
0.00329586
0.00317155
0.00305984
0.00295795
0.00285212
0.00275893
0.00275893
0.00267517
0.00267517
0.00259321
0.00252028
0.00245498
0.00238787
0.00233925
0.00229063
0.00224112
0.00220247
0.00216472
0.00212012
0.00207512
0.00204227
0.0020098
0.00198313
0.00195101
0.00192158
0.00192158
0.00189571
0.00186654
0.00184639
0.00182894
0.00181494
0.00180409
0.00179361
0.00179361
0.00180298
0.00180974
0.00181134
0.00181134
0.00182996
0.00186249
0.00190136
0.00193575
0.0019668
0.0020114
0.0020114
0.00206633
0.00212819
0.0022014
0.0022731
0.00234474
0.00241448
0.00250492
0.00259989
0.00269524
0.00278538
0.00278538
0.0028926
0.00300017
0.00300017
0.0031235
0.00324125
0.00335489
0.00347151
0.00347151
0.00347151
0.00360661
0.00373345
0.00373345
0.00373345
0.00373345
0.00387963
0.00401744
0.00401744
0.00415744
0.00430877
0.00445743
0.00445743
0.00460036
0.00475467
0.00490828
0.0050542
0.00521264
0.00537778
0.00554936
0.00571643
0.00589331
0.00607503
0.00625708
0.00644203
0.00662845
0.0068153
0.00701427
0.00721205
0.00740984
0.00740984
0.00760661
0.00781501
0.00802179
0.00822392
0.00842215
0.00863587
0.00885033
0.00906283
0.00926976
0.00947753
0.00969395
0.00990408
0.0101214
0.0103304
0.0105521
0.010766
0.0109801
0.0112
0.0114269
0.0116517
0.0118702
0.0118702
0.0120875
0.0123119
0.0125531
0.0125531
0.0127762
0.0127762
0.0127762
0.0127762
0.0127762
0.0127762
0.0127762
0.0127762
0.0127762
0.0127762
0.0127762
0.0127762
0.0127762
0.0127762
0.0127762
0.0127762
0.013029
0.013029
0.013029
0.013029
0.013029
0.013029
0.013029
0.013029
0.013029
0.013029
0.013029
0.013029
0.013029
0.013029
0.013029
0.013029
0.013029
0.013029
0.013029
0.013029
0.013029
0.013029
0.013329
0.013329
0.013329
0.0136316
0.013947
0.0142587
0.0145733
0.0148939
0.0152078
0.0155336
0.0158572
0.0161886
0.0165324
0.0168676
0.0172004
0.0175427
0.0178974
0.0182503
0.0185993
0.0189521
0.0189521
0.0189521
0.0193089
0.0196631
0.0200183
0.0203846
0.0207492
0.0211273
0.0215004
0.02187
0.0222396
0.0226228
0.0230039
0.0233845
0.0233845
0.0237652
0.0241421
0.0245233
0.0249024
0.0252886
0.0256732
0.0260583
0.0264354
0.026812
0.0271971
0.0275685
0.0279526
0.0283367
0.0287126
0.0290904
0.0290904
0.0294648
0.0298392
0.0302066
0.0305749
0.0309366
0.0312966
0.0316561
0.0320165
0.0323756
0.0327317
0.0330828
0.0334342
0.0337769
0.03412
0.0344629
0.0344629
0.0347991
0.0351334
0.035467
0.0358011
0.0361331
0.0364605
0.036786
0.0371113
0.0374429
0.0377679
0.0380886
0.0384052
0.0387296
0.0390494
0.0393735
0.0396955
0.0400107
0.0403416
0.0406576
0.0409885
0.0413215
0.041652
0.0419825
0.0423126
0.0426296
0.0429499
0.0432625
0.0435777
0.0438945
0.0442119
0.0445291
0.0448464
0.0451637
0.0454814
0.0457946
0.0460818
0.0460818
0.0463742
0.0466685
0.0469625
0.0472524
0.0475358
0.0478113
0.0480887
0.0483535
0.0486184
0.0488827
0.0491472
0.0494121
0.0494121
0.0496725
0.0499204
0.0501654
0.0504036
0.0506415
0.0508813
0.051119
0.051119
0.0513554
0.0515811
0.0518066
0.0520203
0.0522403
0.0524604
0.0524604
0.0526781
0.0528836
0.0530912
0.0530912
0.0530912
0.0532865
0.0534796
0.0536687
0.0538514
0.0540391
0.0542151
0.0543909
0.0545583
0.054729
0.0549
0.0550651
0.0550651
0.0552242
0.0553827
0.0555309
0.0556824
0.0556824
0.0558267
0.0559603
0.0560961
0.0562321
0.0563682
0.0565084
0.0566331
0.0567508
0.0568733
0.0569883
0.0569883
0.0571003
0.0572126
0.0573201
0.0574143
0.0575149
0.0576165
0.0577138
0.0578042
0.0578965
0.0578965
0.0579843
0.0580583
0.0581346
0.0581346
0.0581346
0.0581865
0.0581865
0.0582271
0.0582683
0.0582896
0.0583138
0.058336
0.0583409
0.0583437
0.0583478
0.0583401
0.0583401
0.0583401
0.0583149
0.058272
0.0582264
0.0581714
0.0581052
0.0581052
0.0581052
0.0580253
0.0579276
0.0578311
0.0577193
0.0575992
0.0574676
0.0574676
0.0573248
0.0571755
0.0570147
