-0.000203552
-0.000203043
-0.000202535
-0.000202029
-0.000201524
-0.00020102
-0.000200517
-0.000200016
-0.000199516
-0.000199017
-0.00019852
-0.000198023
-0.000197528
-0.000197035
-0.000196542
-0.000196051
-0.00019556
-0.000195072
-0.000194584
-0.000194097
-0.000193612
-0.000193128
-0.000192645
-0.000192164
-0.000191683
-0.000191204
-0.000190726
-0.000190249
-0.000189774
-0.000189299
-0.000188826
-0.000188354
-0.000187883
-0.000187413
-0.000186945
-0.000186477
-0.000186011
-0.000185546
-0.000185082
-0.00018462
-0.000184158
-0.000183698
-0.000183238
-0.00018278
-0.000182323
-0.000181868
-0.000181413
-0.000180959
-0.000180507
-0.000180056
-0.000179606
-0.000179157
-0.000178709
-0.000178262
-0.000177816
-0.000177372
-0.000176928
-0.000176486
-0.000176045
-0.000175605
-0.000175166
-0.000174728
-0.000174291
-0.000173855
-0.000173421
-0.000172987
-0.000172555
-0.000172123
-0.000171693
-0.000171264
-0.000170835
-0.000170408
-0.000169982
-0.000169557
-0.000169133
-0.000168711
-0.000168289
-0.000167868
-0.000167448
-0.00016703
-0.000166612
-0.000166196
-0.00016578
-0.000165366
-0.000164952
-0.00016454
-0.000164129
-0.000163718
-0.000163309
-0.000162901
-0.000162493
-0.000162087
-0.000161682
-0.000161278
-0.000160875
-0.000160472
-0.000160071
-0.000159671
-0.000159272
-0.000158874
-0.000158477
-0.00015808
-0.000157685
-0.000157291
-0.000156898
-0.000156505
-0.000156114
-0.000155724
-0.000155335
-0.000154946
-0.000154559
-0.000154173
-0.000153787
-0.000153403
-0.000153019
-0.000152637
-0.000152255
-0.000151874
-0.000151495
-0.000151116
-0.000150738
-0.000150361
-0.000149985
-0.00014961
-0.000149236
-0.000148863
-0.000148491
-0.00014812
-0.00014775
-0.00014738
-0.000147012
-0.000146644
-0.000146278
-0.000145912
-0.000145547
-0.000145183
-0.00014482
-0.000144458
-0.000144097
-0.000143737
-0.000143378
-0.000143019
-0.000142662
-0.000142305
-0.000141949
-0.000141594
-0.00014124
-0.000140887
-0.000140535
