0
0
0
0
3.82798
3.84128
3.89043
3.90833
3.94005
3.95803
3.98856
4.02029
4.06725
4.09938
4.13808
4.17983
4.22151
4.25539
4.31107
4.34913
4.38312
4.43913
4.48905
4.5427
4.59054
4.62332
4.68843
4.74029
4.79229
4.83858
4.88527
4.94624
4.99664
5.05609
5.11001
5.16771
5.2252
5.28654
5.33908
5.38966
5.45368
5.52116
5.5833
5.64439
5.70389
5.75982
5.82655
5.87576
5.93223
5.99658
6.06324
6.12152
6.19672
6.25566
6.30024
6.37178
6.4172
6.47898
6.51622
6.58361
6.62679
6.69192
6.74594
6.80474
6.85611
6.91669
6.95748
7.001
7.0466
7.09431
7.13283
7.17875
7.21607
7.25549
7.29667
7.32715
7.34995
7.375
7.39438
7.40937
7.42882
7.44296
7.45771
7.4647
7.47675
7.48072
7.48753
7.49219
