0
0
-5.99811
-5.99811
-5.99811
-5.99753
-5.98585
-5.95369
-5.93149
-5.92122
-5.91658
-5.91054
-5.90108
-5.89208
-5.88853
-5.88771
-5.88634
-5.88579
-5.88847
-5.89482
-5.89482
-5.9016
-5.90594
-5.91221
-5.91758
-5.92268
-5.92704
-5.9322
-5.93553
-5.93812
-5.94018
-5.94122
-5.94165
-5.94128
-5.94011
-5.93814
-5.93558
-5.9332
-5.92919
-5.92435
-5.91849
-5.91261
-5.90704
-5.90055
-5.8937
-5.88614
-5.87913
-5.8712
-5.86346
-5.85527
-5.84779
-5.83837
-5.82816
-5.81768
-5.80729
-5.80729
-5.79638
-5.78702
-5.7755
-5.76556
-5.75455
-5.74454
-5.72986
-5.71857
-5.70497
-5.69387
-5.69387
-5.67974
-5.66779
-5.65757
-5.64616
-5.62555
-5.61279
-5.59808
-5.58473
-5.57223
-5.55882
-5.54735
-5.53637
-5.52478
-5.51489
-5.5008
-5.49069
-5.48008
-5.46756
-5.45912
-5.44773
-5.43887
-5.42991
-5.42033
-5.41521
-5.41008
-5.40497
-5.39988
-5.39466
-5.38907
-5.38214
-5.37591
-5.36629
-5.35565
-5.34752
-5.33206
-5.32397
-5.31409
-5.30822
-5.29936
-5.29126
-5.28709
-5.27515
-5.25532
-5.24436
-5.23577
-5.22362
-5.21295
-5.20369
-5.19229
-5.17744
-5.16582
-5.15523
-5.14223
-5.12471
-5.11436
-5.10297
-5.09391
-5.08486
-5.0746
-5.06306
-5.05254
-5.04198
-5.03147
-5.0234
-5.01543
-5.00531
-4.98956
-4.98956
-4.97439
-4.96215
-4.94949
-4.93275
-4.91614
-4.90489
-4.89391
-4.88556
-4.88203
-4.86128
-4.85088
-4.83903
-4.82928
-4.82184
-4.80192
-4.79218
-4.7804
-4.77127
-4.76008
-4.75116
-4.73403
-4.72573
-4.71359
-4.70133
-4.69041
-4.67621
-4.66701
-4.65687
-4.64688
-4.64025
-4.62581
-4.61567
-4.60087
-4.58942
-4.58031
-4.56469
-4.56141
-4.55067
-4.53907
-4.5296
-4.51685
-4.50713
-4.49725
-4.49057
-4.48609
-4.47705
-4.46335
-4.45876
-4.4449
-4.43209
-4.42151
-4.40966
-4.40253
-4.39659
-4.38594
-4.37541
-4.36164
-4.35824
-4.34252
-4.33354
-4.32333
-4.31302
-4.30037
-4.28454
-4.27577
-4.27041
-4.25995
-4.2498
-4.24083
-4.22989
-4.22488
-4.21472
-4.20014
-4.18959
-4.18228
-4.17308
-4.16617
-4.15949
-4.1521
-4.14396
-4.13394
-4.12156
-4.11362
-4.1025
-4.09345
-4.08562
-4.07006
-4.06409
-4.05668
-4.05101
-4.0453
-4.03864
-4.02654
-4.0212
-4.01313
-4.00334
-4.00334
-3.99298
-3.9847
-3.97669
-3.96569
-3.96569
-3.95545
-3.94747
-3.94026
-3.93232
-3.92534
-3.9186
-3.90999
-3.90651
-3.90102
-3.89558
-3.88945
-3.88186
-3.87556
-3.86848
-3.86283
-3.85727
-3.85253
-3.84599
-3.84093
-3.83479
-3.82813
-3.82329
-3.82329
-3.81478
-3.80991
-3.80387
-3.79794
-3.79162
-3.78718
-3.78184
-3.77667
-3.77264
-3.76817
-3.7623
-3.75844
-3.75371
-3.75049
-3.74472
-3.74259
-3.73925
-3.73557
-3.73076
-3.72717
-3.72439
-3.71965
-3.71617
-3.71353
-3.71096
-3.70915
-3.70495
-3.70189
-3.69855
-3.6956
-3.6908
-3.6908
-3.68712
-3.68476
-3.68086
-3.67821
-3.67692
-3.67438
-3.67213
-3.66918
-3.66702
-3.66516
-3.66227
-3.66079
-3.65914
-3.65755
-3.65755
-3.65503
-3.65273
-3.65178
-3.64877
-3.64694
-3.64535
-3.64333
-3.64144
-3.63913
-3.6378
-3.63678
-3.6358
-3.6346
-3.63329
-3.632
-3.63072
-3.62981
-3.62916
-3.62831
-3.6276
-3.62672
-3.62624
-3.62539
-3.62482
-3.62407
-3.62292
-3.62196
-3.62108
-3.6205
-3.62002
-3.61907
-3.61815
-3.61735
-3.61658
-3.61517
-3.61429
-3.61335
-3.61335
-3.61222
-3.61129
-3.61054
-3.61001
-3.60943
-3.60887
-3.60813
-3.60776
-3.6074
-3.60668
-3.60644
-3.60577
-3.60517
-3.60456
-3.60402
-3.60354
-3.60307
-3.60249
-3.60157
-3.60084
-3.60027
-3.59972
-3.59972
-3.59897
-3.59855
-3.59815
-3.59785
-3.5975
-3.5971
-3.59658
-3.59622
-3.59578
-3.59507
-3.59445
-3.59412
-3.59361
-3.59312
-3.59268
-3.59215
-3.59153
-3.59106
-3.5907
-3.59044
-3.58997
-3.58954
-3.58912
-3.58863
-3.5882
-3.58772
-3.58713
-3.5867
-3.58622
-3.58584
-3.58518
-3.58486
-3.58431
-3.58383
-3.58335
-3.58277
-3.58193
-3.58136
-3.58136
