1.91716e-05
1.91716e-05
1.91716e-05
1.92924e-05
1.96878e-05
2.00832e-05
2.03273e-05
2.02453e-05
2.01632e-05
2.00811e-05
1.9999e-05
1.99565e-05
1.99775e-05
1.99825e-05
1.99911e-05
1.99997e-05
2.00082e-05
2.00168e-05
2.00254e-05
2.00339e-05
2.00425e-05
2.0051e-05
2.00596e-05
2.00682e-05
2.00767e-05
2.00705e-05
2.00695e-05
2.00684e-05
2.00674e-05
2.00219e-05
1.99794e-05
1.99491e-05
1.99188e-05
1.98804e-05
1.98387e-05
1.97971e-05
1.97555e-05
1.97138e-05
1.96722e-05
1.96293e-05
1.96586e-05
1.96879e-05
1.96448e-05
1.96016e-05
1.95585e-05
1.94827e-05
1.94069e-05
1.93311e-05
1.93211e-05
1.93111e-05
1.9301e-05
1.9341e-05
1.9381e-05
1.9421e-05
1.94349e-05
1.94487e-05
1.94626e-05
1.93535e-05
1.93759e-05
1.93932e-05
1.94106e-05
1.94744e-05
1.93757e-05
1.92771e-05
1.93159e-05
1.93566e-05
1.9396e-05
1.93041e-05
1.92121e-05
1.91948e-05
1.9192e-05
1.93532e-05
1.93776e-05
1.9447e-05
1.95163e-05
1.95599e-05
1.96059e-05
1.97382e-05
1.98705e-05
1.99518e-05
1.98362e-05
1.97207e-05
1.96051e-05
1.9738e-05
1.98709e-05
2.00753e-05
2.02796e-05
2.03527e-05
2.04257e-05
2.04988e-05
2.05719e-05
2.06449e-05
2.0718e-05
2.0791e-05
2.07316e-05
2.06722e-05
2.06128e-05
2.06409e-05
2.06295e-05
2.09121e-05
2.10121e-05
2.10433e-05
2.12255e-05
2.15498e-05
2.17484e-05
2.18706e-05
2.20936e-05
2.22738e-05
2.2694e-05
2.30231e-05
2.35955e-05
2.40836e-05
2.48807e-05
2.53258e-05
2.57708e-05
2.63421e-05
2.72346e-05
2.85452e-05
2.93922e-05
3.06929e-05
3.1812e-05
3.31402e-05
3.44685e-05
3.57967e-05
3.71249e-05
3.84532e-05
3.97814e-05
4.09534e-05
4.21253e-05
4.32973e-05
4.44693e-05
4.58787e-05
4.72881e-05
4.84668e-05
4.96454e-05
5.08241e-05
5.20331e-05
5.32422e-05
5.44512e-05
5.56468e-05
5.68424e-05
5.77258e-05
5.86093e-05
5.97045e-05
6.07348e-05
6.16261e-05
6.25174e-05
6.34087e-05
6.45717e-05
6.53436e-05
6.63483e-05
6.72716e-05
6.80467e-05
6.90137e-05
6.99371e-05
7.06904e-05
7.13955e-05
7.20267e-05
7.27664e-05
7.31625e-05
7.37971e-05
7.44317e-05
7.50663e-05
7.52974e-05
7.56586e-05
7.60198e-05
7.63418e-05
7.66638e-05
7.69858e-05
7.72224e-05
7.7459e-05
7.76956e-05
7.79322e-05
7.81688e-05
7.82437e-05
7.8188e-05
7.80403e-05
7.78926e-05
7.7745e-05
7.75146e-05
7.72842e-05
7.70039e-05
7.6655e-05
7.6314e-05
7.59457e-05
7.56157e-05
7.52858e-05
7.49558e-05
7.46259e-05
7.42959e-05
7.3966e-05
7.36361e-05
7.33061e-05
7.29762e-05
7.2631e-05
7.22707e-05
7.18275e-05
7.1407e-05
7.0958e-05
7.05204e-05
7.00828e-05
6.96264e-05
6.917e-05
6.87137e-05
6.82573e-05
6.77784e-05
6.72954e-05
6.68125e-05
6.62989e-05
6.57852e-05
6.52716e-05
6.4758e-05
6.42868e-05
6.38155e-05
6.33443e-05
6.28771e-05
6.24232e-05
6.19781e-05
6.15329e-05
6.10877e-05
6.06434e-05
6.02197e-05
5.97764e-05
5.93331e-05
5.88917e-05
5.84504e-05
5.8009e-05
5.75819e-05
5.71549e-05
5.67279e-05
5.63009e-05
5.58911e-05
5.54915e-05
5.50741e-05
5.46658e-05
5.42744e-05
5.3883e-05
5.34886e-05
5.30932e-05
5.2715e-05
5.23308e-05
5.19467e-05
5.15654e-05
5.11973e-05
5.08297e-05
5.04668e-05
5.0099e-05
4.97395e-05
4.938e-05
4.90206e-05
4.86611e-05
4.83017e-05
4.79422e-05
4.75827e-05
4.72472e-05
4.69681e-05
4.66933e-05
4.64371e-05
4.61787e-05
4.5921e-05
4.56791e-05
4.54546e-05
4.52301e-05
4.49965e-05
4.47718e-05
4.45472e-05
4.43245e-05
4.41099e-05
4.39033e-05
4.36968e-05
4.34986e-05
4.32824e-05
4.30691e-05
4.28658e-05
4.26473e-05
4.24288e-05
4.22152e-05
4.20003e-05
4.17695e-05
4.15402e-05
4.13108e-05
4.10814e-05
4.08633e-05
4.06493e-05
4.04202e-05
4.0191e-05
3.99741e-05
3.97585e-05
3.95429e-05
3.93273e-05
3.91117e-05
3.88961e-05
3.86805e-05
3.84649e-05
3.82493e-05
3.80337e-05
3.78181e-05
3.76025e-05
3.73869e-05
3.71713e-05
3.6967e-05
3.67628e-05
3.65159e-05
3.62855e-05
3.60433e-05
3.58035e-05
3.55559e-05
3.5307e-05
3.50487e-05
3.47903e-05
3.45408e-05
3.42889e-05
3.40762e-05
3.38655e-05
3.36615e-05
3.34506e-05
3.32407e-05
3.30402e-05
3.28751e-05
3.271e-05
3.25269e-05
3.23241e-05
3.21207e-05
3.19172e-05
3.1746e-05
3.15693e-05
3.14039e-05
3.12341e-05
3.10649e-05
3.08974e-05
3.07119e-05
3.05264e-05
3.03409e-05
3.01554e-05
2.99907e-05
2.98261e-05
2.96697e-05
2.95134e-05
2.9357e-05
2.92007e-05
2.90444e-05
2.89077e-05
2.8771e-05
2.86343e-05
2.84976e-05
2.83455e-05
2.81934e-05
2.80412e-05
2.78891e-05
2.77423e-05
2.75955e-05
2.74487e-05
2.73332e-05
2.72186e-05
2.71041e-05
2.69679e-05
2.68317e-05
2.66956e-05
2.65603e-05
2.64219e-05
2.62836e-05
2.61452e-05
2.60069e-05
2.58685e-05
2.57598e-05
2.5651e-05
2.55423e-05
2.54335e-05
2.53248e-05
2.5216e-05
2.51073e-05
2.50339e-05
2.49605e-05
2.48498e-05
2.47391e-05
2.46285e-05
2.45178e-05
2.44072e-05
2.42755e-05
2.41302e-05
2.40028e-05
2.38753e-05
2.37692e-05
2.36704e-05
2.35818e-05
2.35e-05
2.34202e-05
2.33404e-05
2.32756e-05
2.32069e-05
2.3117e-05
2.3042e-05
2.2967e-05
2.28767e-05
2.27864e-05
2.2696e-05
2.26057e-05
2.25034e-05
2.24011e-05
2.23402e-05
2.22792e-05
2.22211e-05
2.21561e-05
2.2091e-05
2.20132e-05
2.19477e-05
2.18822e-05
2.18168e-05
2.17318e-05
2.16549e-05
2.15744e-05
2.15013e-05
2.14272e-05
2.13531e-05
2.12789e-05
2.12048e-05
2.1156e-05
2.11072e-05
2.10584e-05
2.10306e-05
2.10009e-05
2.09605e-05
2.08917e-05
2.08446e-05
2.07781e-05
2.07116e-05
2.0653e-05
2.0571e-05
2.0489e-05
2.04199e-05
2.03666e-05
2.03257e-05
2.02877e-05
2.02497e-05
2.02116e-05
2.0183e-05
2.01545e-05
2.01253e-05
2.00962e-05
2.00557e-05
1.9986e-05
1.99214e-05
1.98606e-05
1.97998e-05
1.9739e-05
1.96767e-05
1.96234e-05
1.95701e-05
1.95169e-05
1.94569e-05
1.94155e-05
1.93954e-05
1.93814e-05
1.93528e-05
1.93332e-05
1.93109e-05
1.92861e-05
1.9285e-05
1.92799e-05
1.92381e-05
1.91963e-05
1.91545e-05
1.91149e-05
1.9074e-05
1.90331e-05
1.89814e-05
1.89297e-05
1.88781e-05
1.88264e-05
1.87777e-05
1.87291e-05
1.86918e-05
1.86717e-05
1.8673e-05
1.86599e-05
1.866e-05
1.86602e-05
1.86604e-05
1.86606e-05
1.86608e-05
1.8661e-05
1.86612e-05
1.86614e-05
1.86616e-05
1.86855e-05
1.87094e-05
1.87333e-05
1.87572e-05
1.86837e-05
1.86101e-05
1.85366e-05
1.8463e-05
1.83894e-05
1.82887e-05
1.81863e-05
1.8084e-05
1.8007e-05
1.79308e-05
1.78843e-05
1.78377e-05
1.78127e-05
1.7804e-05
1.77952e-05
1.77865e-05
1.78437e-05
1.79009e-05
1.79581e-05
1.80153e-05
1.80442e-05
1.80808e-05
1.81175e-05
1.81541e-05
1.80806e-05
1.8003e-05
1.79254e-05
1.78478e-05
1.77825e-05
1.76937e-05
1.76207e-05
1.75564e-05
1.7492e-05
1.74277e-05
1.7347e-05
1.72562e-05
1.71655e-05
1.70781e-05
1.69907e-05
1.69033e-05
1.68369e-05
1.67704e-05
1.6704e-05
1.66375e-05
1.6571e-05
1.64958e-05
1.64187e-05
1.63416e-05
1.62644e-05
1.61873e-05
1.61102e-05
1.6034e-05
1.59869e-05
1.59398e-05
1.58927e-05
1.58453e-05
1.58081e-05
1.57689e-05
1.57297e-05
1.56905e-05
1.56514e-05
1.5623e-05
1.55946e-05
1.55662e-05
1.55378e-05
1.55143e-05
1.54908e-05
1.54673e-05
1.54439e-05
1.54273e-05
1.54108e-05
1.54024e-05
1.53939e-05
1.53602e-05
1.53398e-05
1.53223e-05
1.53171e-05
1.5312e-05
1.52911e-05
1.52702e-05
1.52493e-05
1.52365e-05
1.52266e-05
1.52102e-05
1.5198e-05
1.51857e-05
1.51734e-05
1.51612e-05
1.51564e-05
1.51516e-05
1.51533e-05
1.51549e-05
1.51507e-05
1.51465e-05
1.51399e-05
1.51333e-05
1.51267e-05
1.51201e-05
1.51135e-05
1.51061e-05
1.50987e-05
1.50993e-05
1.51e-05
1.50986e-05
1.50905e-05
1.50874e-05
1.50796e-05
1.50796e-05
1.50646e-05
1.50643e-05
1.50648e-05
1.50653e-05
1.50658e-05
1.50663e-05
1.50811e-05
1.50747e-05
1.5074e-05
1.50712e-05
1.50777e-05
1.50879e-05
1.50983e-05
1.51057e-05
1.51158e-05
1.51134e-05
1.51223e-05
1.51304e-05
1.51365e-05
1.51477e-05
1.5159e-05
1.51702e-05
1.51814e-05
1.51857e-05
1.52069e-05
1.52219e-05
1.52399e-05
1.5252e-05
1.52656e-05
1.52792e-05
1.52988e-05
1.53183e-05
1.53378e-05
1.53537e-05
1.5376e-05
1.53926e-05
1.54093e-05
1.54259e-05
1.54425e-05
1.54592e-05
1.54758e-05
1.54924e-05
1.55091e-05
1.55257e-05
1.55423e-05
1.5559e-05
1.55756e-05
1.55922e-05
1.56089e-05
1.56255e-05
1.56421e-05
1.56588e-05
1.56754e-05
1.5692e-05
1.57087e-05
1.57253e-05
1.5735e-05
1.57447e-05
1.57544e-05
1.5764e-05
1.57737e-05
1.57834e-05
1.57931e-05
1.58028e-05
1.57971e-05
1.57915e-05
1.57858e-05
1.57802e-05
1.57745e-05
1.57688e-05
1.57632e-05
1.57575e-05
1.57519e-05
1.57462e-05
1.57396e-05
1.57329e-05
1.57263e-05
1.57197e-05
1.5713e-05
1.57064e-05
1.56997e-05
1.56931e-05
1.56865e-05
1.56987e-05
1.57109e-05
1.5723e-05
1.57352e-05
1.57474e-05
1.57602e-05
1.57731e-05
1.57859e-05
1.57987e-05
1.58116e-05
1.58244e-05
1.58372e-05
1.585e-05
1.58629e-05
1.58526e-05
1.58423e-05
1.5832e-05
1.58217e-05
1.58115e-05
1.58012e-05
1.57909e-05
1.57806e-05
1.57703e-05
1.57601e-05
1.57498e-05
1.57395e-05
1.57292e-05
1.57189e-05
1.57087e-05
1.5717e-05
1.57253e-05
1.57336e-05
1.57419e-05
1.5727e-05
1.5727e-05
1.57114e-05
1.56959e-05
1.56803e-05
1.56808e-05
1.56814e-05
1.56819e-05
1.56824e-05
1.56829e-05
1.56834e-05
1.5684e-05
1.56838e-05
1.56824e-05
1.5681e-05
1.56795e-05
1.56781e-05
1.56767e-05
1.56753e-05
1.56738e-05
1.56724e-05
1.5671e-05
1.56614e-05
1.56519e-05
1.56424e-05
1.56329e-05
1.56234e-05
1.56158e-05
1.56196e-05
1.56144e-05
1.56092e-05
1.5604e-05
1.55987e-05
1.56184e-05
1.56381e-05
1.56577e-05
1.56774e-05
1.56971e-05
1.56942e-05
1.56962e-05
1.5688e-05
1.5643e-05
1.56301e-05
1.5608e-05
1.56011e-05
1.56048e-05
1.55411e-05
1.5495e-05
1.54217e-05
1.53689e-05
1.53157e-05
1.52324e-05
1.51898e-05
1.51204e-05
1.50698e-05
1.49931e-05
1.49153e-05
1.48848e-05
1.48543e-05
1.48003e-05
1.47518e-05
1.4704e-05
1.46752e-05
1.46567e-05
1.46292e-05
1.45982e-05
1.45742e-05
1.45576e-05
1.45459e-05
1.45483e-05
1.45542e-05
1.45426e-05
1.45355e-05
1.45447e-05
1.45455e-05
1.45504e-05
1.45304e-05
1.45215e-05
1.45224e-05
1.45267e-05
1.45221e-05
1.4534e-05
1.4545e-05
1.45653e-05
1.45611e-05
1.45631e-05
1.45569e-05
1.45702e-05
1.45745e-05
1.45784e-05
1.4576e-05
1.45737e-05
1.45713e-05
1.4569e-05
1.45826e-05
1.45962e-05
1.46112e-05
1.4623e-05
1.46329e-05
1.46398e-05
1.4653e-05
1.46665e-05
1.46896e-05
1.47127e-05
1.47358e-05
1.47525e-05
1.47707e-05
1.48025e-05
1.48169e-05
1.48343e-05
1.48517e-05
1.48737e-05
1.48876e-05
1.4911e-05
1.49345e-05
1.49544e-05
1.49655e-05
1.49801e-05
1.50038e-05
1.50297e-05
1.50632e-05
1.50984e-05
1.5122e-05
1.51381e-05
1.51573e-05
1.51765e-05
1.52002e-05
1.52198e-05
1.52397e-05
1.52596e-05
1.52795e-05
1.52994e-05
1.53196e-05
1.53383e-05
1.53584e-05
1.53749e-05
1.53869e-05
1.54015e-05
1.54282e-05
1.54464e-05
1.54733e-05
1.54975e-05
1.55206e-05
1.55458e-05
1.55634e-05
1.5589e-05
1.56069e-05
1.56247e-05
1.5651e-05
1.56749e-05
1.56987e-05
1.57225e-05
1.57386e-05
1.57609e-05
1.57911e-05
1.58122e-05
1.58348e-05
1.58633e-05
1.58811e-05
1.5905e-05
1.59308e-05
1.5957e-05
1.5985e-05
1.60076e-05
1.60336e-05
1.60571e-05
1.60832e-05
1.61045e-05
1.61259e-05
1.61465e-05
1.61639e-05
1.61812e-05
1.62253e-05
1.62734e-05
1.63141e-05
1.63448e-05
1.63654e-05
1.63703e-05
1.63857e-05
1.63917e-05
1.64046e-05
1.64187e-05
1.64364e-05
1.64554e-05
1.64722e-05
1.64885e-05
1.65008e-05
1.65102e-05
1.65193e-05
1.65281e-05
1.65374e-05
1.65503e-05
1.65567e-05
1.65708e-05
1.65842e-05
1.65996e-05
1.66164e-05
1.66321e-05
1.66471e-05
1.6662e-05
1.6677e-05
1.66919e-05
1.67069e-05
1.67261e-05
1.67458e-05
1.67649e-05
1.67841e-05
1.6803e-05
1.68216e-05
1.68408e-05
1.68608e-05
1.68833e-05
1.69051e-05
1.69271e-05
1.69502e-05
1.69728e-05
1.7001e-05
1.7027e-05
1.70533e-05
1.70807e-05
1.71087e-05
1.71397e-05
1.71699e-05
1.72002e-05
1.72304e-05
1.72614e-05
1.72911e-05
1.73209e-05
1.7353e-05
1.73834e-05
1.74163e-05
1.74497e-05
1.74819e-05
1.75132e-05
1.75447e-05
1.75798e-05
1.76123e-05
1.76417e-05
1.76764e-05
1.77074e-05
1.77452e-05
1.77786e-05
1.78179e-05
1.78393e-05
1.78658e-05
1.78938e-05
1.79252e-05
1.79566e-05
1.79997e-05
1.80348e-05
1.80778e-05
1.81104e-05
1.81502e-05
1.81915e-05
1.82381e-05
1.82902e-05
1.83247e-05
1.83786e-05
1.84242e-05
1.84479e-05
1.84921e-05
1.85296e-05
1.85754e-05
1.86212e-05
1.86861e-05
1.87474e-05
1.88243e-05
1.88863e-05
1.89355e-05
1.9001e-05
1.90424e-05
1.91037e-05
1.91334e-05
1.91909e-05
1.92473e-05
1.93144e-05
1.93349e-05
1.94019e-05
1.94625e-05
1.95313e-05
1.95982e-05
1.96728e-05
1.97416e-05
1.97944e-05
1.98564e-05
1.99245e-05
1.99891e-05
2.00536e-05
2.01175e-05
2.01613e-05
2.02183e-05
2.01619e-05
2.01561e-05
2.0153e-05
2.01567e-05
2.00813e-05
2.00042e-05
1.98762e-05
1.9719e-05
1.95868e-05
1.94496e-05
1.93533e-05
1.92554e-05
1.91718e-05
1.90888e-05
1.90197e-05
1.89648e-05
1.89281e-05
1.88915e-05
1.8846e-05
1.87991e-05
1.8735e-05
1.86709e-05
1.8631e-05
1.85875e-05
1.86067e-05
1.86398e-05
1.8673e-05
1.87129e-05
1.87279e-05
1.86971e-05
1.86933e-05
1.86578e-05
1.86143e-05
1.85645e-05
1.85155e-05
1.84439e-05
1.83623e-05
1.83024e-05
1.8254e-05
1.82041e-05
1.81616e-05
1.81496e-05
1.81572e-05
1.82075e-05
1.82393e-05
1.82629e-05
1.8272e-05
1.82701e-05
1.82618e-05
1.82642e-05
1.82527e-05
1.82346e-05
1.82099e-05
1.81831e-05
1.81573e-05
1.81557e-05
1.81712e-05
1.81992e-05
1.82151e-05
1.82666e-05
1.82765e-05
1.83025e-05
1.83319e-05
1.83872e-05
1.84081e-05
1.83948e-05
1.83938e-05
1.83738e-05
1.83809e-05
1.83701e-05
1.83687e-05
1.83644e-05
1.83489e-05
1.83516e-05
1.83933e-05
1.84366e-05
1.84785e-05
1.85286e-05
1.85748e-05
1.86334e-05
1.86549e-05
1.86629e-05
1.86718e-05
1.866e-05
1.8644e-05
1.86188e-05
1.85901e-05
1.85603e-05
1.85274e-05
1.85108e-05
1.84912e-05
1.84893e-05
1.84958e-05
1.85267e-05
1.85752e-05
1.86202e-05
1.86652e-05
1.8686e-05
1.87108e-05
1.87152e-05
1.87127e-05
1.86957e-05
1.86775e-05
1.8661e-05
1.86461e-05
1.86314e-05
1.8625e-05
1.86193e-05
1.86106e-05
1.86196e-05
1.86314e-05
1.866e-05
1.86786e-05
1.86802e-05
1.86855e-05
1.86837e-05
1.86996e-05
1.87175e-05
1.87234e-05
1.87302e-05
1.87395e-05
1.87328e-05
1.87327e-05
1.8728e-05
1.87279e-05
1.87331e-05
1.87583e-05
1.87574e-05
1.87563e-05
1.8748e-05
1.87398e-05
1.87365e-05
1.87421e-05
1.87348e-05
1.87299e-05
1.87068e-05
1.86911e-05
1.86874e-05
1.87049e-05
1.87213e-05
1.87224e-05
1.87261e-05
1.87277e-05
1.87259e-05
1.8727e-05
1.87475e-05
1.87668e-05
1.87557e-05
1.87629e-05
1.87763e-05
1.8792e-05
1.88016e-05
1.87906e-05
1.87852e-05
1.87798e-05
1.87836e-05
1.87875e-05
1.88027e-05
1.88185e-05
1.88237e-05
1.88214e-05
1.88138e-05
1.88097e-05
1.88139e-05
1.8818e-05
1.88433e-05
1.88501e-05
1.8849e-05
1.88416e-05
1.88355e-05
1.8839e-05
1.88418e-05
1.88427e-05
1.88375e-05
1.88343e-05
1.88348e-05
1.88422e-05
1.88573e-05
1.88676e-05
1.88874e-05
1.89072e-05
1.8905e-05
1.89168e-05
1.89191e-05
1.89379e-05
1.89567e-05
1.89605e-05
1.89674e-05
1.89742e-05
1.89699e-05
1.8969e-05
1.89729e-05
1.89769e-05
1.89808e-05
1.89945e-05
1.90061e-05
1.90101e-05
1.90064e-05
1.90045e-05
1.90156e-05
1.90353e-05
1.90509e-05
1.9071e-05
1.90912e-05
1.909e-05
1.91002e-05
1.90919e-05
1.90918e-05
1.91017e-05
1.91133e-05
1.91266e-05
1.91398e-05
1.9144e-05
1.9147e-05
1.91452e-05
1.91365e-05
1.91387e-05
1.91426e-05
1.91541e-05
1.91645e-05
1.91761e-05
1.9181e-05
1.91858e-05
1.91778e-05
1.91793e-05
1.91865e-05
1.91994e-05
1.921e-05
1.92206e-05
1.92201e-05
1.92141e-05
1.92117e-05
1.92137e-05
1.92273e-05
1.92448e-05
1.92623e-05
1.92797e-05
1.92948e-05
1.93018e-05
1.93018e-05
1.93108e-05
1.93235e-05
1.93479e-05
1.93584e-05
1.9379e-05
1.93914e-05
1.94038e-05
1.94192e-05
1.9424e-05
1.94238e-05
1.94236e-05
1.9393e-05
1.93843e-05
1.93139e-05
1.92398e-05
1.90716e-05
1.89516e-05
1.87246e-05
1.85643e-05
1.83504e-05
1.81979e-05
1.80244e-05
1.78635e-05
1.77104e-05
1.75261e-05
1.7354e-05
1.71785e-05
1.70404e-05
1.68855e-05
1.67306e-05
1.66108e-05
1.64858e-05
1.63862e-05
1.62632e-05
1.61401e-05
1.60318e-05
1.59165e-05
1.57977e-05
1.56889e-05
1.55513e-05
1.54251e-05
1.53049e-05
1.5218e-05
1.51311e-05
1.50715e-05
1.49893e-05
1.49157e-05
1.48431e-05
1.47623e-05
1.46881e-05
1.46112e-05
1.45801e-05
1.45245e-05
1.44613e-05
1.43948e-05
1.43336e-05
1.42671e-05
1.42235e-05
1.41846e-05
1.41458e-05
1.41039e-05
1.4047e-05
1.39989e-05
1.3955e-05
1.39126e-05
1.3869e-05
1.38231e-05
1.37653e-05
1.37559e-05
1.37444e-05
1.37242e-05
1.37031e-05
1.36661e-05
1.36369e-05
1.36122e-05
1.35909e-05
1.35735e-05
1.35728e-05
1.35785e-05
1.35741e-05
1.35668e-05
1.35546e-05
1.35351e-05
1.3531e-05
1.35354e-05
1.35299e-05
1.35271e-05
1.35295e-05
1.35434e-05
1.35543e-05
1.35527e-05
1.35423e-05
1.35204e-05
1.35288e-05
1.35472e-05
1.35686e-05
1.35929e-05
1.3596e-05
1.35957e-05
1.36124e-05
1.36418e-05
1.36735e-05
1.37003e-05
1.37142e-05
1.37255e-05
1.37355e-05
1.37459e-05
1.37625e-05
1.37942e-05
1.38193e-05
1.38417e-05
1.3868e-05
1.39094e-05
1.39548e-05
1.39926e-05
1.40208e-05
1.40435e-05
1.40512e-05
1.40651e-05
1.40722e-05
1.4088e-05
1.41171e-05
1.41531e-05
1.41961e-05
1.42392e-05
1.42876e-05
1.4319e-05
1.43423e-05
1.43576e-05
1.43795e-05
1.44149e-05
1.44526e-05
1.44921e-05
1.45292e-05
1.45671e-05
1.46002e-05
1.46274e-05
1.46608e-05
1.46927e-05
1.47353e-05
1.47667e-05
1.48102e-05
1.48397e-05
1.48698e-05
1.48985e-05
1.49347e-05
1.49733e-05
1.50112e-05
1.5049e-05
1.50916e-05
1.51366e-05
1.51751e-05
1.52136e-05
1.52432e-05
1.52761e-05
1.53019e-05
1.53318e-05
1.53687e-05
1.54054e-05
1.5442e-05
1.54744e-05
1.5504e-05
1.5521e-05
1.55414e-05
1.55521e-05
1.55797e-05
1.56111e-05
1.56586e-05
1.57053e-05
1.57509e-05
1.57954e-05
1.58322e-05
1.5866e-05
1.59025e-05
1.59435e-05
1.59604e-05
1.5977e-05
1.60067e-05
1.60521e-05
1.60968e-05
1.61546e-05
1.62151e-05
1.62715e-05
1.63141e-05
1.63547e-05
1.6398e-05
1.64394e-05
1.64771e-05
1.65234e-05
1.65648e-05
1.6606e-05
1.66362e-05
1.66618e-05
1.66814e-05
1.67135e-05
1.67506e-05
1.6794e-05
1.68491e-05
1.6897e-05
1.6939e-05
1.69679e-05
1.69966e-05
1.70249e-05
1.70636e-05
1.70986e-05
1.71273e-05
1.71566e-05
1.71898e-05
1.72244e-05
1.72526e-05
1.72842e-05
1.7311e-05
1.73403e-05
1.73727e-05
1.74083e-05
1.74348e-05
1.74609e-05
1.7487e-05
1.7519e-05
1.75473e-05
1.7576e-05
1.76003e-05
1.76281e-05
1.76613e-05
1.76945e-05
1.77322e-05
1.77577e-05
1.77832e-05
1.78086e-05
1.78341e-05
1.78596e-05
1.78851e-05
1.79105e-05
1.7936e-05
1.79615e-05
1.79869e-05
1.80124e-05
1.80379e-05
1.80634e-05
1.80888e-05
1.81143e-05
1.81398e-05
1.81653e-05
1.81907e-05
1.82162e-05
1.82417e-05
1.82671e-05
1.82926e-05
1.83181e-05
1.83436e-05
1.8369e-05
1.83945e-05
1.842e-05
1.84455e-05
1.84709e-05
1.84964e-05
1.85219e-05
1.85474e-05
1.85728e-05
1.85983e-05
1.86238e-05
1.86492e-05
1.86747e-05
1.87002e-05
1.87257e-05
1.87511e-05
1.87766e-05
1.88021e-05
1.88276e-05
1.8853e-05
1.88785e-05
1.8904e-05
1.89294e-05
1.89549e-05
1.89804e-05
1.90059e-05
1.90313e-05
1.90568e-05
1.90823e-05
1.91078e-05
1.91332e-05
1.91587e-05
1.91842e-05
1.92097e-05
1.92351e-05
1.92606e-05
1.92861e-05
1.93115e-05
1.9337e-05
1.93625e-05
1.9388e-05
1.94134e-05
1.94389e-05
1.94644e-05
1.94899e-05
1.95153e-05
1.95408e-05
1.95663e-05
1.95918e-05
1.96172e-05
1.96427e-05
1.96682e-05
1.96936e-05
1.97191e-05
1.97446e-05
1.97701e-05
1.97955e-05
1.9821e-05
1.98465e-05
1.9872e-05
1.98974e-05
1.99229e-05
1.99484e-05
1.99738e-05
1.99993e-05
2.00248e-05
2.00503e-05
2.00757e-05
2.01012e-05
2.01267e-05
2.01522e-05
2.01776e-05
2.02031e-05
2.02286e-05
2.02541e-05
2.02795e-05
2.0305e-05
2.03305e-05
2.03559e-05
2.03814e-05
2.04069e-05
2.04324e-05
2.04578e-05
2.04833e-05
2.05088e-05
2.05343e-05
2.05597e-05
2.05852e-05
2.06107e-05
2.06361e-05
2.06616e-05
2.06871e-05
2.07126e-05
2.0738e-05
2.07635e-05
2.0789e-05
2.08145e-05
2.08399e-05
2.08654e-05
2.08909e-05
2.09164e-05
2.09418e-05
2.09673e-05
2.09928e-05
2.10182e-05
2.10437e-05
2.10692e-05
2.10947e-05
2.11201e-05
2.11456e-05
2.11711e-05
2.11966e-05
2.1222e-05
2.12475e-05
2.1273e-05
2.12985e-05
2.13239e-05
2.13494e-05
2.13749e-05
2.14003e-05
2.14258e-05
2.14513e-05
2.14768e-05
2.15022e-05
2.14956e-05
2.14832e-05
2.13307e-05
2.12356e-05
2.12382e-05
2.13083e-05
2.14138e-05
2.14939e-05
2.14127e-05
2.12262e-05
2.09764e-05
2.07264e-05
2.0394e-05
2.00728e-05
1.97472e-05
1.94162e-05
1.9126e-05
1.8783e-05
1.84195e-05
1.80754e-05
1.77213e-05
1.74318e-05
1.72425e-05
1.71039e-05
1.69652e-05
1.67594e-05
1.65762e-05
1.63681e-05
1.6173e-05
1.59756e-05
1.57257e-05
1.54656e-05
1.52223e-05
1.50202e-05
1.48412e-05
1.46818e-05
1.45224e-05
1.43285e-05
1.41416e-05
1.39403e-05
1.37102e-05
1.34515e-05
1.32431e-05
1.30764e-05
1.29399e-05
1.28198e-05
1.27352e-05
1.26757e-05
1.2609e-05
1.25212e-05
1.24802e-05
1.24435e-05
1.24046e-05
1.23779e-05
1.23314e-05
1.22831e-05
1.22365e-05
1.21946e-05
1.21552e-05
1.21131e-05
1.20863e-05
1.20545e-05
1.20153e-05
1.19583e-05
1.19032e-05
1.18759e-05
1.18416e-05
1.18083e-05
1.178e-05
1.17486e-05
1.17229e-05
1.17141e-05
1.17133e-05
1.17159e-05
1.171e-05
1.17029e-05
1.17062e-05
1.17125e-05
1.17318e-05
1.17441e-05
1.17418e-05
1.17535e-05
1.17799e-05
1.18037e-05
1.18294e-05
1.18665e-05
1.19141e-05
1.19659e-05
1.20206e-05
1.20701e-05
1.21196e-05
1.21531e-05
1.21788e-05
1.21972e-05
1.22122e-05
1.22295e-05
1.22626e-05
1.23115e-05
1.23643e-05
1.24299e-05
1.24957e-05
1.25539e-05
1.26121e-05
1.26379e-05
1.26615e-05
1.26851e-05
1.2707e-05
1.27267e-05
1.27692e-05
1.28117e-05
1.28795e-05
1.29522e-05
1.30346e-05
1.31241e-05
1.32078e-05
1.32981e-05
1.33755e-05
1.34519e-05
1.35332e-05
1.36051e-05
1.3677e-05
1.37491e-05
1.38216e-05
1.38942e-05
1.3972e-05
1.40497e-05
1.41229e-05
1.41946e-05
1.42531e-05
1.43086e-05
1.43641e-05
1.43823e-05
1.43939e-05
1.4424e-05
1.44637e-05
1.45113e-05
1.4526e-05
1.45408e-05
1.45611e-05
1.46252e-05
1.47178e-05
1.48016e-05
1.48725e-05
1.49213e-05
1.49407e-05
1.49325e-05
1.49139e-05
1.48763e-05
1.48168e-05
1.47541e-05
1.4697e-05
1.46415e-05
1.459e-05
1.45699e-05
1.4542e-05
1.45234e-05
1.44948e-05
1.44662e-05
1.44376e-05
1.44309e-05
1.44247e-05
1.44147e-05
1.44113e-05
1.44046e-05
1.4398e-05
1.43833e-05
1.43732e-05
1.43729e-05
1.43717e-05
1.43511e-05
1.43228e-05
1.42946e-05
1.42663e-05
1.42772e-05
1.42836e-05
1.42877e-05
1.43007e-05
1.4298e-05
1.43047e-05
1.43218e-05
1.43746e-05
1.4438e-05
1.45086e-05
1.45886e-05
1.46653e-05
1.47317e-05
1.47825e-05
1.48229e-05
1.48466e-05
1.48687e-05
1.48838e-05
1.48977e-05
1.4921e-05
1.49452e-05
1.49689e-05
1.49932e-05
1.50129e-05
1.50298e-05
1.50511e-05
1.50803e-05
1.51149e-05
1.51456e-05
1.51761e-05
1.52069e-05
1.52311e-05
1.52553e-05
1.52892e-05
1.53255e-05
1.53665e-05
1.54123e-05
1.54649e-05
1.552e-05
1.55814e-05
1.56415e-05
1.57009e-05
1.57613e-05
1.58109e-05
1.5859e-05
1.59088e-05
1.59493e-05
1.59941e-05
1.60284e-05
1.60764e-05
1.61179e-05
1.61589e-05
1.62004e-05
1.62331e-05
1.62701e-05
1.6313e-05
1.63518e-05
1.63835e-05
1.64122e-05
1.64377e-05
1.64677e-05
1.65005e-05
1.65387e-05
1.65809e-05
1.66337e-05
1.66852e-05
1.6729e-05
1.67718e-05
1.68086e-05
1.68511e-05
1.69057e-05
1.69639e-05
1.70216e-05
1.70757e-05
1.71202e-05
1.71618e-05
1.71937e-05
1.7227e-05
1.72583e-05
1.72905e-05
1.73343e-05
1.73795e-05
1.74208e-05
1.74534e-05
1.74857e-05
1.75178e-05
1.75469e-05
1.75791e-05
1.76062e-05
1.76312e-05
1.76632e-05
1.7699e-05
1.77326e-05
1.7769e-05
1.78098e-05
1.78428e-05
1.7873e-05
1.78961e-05
1.7921e-05
1.795e-05
1.79806e-05
1.80134e-05
1.80479e-05
1.80792e-05
1.81139e-05
1.81446e-05
1.81722e-05
1.82021e-05
1.8232e-05
1.82588e-05
1.82881e-05
1.83206e-05
1.83384e-05
1.83618e-05
1.83846e-05
1.84066e-05
1.84319e-05
1.84565e-05
1.84853e-05
1.85134e-05
1.85382e-05
1.85659e-05
1.85898e-05
1.86122e-05
1.86381e-05
1.8664e-05
1.86929e-05
1.87256e-05
1.87551e-05
1.87823e-05
1.88085e-05
1.88305e-05
1.88473e-05
1.88617e-05
1.888e-05
1.89015e-05
1.89272e-05
1.89516e-05
1.8977e-05
1.90014e-05
1.90266e-05
1.90515e-05
1.90724e-05
1.90924e-05
1.91099e-05
1.91273e-05
1.91515e-05
1.91782e-05
1.92012e-05
1.92257e-05
1.9246e-05
1.92631e-05
1.92766e-05
1.92949e-05
1.9311e-05
1.93267e-05
1.93437e-05
1.93571e-05
1.93741e-05
1.9395e-05
1.94161e-05
1.94383e-05
1.94601e-05
1.94807e-05
1.95012e-05
1.95184e-05
1.95325e-05
1.95479e-05
1.95594e-05
1.95737e-05
1.95906e-05
1.9609e-05
1.96298e-05
1.96493e-05
1.96696e-05
1.96883e-05
1.97106e-05
1.97267e-05
1.97414e-05
1.97545e-05
1.97667e-05
1.97784e-05
1.97935e-05
1.98104e-05
1.98288e-05
1.98455e-05
1.98625e-05
1.9878e-05
1.98935e-05
1.99089e-05
1.99203e-05
1.99307e-05
1.99452e-05
1.99602e-05
1.99761e-05
1.99914e-05
2.00024e-05
2.00161e-05
2.00304e-05
2.00449e-05
2.00558e-05
2.00663e-05
2.00759e-05
2.00861e-05
2.0098e-05
2.01122e-05
2.01265e-05
2.01427e-05
2.01595e-05
2.01765e-05
2.01953e-05
2.02075e-05
2.0218e-05
2.01464e-05
2.00095e-05
1.98927e-05
1.98669e-05
1.98655e-05
1.98833e-05
1.99089e-05
1.98485e-05
1.9737e-05
1.9522e-05
1.92997e-05
1.90852e-05
1.88285e-05
1.86042e-05
1.83995e-05
1.81855e-05
1.80084e-05
1.78417e-05
1.76903e-05
1.75683e-05
1.74685e-05
1.7367e-05
1.72747e-05
1.71885e-05
1.71083e-05
1.70425e-05
1.69916e-05
1.69433e-05
1.68934e-05
1.68527e-05
1.68102e-05
1.67799e-05
1.6751e-05
1.67189e-05
1.66914e-05
1.66645e-05
1.66391e-05
1.66152e-05
1.65907e-05
1.65663e-05
1.65441e-05
1.65282e-05
1.65137e-05
1.64993e-05
1.6487e-05
1.64803e-05
1.64736e-05
1.64606e-05
1.64595e-05
1.64572e-05
1.64546e-05
1.64528e-05
1.64568e-05
1.64636e-05
1.64717e-05
1.64808e-05
1.64889e-05
1.64991e-05
1.65085e-05
1.65207e-05
1.65341e-05
1.6549e-05
1.65666e-05
1.65833e-05
1.6603e-05
1.66214e-05
1.66371e-05
1.66558e-05
1.66745e-05
1.66946e-05
1.67159e-05
1.67365e-05
1.67592e-05
1.67817e-05
1.68036e-05
1.68259e-05
1.68479e-05
1.68695e-05
1.68918e-05
1.69142e-05
1.69372e-05
1.69615e-05
1.69852e-05
1.7009e-05
1.70314e-05
1.7057e-05
1.70816e-05
1.71081e-05
1.71345e-05
1.71617e-05
1.71897e-05
1.72169e-05
1.72452e-05
1.72739e-05
1.73031e-05
1.73306e-05
1.73557e-05
1.73809e-05
1.74062e-05
1.74315e-05
1.74574e-05
1.74823e-05
1.75064e-05
1.75301e-05
1.75539e-05
1.75774e-05
1.76018e-05
1.76266e-05
1.76519e-05
1.76766e-05
1.7701e-05
1.77244e-05
1.77486e-05
1.77741e-05
1.77989e-05
1.78231e-05
1.78478e-05
1.78722e-05
1.78959e-05
1.79213e-05
1.79455e-05
1.79694e-05
1.79936e-05
1.80169e-05
1.80406e-05
1.80644e-05
1.80892e-05
1.81139e-05
1.81371e-05
1.81583e-05
1.81808e-05
1.82023e-05
1.82232e-05
1.82461e-05
1.82685e-05
1.82913e-05
1.8312e-05
1.83325e-05
1.83532e-05
1.83742e-05
1.83944e-05
1.84146e-05
1.84335e-05
1.84524e-05
1.84735e-05
1.84905e-05
1.85101e-05
1.85236e-05
1.85402e-05
1.85578e-05
1.85722e-05
1.85883e-05
1.86058e-05
1.86191e-05
1.86311e-05
1.86445e-05
1.8661e-05
1.86778e-05
1.86962e-05
1.87124e-05
1.87301e-05
1.87462e-05
1.87604e-05
1.87759e-05
1.87864e-05
1.88001e-05
1.88124e-05
1.88263e-05
1.88366e-05
1.8843e-05
1.88535e-05
1.88585e-05
1.88704e-05
1.8884e-05
1.88923e-05
1.8903e-05
1.89135e-05
1.89255e-05
1.89365e-05
1.89466e-05
1.8959e-05
1.89673e-05
1.8979e-05
1.89913e-05
1.90045e-05
1.90177e-05
1.90311e-05
1.90422e-05
1.90515e-05
1.90542e-05
1.90699e-05
1.90719e-05
1.90783e-05
1.90868e-05
1.90914e-05
1.91043e-05
1.9115e-05
1.91246e-05
1.91312e-05
1.91391e-05
1.91465e-05
1.91545e-05
1.9164e-05
1.91729e-05
1.91782e-05
1.9183e-05
1.91912e-05
1.92001e-05
1.92102e-05
1.92215e-05
1.92279e-05
1.92422e-05
1.92493e-05
1.92566e-05
1.92683e-05
1.92797e-05
1.92812e-05
1.92852e-05
1.92909e-05
1.92946e-05
1.93033e-05
1.93131e-05
1.93229e-05
1.93336e-05
1.93461e-05
1.9358e-05
1.93662e-05
1.93712e-05
1.93708e-05
1.93665e-05
1.93641e-05
1.93654e-05
1.93668e-05
1.93721e-05
1.93737e-05
1.93803e-05
1.93802e-05
1.93844e-05
1.93896e-05
1.9396e-05
1.94002e-05
1.93997e-05
1.94002e-05
1.94053e-05
1.94083e-05
1.94136e-05
1.94238e-05
1.9434e-05
1.94409e-05
1.9444e-05
1.93639e-05
1.9286e-05
1.92576e-05
1.9273e-05
1.92979e-05
1.92969e-05
1.9248e-05
1.91991e-05
1.90962e-05
1.89838e-05
1.88327e-05
1.86815e-05
1.85259e-05
1.84036e-05
1.82906e-05
1.81757e-05
1.80657e-05
1.79396e-05
1.78141e-05
1.77226e-05
1.76371e-05
1.75753e-05
1.74997e-05
1.74292e-05
1.7373e-05
1.73212e-05
1.72909e-05
1.72612e-05
1.72358e-05
1.72083e-05
1.71801e-05
1.71572e-05
1.71347e-05
1.71133e-05
1.70985e-05
1.70877e-05
1.70791e-05
1.70664e-05
1.70526e-05
1.70442e-05
1.70357e-05
1.70298e-05
1.70187e-05
1.70052e-05
1.69936e-05
1.6982e-05
1.69756e-05
1.6971e-05
1.6968e-05
1.69633e-05
1.69562e-05
1.69498e-05
1.69448e-05
1.69412e-05
1.69448e-05
1.69478e-05
1.69542e-05
1.69603e-05
1.69648e-05
1.6968e-05
1.69742e-05
1.69847e-05
1.69955e-05
1.70075e-05
1.70205e-05
1.70331e-05
1.70476e-05
1.7063e-05
1.70782e-05
1.70943e-05
1.71106e-05
1.71258e-05
1.7142e-05
1.71597e-05
1.71791e-05
1.71995e-05
1.72193e-05
1.72408e-05
1.72632e-05
1.72839e-05
1.7304e-05
1.73245e-05
1.73454e-05
1.73668e-05
1.73882e-05
1.74103e-05
1.74323e-05
1.74544e-05
1.74771e-05
1.75007e-05
1.75235e-05
1.75467e-05
1.75704e-05
1.75927e-05
1.76148e-05
1.7637e-05
1.7659e-05
1.76806e-05
1.77021e-05
1.77237e-05
1.77451e-05
1.77673e-05
1.77895e-05
1.78116e-05
1.78335e-05
1.78546e-05
1.78751e-05
1.78954e-05
1.79161e-05
1.79368e-05
1.79571e-05
1.79778e-05
1.79982e-05
1.80192e-05
1.804e-05
1.80602e-05
1.80812e-05
1.81001e-05
1.81185e-05
1.81374e-05
1.81541e-05
1.81716e-05
1.81901e-05
1.82087e-05
1.82283e-05
1.82479e-05
1.82665e-05
1.8286e-05
1.83045e-05
1.83233e-05
1.83438e-05
1.83605e-05
1.83777e-05
1.83944e-05
1.84119e-05
1.84284e-05
1.84449e-05
1.84613e-05
1.848e-05
1.84939e-05
1.85081e-05
1.85224e-05
1.85371e-05
1.85537e-05
1.8568e-05
1.85833e-05
1.85994e-05
1.86156e-05
1.863e-05
1.86459e-05
1.8659e-05
1.8669e-05
1.86791e-05
1.86924e-05
1.87048e-05
1.87199e-05
1.87345e-05
1.87467e-05
1.87605e-05
1.8774e-05
1.87885e-05
1.88036e-05
1.88174e-05
1.88313e-05
1.88466e-05
1.88574e-05
1.88655e-05
1.88754e-05
1.88837e-05
1.88972e-05
1.89128e-05
1.89217e-05
1.89325e-05
1.89446e-05
1.89535e-05
1.89658e-05
1.89796e-05
1.89939e-05
1.90074e-05
1.90159e-05
1.90254e-05
1.90353e-05
1.90444e-05
1.90553e-05
1.9067e-05
1.90804e-05
1.90944e-05
1.9107e-05
1.91183e-05
1.91304e-05
1.91372e-05
1.9147e-05
1.91563e-05
1.91648e-05
1.91722e-05
1.91729e-05
1.9176e-05
1.91797e-05
1.91853e-05
1.91918e-05
1.91984e-05
1.92065e-05
1.92146e-05
1.92241e-05
1.92341e-05
1.92441e-05
1.92534e-05
1.92654e-05
1.92743e-05
1.9281e-05
1.92873e-05
1.9293e-05
1.92971e-05
1.93041e-05
1.9312e-05
1.93185e-05
1.93243e-05
1.93302e-05
1.93366e-05
1.93427e-05
1.93471e-05
1.93522e-05
1.93577e-05
1.93632e-05
1.93735e-05
1.93787e-05
1.93852e-05
1.93903e-05
1.93956e-05
1.94008e-05
1.94052e-05
1.94091e-05
1.94154e-05
1.94237e-05
1.94267e-05
1.94297e-05
1.94375e-05
1.94463e-05
1.94534e-05
1.94606e-05
1.94671e-05
1.94745e-05
1.94778e-05
1.94805e-05
1.94872e-05
1.94924e-05
1.9498e-05
1.9509e-05
1.95213e-05
1.95215e-05
1.94321e-05
1.93866e-05
1.93742e-05
1.93962e-05
1.94395e-05
1.94756e-05
1.94829e-05
1.94564e-05
1.9405e-05
1.92885e-05
1.91633e-05
1.9029e-05
1.889e-05
1.87658e-05
1.86406e-05
1.85194e-05
1.84165e-05
1.83197e-05
1.82365e-05
1.81558e-05
1.80718e-05
1.80017e-05
1.79316e-05
1.78684e-05
1.78094e-05
1.77703e-05
1.77308e-05
1.76963e-05
1.76606e-05
1.76249e-05
1.75976e-05
1.75704e-05
1.75463e-05
1.75231e-05
1.74999e-05
1.74812e-05
1.7468e-05
1.7457e-05
1.74419e-05
1.74291e-05
1.7413e-05
1.7395e-05
1.73781e-05
1.73654e-05
1.73545e-05
1.73441e-05
1.73345e-05
1.73283e-05
1.73239e-05
1.73196e-05
1.73162e-05
1.73154e-05
1.73151e-05
1.73186e-05
1.73207e-05
1.73214e-05
1.73216e-05
1.73235e-05
1.7324e-05
1.73317e-05
1.73374e-05
1.73421e-05
1.73504e-05
1.73592e-05
1.73685e-05
1.73792e-05
1.73912e-05
1.7403e-05
1.74165e-05
1.74296e-05
1.74428e-05
1.74567e-05
1.7471e-05
1.74861e-05
1.7502e-05
1.75189e-05
1.75368e-05
1.75546e-05
1.75727e-05
1.75911e-05
1.76096e-05
1.76282e-05
1.76469e-05
1.76657e-05
1.76853e-05
1.77051e-05
1.77258e-05
1.77466e-05
1.77669e-05
1.77868e-05
1.7807e-05
1.78265e-05
1.78462e-05
1.7866e-05
1.78851e-05
1.79039e-05
1.79225e-05
1.79411e-05
1.7959e-05
1.7977e-05
1.79948e-05
1.80123e-05
1.80298e-05
1.80477e-05
1.80657e-05
1.80822e-05
1.80991e-05
1.81158e-05
1.81325e-05
1.81494e-05
1.81662e-05
1.81829e-05
1.81998e-05
1.82166e-05
1.8234e-05
1.82499e-05
1.82666e-05
1.82837e-05
1.83005e-05
1.83181e-05
1.83349e-05
1.83523e-05
1.83699e-05
1.83865e-05
1.84042e-05
1.84211e-05
1.84365e-05
1.84531e-05
1.84701e-05
1.84847e-05
1.85e-05
1.85157e-05
1.85322e-05
1.85473e-05
1.85621e-05
1.85741e-05
1.8588e-05
1.86015e-05
