-0.0186913
-0.0186938
-0.0186954
-0.018697
-0.0186986
-0.0187016
-0.0187126
-0.0187583
-0.018877
-0.0190028
-0.0191816
-0.0194214
-0.0198467
-0.0203996
-0.0203996
-0.0214678
-0.0223283
-0.023811
-0.0246252
-0.0266635
-0.0278845
-0.0278845
-0.0297379
-0.0309589
-0.0324402
-0.0335764
-0.0343978
-0.0354539
-0.0369699
-0.0381937
-0.0389216
-0.0401431
-0.0413985
-0.0413985
-0.0429849
-0.0438207
-0.0449856
-0.0458989
-0.0471701
-0.0478282
-0.0495357
-0.0502419
-0.0516897
-0.0516897
-0.0539341
-0.0554651
-0.0566244
-0.0577882
-0.0608827
-0.0616493
-0.0642994
-0.0654187
-0.0676275
-0.0690768
-0.0705046
-0.0719073
-0.0725979
-0.0749505
-0.0759248
-0.076877
-0.0781104
-0.0795907
-0.0807225
-0.081804
-0.0830797
-0.0830797
-0.0849305
-0.0857647
-0.0865385
-0.0874243
-0.0880723
-0.0886713
-0.0892261
-0.08974
-0.08974
-0.0908549
-0.0912341
-0.0912341
-0.0918174
-0.0920427
-0.092595
-0.0929104
-0.0933049
-0.0934996
-0.0934996
-0.0937832
-0.0937832
-0.0940075
-0.0940908
-0.0941683
-0.0943067
-0.0943868
-0.0944405
-0.0945048
-0.0945623
-0.0945892
-0.0946671
-0.0947199
-0.0947766
-0.0948231
-0.0948923
-0.0949505
-0.0950382
-0.0951125
-0.0951125
-0.0952856
-0.0952856
-0.0955346
-0.0955346
-0.0957916
-0.0959855
-0.0961976
-0.0963684
-0.0965491
-0.0967394
-0.0969387
-0.0972169
-0.0976532
-0.0979506
-0.0983978
-0.0986947
-0.0989166
-0.0992116
-0.0994322
-0.0996518
-0.0996518
-0.100083
-0.100292
-0.100626
-0.10088
-0.10088
-0.101183
-0.101418
-0.101648
-0.101762
-0.101929
-0.102305
-0.102507
-0.102652
-0.102791
-0.10297
-0.10297
-0.103227
-0.103227
-0.103519
-0.103643
-0.103806
-0.103926
-0.104044
-0.104159
-0.104308
-0.104417
-0.104525
-0.104669
-0.104779
-0.10489
-0.105004
-0.105202
-0.105324
-0.105537
-0.105716
-0.105904
-0.106099
-0.106099
-0.106351
-0.106606
-0.106606
-0.106905
-0.107048
-0.107185
-0.107358
-0.107481
-0.107636
-0.107745
-0.107881
-0.107881
-0.108068
-0.108155
-0.108266
-0.108319
-0.108422
-0.108495
-0.108542
-0.108706
-0.108757
-0.108827
-0.108862
-0.10891
-0.108952
-0.108968
-0.109024
-0.109047
-0.109092
-0.109107
-0.109126
-0.109158
-0.109158
-0.109199
-0.109213
-0.109241
-0.10927
-0.109291
-0.10931
-0.109327
-0.109342
-0.109358
-0.109369
-0.109369
-0.109373
-0.10937
-0.109361
-0.109341
-0.109311
-0.109311
-0.10926
-0.109199
-0.109199
-0.109117
-0.109073
-0.109026
-0.108961
-0.108909
-0.108837
-0.108783
-0.108714
-0.108714
-0.108635
-0.108569
-0.108535
-0.108506
-0.108464
-0.108449
-0.108449
-0.108464
-0.108534
-0.108581
-0.108637
-0.108702
-0.108799
-0.10888
-0.108997
-0.109092
-0.10926
-0.10926
-0.109439
-0.10955
-0.109662
-0.109816
-0.109933
-0.110092
-0.110213
-0.110335
-0.11046
-0.110586
-0.110756
-0.110928
-0.111242
-0.111336
-0.111687
-0.11185
-0.112075
-0.112249
-0.112426
-0.112665
-0.112846
-0.113028
-0.113274
-0.113462
-0.11372
-0.113919
-0.114122
-0.1144
-0.114611
-0.114825
-0.115114
-0.115407
-0.115407
-0.116015
-0.116332
-0.116659
-0.11691
-0.117165
-0.117511
-0.117775
-0.118041
-0.11831
-0.118581
-0.118856
-0.119229
-0.11961
-0.11961
-0.120197
-0.120803
-0.121319
-0.121633
-0.122055
-0.122374
-0.122912
-0.123457
-0.123788
-0.123788
-0.124568
-0.124906
-0.125245
-0.125697
-0.126036
-0.126714
-0.127166
-0.127166
-0.12796
-0.12796
-0.128528
-0.128869
-0.129439
-0.129782
-0.130126
-0.130588
-0.130936
-0.131404
-0.131404
-0.132234
-0.132234
-0.133081
-0.133326
-0.134071
-0.134575
-0.134957
-0.135343
-0.135994
-0.135994
-0.136789
-0.136789
-0.137732
-0.138004
-0.138553
-0.138967
-0.139384
-0.139944
-0.140509
-0.140509
-0.14151
-0.14151
-0.142234
-0.142818
-0.14326
-0.143705
-0.143705
-0.144909
-0.145677
-0.146456
-0.146456
-0.147404
-0.147882
-0.14852
-0.14916
-0.149641
-0.149641
-0.150604
-0.151087
-0.15157
-0.152214
-0.152857
-0.152857
-0.153817
-0.154454
-0.154929
-0.155564
-0.155564
-0.156516
-0.157153
-0.157631
-0.158109
-0.158587
-0.159223
-0.159699
-0.160176
-0.160654
-0.161136
-0.161787
-0.162449
-0.162786
-0.163642
-0.163642
-0.164692
-0.164692
-0.165754
-0.166286
-0.167174
-0.167707
-0.167707
-0.168777
-0.169314
-0.170031
-0.170568
-0.171103
-0.171811
-0.172338
-0.172859
-0.173547
-0.174057
-0.174057
-0.175066
-0.175732
-0.176392
-0.176883
-0.177373
-0.177373
-0.178347
-0.178996
-0.179644
-0.180782
-0.181107
-0.181597
-0.182251
-0.182743
-0.183236
-0.184389
-0.185048
-0.185048
-0.186201
-0.186201
-0.187353
-0.188172
-0.188825
-0.189801
-0.19045
-0.190936
-0.191582
-0.192065
-0.192706
-0.193025
-0.193658
-0.194286
-0.194754
-0.195376
-0.195841
-0.196461
-0.196461
-0.197392
-0.197392
-0.198321
-0.198938
-0.198938
-0.199705
-0.200468
-0.200468
-0.201384
-0.201844
-0.202614
-0.202614
-0.20355
-0.204023
-0.204498
-0.205137
-0.205457
-0.206262
-0.206262
-0.207069
-0.207716
-0.208364
-0.208364
-0.209331
-0.209972
-0.209972
-0.211081
-0.211081
-0.211863
-0.211863
-0.21294
-0.213396
-0.21415
-0.2143
-0.214897
-0.21549
-0.216082
-0.216377
-0.216968
-0.217411
-0.217855
-0.218599
-0.218898
-0.2195
-0.220107
-0.220567
-0.220567
-0.2215
-0.22213
-0.22213
-0.223084
-0.223564
-0.224206
-0.224689
-0.225333
-0.225816
-0.226299
-0.226941
-0.226941
-0.227899
-0.228532
-0.229004
-0.229472
-0.229472
-0.230552
-0.231011
-0.23177
-0.232375
-0.233129
-0.233581
-0.234183
-0.234183
-0.234937
-0.234937
-0.235995
-0.236603
-0.236603
-0.237671
-0.237671
-0.238746
-0.239517
-0.240289
-0.240753
-0.241526
-0.242301
-0.242301
-0.243077
-0.243699
-0.244165
-0.244785
-0.245403
-0.245403
-0.246323
-0.24678
-0.24754
-0.24754
-0.24845
-0.248905
-0.249359
-0.249813
-0.250418
-0.25087
-0.251323
-0.251776
-0.252535
-0.25284
-0.253453
-0.253913
-0.254528
-0.254528
-0.255443
-0.255896
-0.256345
-0.257524
-0.257961
-0.258398
-0.258981
-0.259273
-0.259858
-0.259858
-0.260728
-0.261158
-0.261864
-0.262558
-0.263245
-0.263656
-0.263656
-0.264478
-0.265024
-0.265024
-0.265701
-0.266371
-0.266371
-0.267294
-0.267294
-0.267948
-0.268469
-0.26899
-0.26938
-0.269899
-0.270286
-0.2708
-0.271183
-0.271437
-0.272068
-0.272446
-0.272697
-0.273327
-0.273705
-0.274083
-0.274461
-0.274837
-0.275211
-0.275705
-0.276434
-0.276913
-0.277389
-0.277744
-0.278098
-0.27857
-0.278923
-0.279274
-0.279507
-0.27997
-0.280427
-0.280766
-0.281103
-0.281548
-0.28199
-0.28199
-0.282649
-0.282649
-0.283412
-0.283844
-0.284165
-0.284485
-0.284802
-0.285222
-0.285536
-0.285952
-0.285952
-0.286572
-0.286879
-0.287287
-0.287591
-0.287894
-0.288295
-0.288594
-0.288594
-0.289193
-0.289593
-0.289894
-0.290399
-0.290704
-0.290704
-0.291318
-0.291627
-0.29204
-0.29204
-0.292662
-0.293078
-0.293286
-0.293702
-0.294435
-0.29475
-0.295172
-0.295488
-0.295699
-0.296122
-0.296545
-0.296545
-0.297178
-0.297495
-0.298125
-0.29865
-0.298964
-0.299279
-0.299699
-0.300016
-0.300334
-0.300652
-0.301077
-0.301396
-0.30182
-0.302241
-0.302554
-0.302554
-0.303171
-0.303575
-0.303876
-0.304175
-0.304771
-0.305069
-0.305566
-0.305766
-0.306166
-0.306467
-0.306769
-0.307378
-0.307892
-0.308203
-0.308516
-0.308936
-0.309358
-0.309358
-0.309885
-0.31041
-0.31083
-0.31083
-0.311356
-0.311781
-0.312103
-0.312427
-0.312972
-0.3133
-0.313738
-0.314286
-0.314286
-0.314942
-0.315379
-0.315707
-0.316034
-0.316684
-0.317112
-0.317112
-0.317952
-0.318261
-0.318771
-0.319173
-0.319765
-0.320152
-0.320438
-0.320722
-0.321095
-0.321465
-0.321465
-0.322011
-0.32237
-0.322638
-0.322993
-0.322993
-0.323525
-0.323792
-0.323792
-0.324332
-0.324695
-0.325061
-0.325244
-0.325704
-0.325704
-0.326166
-0.326539
-0.326918
-0.32711
-0.327598
-0.327997
-0.328403
-0.329127
-0.329127
-0.329967
-0.330284
-0.330707
-0.331025
-0.331342
-0.331657
-0.331972
-0.33239
-0.33239
-0.333118
-0.333118
-0.333848
-0.334057
-0.334371
-0.334789
-0.335101
-0.335412
-0.335412
-0.336544
-0.336854
-0.337268
-0.337268
-0.337791
-0.338316
-0.338632
-0.338632
-0.339155
-0.339568
-0.339977
-0.34038
-0.34058
-0.340977
-0.341369
-0.341369
-0.34195
-0.342237
-0.342523
-0.342901
-0.343277
-0.343557
-0.343835
-0.344113
-0.344481
-0.344755
-0.345028
-0.345299
-0.345659
-0.345927
-0.346194
-0.346549
-0.346816
-0.347085
-0.347444
-0.347444
-0.348079
-0.348351
-0.348622
-0.348981
-0.349247
-0.3496
-0.3496
-0.350212
-0.35065
-0.350999
-0.350999
-0.351603
-0.351603
-0.35235
-0.352672
-0.352991
-0.352991
-0.353466
-0.353704
-0.353704
-0.354258
-0.354573
-0.35473
-0.355043
-0.355279
-0.355596
-0.355919
-0.356168
-0.356423
-0.356683
-0.356948
-0.357309
-0.357582
-0.357857
-0.358227
-0.358506
-0.358787
-0.359165
-0.359545
-0.35983
-0.36021
-0.361048
-0.361048
-0.361677
-0.36194
-0.36194
-0.362542
-0.362793
-0.36312
-0.363281
-0.363516
-0.36382
-0.364041
-0.364328
-0.364609
-0.364749
-0.364957
-0.365235
-0.365444
-0.365722
-0.36593
-0.366205
-0.366409
-0.366611
-0.366813
-0.367079
-0.367346
-0.367613
-0.367814
-0.368016
-0.368219
-0.368422
-0.368626
-0.368896
-0.369032
-0.369303
-0.369508
-0.369995
-0.370208
-0.370424
-0.370714
-0.370932
-0.371149
-0.371719
-0.371859
-0.372337
-0.372863
-0.373054
-0.37318
-0.373606
-0.37407
-0.374239
-0.374515
-0.374733
-0.374949
-0.375111
-0.375326
-0.375485
-0.375642
-0.375846
-0.375846
-0.376144
-0.37629
-0.376484
-0.37668
-0.37668
-0.376981
-0.377187
-0.377344
-0.37745
-0.377663
-0.37788
-0.378044
-0.378209
-0.378433
-0.378433
-0.378775
-0.379005
-0.379177
-0.379348
-0.379574
-0.379574
-0.379909
-0.380131
-0.380411
-0.380411
-0.380868
-0.381043
-0.381277
-0.381277
-0.381631
-0.38187
-0.382052
-0.382237
-0.38249
-0.38249
-0.382885
-0.38309
-0.38337
-0.383655
-0.3838
-0.384094
-0.384317
-0.384619
-0.384619
-0.385081
-0.385317
-0.385633
-0.385952
-0.385952
-0.386433
-0.386674
-0.386995
-0.387235
-0.387474
-0.387712
-0.388026
-0.388338
-0.388338
-0.388723
-0.389029
-0.389332
-0.389558
-0.389859
-0.389859
-0.390232
-0.390602
-0.390602
-0.391041
-0.391259
-0.391548
-0.391762
-0.391762
-0.392254
-0.392254
-0.392665
-0.392932
-0.39313
-0.393326
-0.39352
-0.393779
-0.393974
-0.394237
-0.394368
-0.394634
-0.394767
-0.395032
-0.395297
-0.395558
-0.395751
-0.395943
-0.396193
-0.396436
-0.396613
-0.396839
-0.397001
-0.397155
-0.397303
-0.397443
-0.397578
-0.397792
-0.397792
-0.398033
-0.398148
-0.398295
-0.398366
-0.39847
-0.398605
-0.398704
-0.398805
-0.398977
-0.39905
-0.39905
-0.399364
-0.399494
-0.399677
-0.399677
-0.399973
-0.400183
-0.400348
-0.400519
-0.400755
-0.401
-0.401186
-0.401437
-0.401747
-0.401929
-0.402108
-0.402283
-0.402454
-0.402677
-0.402677
-0.403003
-0.403214
-0.403214
-0.403574
-0.403674
-0.403872
-0.404065
-0.404065
-0.404487
-0.404487
-0.404761
-0.404896
-0.404985
-0.405207
-0.405383
-0.405513
-0.405729
-0.405857
-0.405941
-0.406106
-0.406228
-0.406347
-0.40658
-0.40673
-0.406877
-0.407019
-0.407123
-0.407225
-0.407357
-0.407455
-0.407551
-0.407647
-0.407773
-0.407867
-0.407867
-0.408055
-0.408212
-0.408212
-0.408339
-0.408501
-0.4086
-0.408698
-0.40883
-0.408927
-0.409055
-0.40915
-0.409277
-0.40934
-0.409469
-0.4096
-0.409701
-0.409804
-0.409944
-0.410051
-0.410196
-0.410196
-0.41038
-0.410528
-0.410716
-0.410716
-0.410943
-0.411058
-0.411174
-0.411329
-0.411405
-0.41163
-0.411772
-0.411908
-0.412006
-0.412133
-0.412133
-0.412286
-0.412438
-0.412528
-0.412528
-0.412705
-0.412792
-0.412904
-0.413015
-0.413015
-0.413177
-0.413258
-0.413339
-0.413524
-0.413624
-0.413624
-0.413825
-0.413904
-0.41398
-0.414093
-0.414151
-0.414209
-0.414287
-0.414287
-0.414424
-0.414482
-0.41454
-0.414599
-0.414678
-0.414759
-0.414799
-0.414901
-0.414961
-0.415019
-0.415093
-0.415145
-0.415212
-0.415212
-0.415338
-0.415401
-0.415465
-0.415465
-0.415568
-0.415641
-0.415718
-0.415718
-0.415842
-0.415842
-0.415997
-0.415997
-0.416203
-0.41627
-0.416336
-0.416423
-0.416506
-0.416506
-0.416606
-0.416645
-0.41674
-0.416796
-0.41687
-0.416945
-0.417001
-0.417078
-0.417117
-0.417197
-0.417256
-0.417335
-0.417335
-0.417447
-0.417447
-0.417568
-0.417617
-0.417726
-0.417726
-0.417818
-0.417879
-0.417879
-0.418002
-0.418033
-0.418096
-0.418145
-0.418145
-0.418248
-0.418324
-0.418384
-0.418448
-0.418538
-0.418538
-0.418683
-0.418783
-0.418858
-0.419008
-0.419106
-0.419181
-0.41928
-0.419355
-0.41943
-0.41961
-0.419688
-0.419794
-0.419875
-0.419987
-0.420044
-0.420162
-0.420286
-0.420414
-0.420513
-0.420615
-0.42072
-0.421047
-0.421237
-0.421237
-0.42147
-0.421664
-0.421741
-0.421893
-0.422151
-0.422151
-0.4224
-0.42254
-0.42254
-0.422746
-0.422746
-0.423048
-0.423113
-0.423239
-0.423362
-0.423362
-0.423539
-0.423713
-0.423831
-0.423979
-0.424191
-0.424312
-0.424432
-0.424552
-0.424612
-0.424852
-0.424912
-0.425002
-0.425215
-0.425337
-0.42543
-0.425522
-0.425647
-0.425773
-0.425773
-0.425966
-0.426064
-0.426198
-0.426405
-0.426511
-0.426656
-0.426767
-0.426881
-0.426997
-0.426997
-0.427271
-0.42743
-0.427548
-0.427705
-0.427705
-0.427938
-0.428054
-0.428249
-0.428445
-0.428563
-0.428721
-0.428877
-0.428954
-0.429104
-0.42925
-0.42925
-0.429461
-0.4296
-0.4296
-0.429943
-0.429943
-0.430145
-0.430243
-0.430243
-0.430492
-0.430492
-0.430695
-0.430808
-0.430808
-0.430976
-0.43106
-0.431171
-0.431253
-0.431359
-0.431359
-0.431481
-0.431548
-0.43163
-0.431668
-0.431793
-0.431846
-0.431973
-0.432086
-0.432161
-0.432237
-0.432293
-0.43235
-0.43243
-0.432492
-0.432557
-0.432625
-0.432722
-0.432798
-0.432904
-0.432987
-0.433101
-0.433191
-0.433283
-0.433379
-0.433477
-0.433614
-0.433755
-0.433827
-0.433974
-0.434086
-0.434237
-0.434351
-0.434464
-0.434576
-0.434759
-0.434865
-0.434865
-0.43507
-0.435169
-0.4353
-0.435527
-0.435592
-0.43572
-0.435846
-0.435938
-0.436028
-0.436028
-0.436227
-0.436335
-0.436414
-0.436466
-0.436568
-0.436568
-0.436745
-0.436845
-0.436896
-0.436996
-0.437148
-0.437356
-0.437409
-0.437519
-0.437604
-0.43772
-0.437808
-0.437898
-0.43802
-0.438111
-0.438201
-0.438291
-0.438379
-0.438494
-0.438604
-0.438684
-0.438787
-0.438836
-0.438908
-0.439
-0.439085
-0.439146
-0.43922
-0.439255
-0.43932
-0.439408
-0.439464
-0.439559
-0.439601
-0.439684
-0.439768
-0.439823
-0.439863
-0.439917
-0.439956
-0.440031
-0.440088
-0.44012
-0.440158
-0.440182
-0.440197
-0.440222
-0.440242
-0.440255
-0.44027
-0.440283
-0.44029
-0.440292
-0.440292
-0.440289
-0.440285
-0.440281
-0.440275
-0.440275
-0.440269
-0.440263
-0.440263
-0.44025
-0.440237
-0.440237
-0.440192
-0.440192
-0.440166
-0.440152
-0.440142
-0.440137
-0.440132
-0.440127
-0.44012
-0.44012
-0.440106
-0.440097
-0.440082
-0.440066
-0.440066
-0.440034
-0.440034
-0.440003
-0.439986
-0.439963
-0.439944
-0.439919
-0.439895
-0.439878
-0.439868
-0.439838
-0.439838
-0.439824
-0.43982
-0.43982
-0.439832
-0.439847
-0.439847
-0.439883
-0.439915
-0.439915
-0.439984
-0.440017
-0.440051
-0.440097
-0.440132
-0.44018
-0.44018
-0.440262
-0.440262
-0.440331
-0.440365
-0.440397
-0.440428
-0.440467
-0.440505
-0.440532
-0.440567
-0.440593
-0.440626
-0.44065
-0.440683
-0.440699
-0.440731
-0.440756
-0.440796
-0.440837
-0.440862
-0.440922
-0.440922
-0.440966
-0.441011
-0.441011
-0.441075
-0.441102
-0.441129
-0.441172
-0.441212
-0.441234
-0.441256
-0.441283
-0.441303
-0.441329
-0.441342
-0.441375
-0.44139
-0.441412
-0.441444
-0.441471
-0.441499
-0.441551
-0.441574
-0.44162
-0.441657
-0.441657
-0.441732
-0.441797
-0.441797
