0.728572
0.729887
0.730803
0.733819
0.73122
0.730348
0.736697
0.732808
0.734788
0.733339
0.727442
0.739291
0.728811
0.735557
0.735414
0.735338
0.726158
0.741331
0.735753
0.740798
0.731033
0.736026
0.736404
0.746706
0.732084
0.737078
0.741704
0.7377
0.732235
0.737709
0.742049
0.739472
0.742867
0.738948
0.733595
0.739415
0.734344
0.739484
0.734542
0.739706
0.739725
0.744361
0.739793
0.739207
0.749813
0.736281
0.736389
0.745867
0.735793
0.745006
0.745711
0.738042
0.745751
0.737279
0.741906
0.741751
0.742475
0.74273
0.746251
0.742767
0.742819
0.738331
0.748715
0.747119
0.743775
0.74727
0.73993
0.747281
0.74874
0.744073
0.744093
0.743828
0.743848
0.744942
0.744995
0.743685
0.749521
0.741246
0.745274
0.737886
0.744304
0.742525
0.745678
0.738269
0.753738
0.746189
0.74621
0.742093
0.746447
0.74624
0.745752
0.749867
0.746916
0.743818
0.746446
0.753464
0.747241
0.747129
0.748722
0.75109
0.742572
0.744851
0.748488
0.74851
0.745429
0.745467
0.748848
0.742329
0.745778
0.743415
0.742933
0.746273
0.749004
0.746049
0.749161
0.745498
0.748879
0.746264
0.746022
0.746958
0.74672
0.74087
0.749568
0.747304
0.75009
0.744488
0.748433
0.744764
0.746968
0.749998
0.749185
0.747252
0.746112
0.751755
0.746419
0.748441
0.745083
0.746747
0.746668
0.747611
0.744473
0.74489
0.748305
0.74514
0.747177
0.75065
0.747502
0.749419
0.744758
0.747211
0.748524
0.746887
0.747998
0.747165
0.747188
0.746364
0.748696
0.747925
0.746364
0.747393
0.749208
0.746424
0.74808
0.747812
0.74837
0.745727
0.743739
0.746017
0.74604
0.749405
0.746908
0.746143
0.743759
0.744224
0.745147
0.742912
0.745815
0.745028
0.742683
0.745601
0.744152
0.744176
0.743534
0.744888
0.742388
0.744807
0.743419
0.743014
0.742359
0.743776
0.74478
0.74384
0.741581
0.740615
0.74181
0.741919
0.740889
0.740765
0.740821
0.740151
0.737839
0.737298
0.738338
0.736668
0.737631
0.73662
0.736161
0.736425
0.736489
0.735656
0.735977
0.734199
0.735079
0.734535
0.733478
0.73497
0.733159
0.732793
0.732243
0.730685
0.732357
0.729871
0.73211
0.730896
0.729571
0.729882
0.730631
0.729483
0.729247
0.72888
0.729715
0.729254
0.728532
0.726764
0.724345
0.72684
0.726003
0.727192
0.7253
0.725349
0.723375
0.723119
0.722041
0.723754
0.722284
0.719914
0.722174
0.720776
0.719296
0.720589
0.719871
0.719173
0.719743
0.717914
0.712972
0.717208
0.713872
0.714713
0.71157
0.713453
0.712665
0.714363
0.711037
0.711957
0.711409
0.710172
0.707889
0.710772
0.708501
0.706502
0.707198
0.708043
0.706931
0.70176
0.705534
0.699032
0.703715
0.70058
0.70113
0.702415
0.700622
0.699271
0.69782
0.697633
0.699869
0.694578
0.695954
0.696538
0.690377
0.690399
0.691734
0.690169
0.690295
0.692206
0.687451
0.692933
0.680576
0.681492
0.683819
0.683608
0.677059
0.681499
0.680072
0.676329
0.678009
0.671473
0.678523
0.675429
0.672411
0.66817
0.668957
0.670102
0.671522
0.673627
0.66375
0.664784
0.665291
0.667325
0.657498
0.660417
0.65606
0.659763
0.653835
0.654557
0.65595
0.646464
0.649358
0.64885
0.650547
0.650397
0.644099
0.650962
0.639366
0.641902
0.6362
0.6411
0.640106
0.63616
0.63648
0.639124
0.63509
0.636712
0.635704
0.635338
0.635909
0.630954
0.631901
0.622837
0.625424
0.624402
0.620067
0.622439
0.620225
0.61919
0.617491
0.61448
0.61248
0.620559
0.610734
0.613523
0.614547
0.601255
0.602932
0.600055
0.603326
0.604262
0.602052
0.601552
0.595236
0.594984
0.593915
0.588645
0.585698
0.595828
0.583671
0.576735
0.585638
0.588813
0.58235
0.570555
0.571745
0.582897
0.578637
0.578505
0.575652
0.56477
0.559846
0.5738
0.558822
0.565093
0.558237
0.558704
0.553926
0.558931
0.551188
0.553615
0.549216
0.552429
0.548212
0.548965
0.539774
0.536179
0.536539
0.539056
0.53625
0.529796
0.527052
0.537125
0.537926
0.525357
0.520585
0.528132
0.516914
0.520358
0.523934
0.507862
0.510265
0.516021
0.499213
0.503353
0.507523
0.495621
0.499249
0.495116
0.509335
0.501988
0.502043
0.50208
0.487738
0.495562
0.489987
0.472706
0.48203
0.484922
0.472254
0.476489
0.481729
0.471489
0.482162
0.464456
0.465575
0.460763
0.458006
0.467516
0.462777
0.453544
0.450783
0.453047
0.44413
0.449599
0.440939
0.445816
0.449712
0.435957
0.446834
0.430368
0.438586
0.430974
0.433228
0.42375
0.426443
0.419863
0.419395
0.41826
0.425516
0.42916
0.418105
0.414368
0.417403
0.411873
0.402199
0.410723
0.40067
0.41178
0.409907
0.402587
0.394135
0.405284
0.399801
0.395334
0.400874
0.393281
0.37543
0.387712
0.378867
0.373358
0.38053
0.370483
0.378518
0.378559
0.372928
0.364414
0.359255
0.356186
0.355586
0.35793
0.359628
0.358171
0.367828
0.350444
0.353067
0.334919
0.336562
0.338937
0.326511
0.339336
0.330543
0.331485
0.336715
0.323009
0.321782
0.328385
0.318984
0.311788
0.315636
0.311868
0.316821
0.314823
0.309717
0.304499
0.304542
0.308617
0.304004
0.296185
0.291821
0.286536
0.291045
0.292739
0.288935
0.289986
0.295605
0.277556
0.280136
0.281704
0.277821
0.274835
0.281849
0.271911
0.273477
0.276418
0.271315
0.246943
0.26614
0.256537
0.270303
0.256326
0.257905
0.260391
0.240831
0.249554
0.245532
0.252071
0.240111
0.248333
0.249897
0.249499
0.251179
0.235323
0.234519
0.229044
0.232799
0.212211
0.224692
0.223414
0.233043
0.221887
0.21488
0.214923
0.216567
0.205477
0.198445
0.207184
0.209609
0.215624
0.197347
0.204411
0.197434
0.197477
0.202114
0.189186
0.188106
0.188149
0.189826
0.189869
0.169849
0.188209
0.188252
0.188295
0.189957
0.176898
0.170031
0.178984
0.165901
0.165944
0.167571
0.170478
0.169727
0.16977
0.169812
0.147343
0.158835
0.165174
0.166775
0.166817
0.166859
0.133738
0.149687
0.149729
0.136799
0.136842
0.138713
0.14491
0.149279
0.146589
0.128848
0.14253
0.142572
0.142613
0.138603
0.145207
0.138579
0.131837
0.131879
0.133425
0.136308
0.136349
0.113489
0.113531
0.0878323
0.109669
0.109711
0.109753
0.116313
0.112083
0.112124
0.117002
0.117043
0.117084
0.107133
0.105447
0.105488
0.105529
0.10639
0.106431
0.106471
0.109178
0.109218
0.109258
0.109297
0.0860406
0.0888894
0.103176
0.0889699
0.0890102
0.0918864
0.0830509
0.0898525
0.0780507
0.0909443
0.0909837
0.0764156
0.0701367
0.0701765
0.0702162
0.0772077
0.0772473
0.0691537
0.0691934
0.0847816
0.0693912
0.0710758
0.0626114
0.062647
0.0609225
0.0636861
0.0549096
0.0549454
0.0617109
0.0627676
0.0539398
0.0700592
0.0536916
0.069063
0.0690977
0.0527306
0.0527656
0.0471476
0.0471823
0.0453158
0.0483464
0.0394339
0.0391006
0.0443499
0.0641376
0.0474416
0.0312276
0.0632293
0.0464704
0.0216356
0.0345232
0.0249012
0.0168596
0.0316501
0.0157541
0.0329114
0.0338133
0.0394266
0.0240888
0.0221426
0.0199355
0.0150436
0.0133067
0.0105993
0.0139712
0.00196597
0.00371054
0.0170192
0.0177681
0.00836308
0.016622
0.00848143
0.0217908
0.0158353
0.0133246
-0.0119202
-0.0106997
0.0109302
-0.0070714
0.0290157
0.0101678
-0.0209335
0.000555342
-0.0229083
0.0046946
0.0233025
0.00393578
0.00116233
-0.00621923
-0.0442805
-0.01133
0.0143546
0.00637144
-0.0030854
-0.0806858
-0.0806642
-0.0306526
-0.0845683
-0.0151216
-0.0860655
-0.0235364
-0.0265957
-0.0270494
-0.0300829
-0.10585
-0.0688996
-0.0794865
-0.0922815
-0.0972693
-0.0998133
-0.102191
-0.0107913
-0.109869
-0.0544023
-0.037176
-0.102215
-0.0779494
-0.0916547
-0.0999728
-0.123686
-0.0901741
-0.041501
-0.175177
-0.0737678
-0.184993
-0.134973
-0.14816
-0.15612
-0.0976847
-0.198773
-0.145277
-0.186493
-0.185903
-0.141951
-0.174904
-0.150411
-0.12017
-0.15334
-0.151589
-0.125738
-0.119326
-0.0877228
-0.105763
-0.110778
-0.0947932
-0.0928707
-0.0740209
-0.0564211
-0.080516
-0.101665
-0.0644624
-0.101899
-0.0475091
-0.0606147
-0.0769376
-0.0862711
-0.0753669
-0.0576308
-0.071398
-0.0472617
-0.0569043
-0.0835868
-0.0442923
-0.0679671
-0.0565639
-0.0703833
-0.0751561
-0.0807271
-0.0834014
-0.0674706
-0.0671843
-0.0803415
-0.0533828
-0.0657563
-0.0715797
-0.0526383
-0.0675758
-0.0666522
-0.0549328
-0.0694161
-0.0653928
-0.078764
-0.063658
-0.063482
-0.0764901
-0.0418342
-0.062412
-0.0781789
-0.0647429
-0.0643624
-0.0809618
-0.075011
-0.077534
-0.0623104
-0.0747192
-0.0620944
-0.0532716
-0.0617252
-0.0765945
-0.0394936
-0.0517956
-0.0591174
-0.064051
-0.0606044
-0.0495162
-0.0620568
-0.0589463
-0.0570646
-0.0595213
-0.0370219
-0.0407989
-0.0459416
-0.0592267
-0.0492034
-0.0696369
-0.0367939
-0.0368097
-0.0560498
-0.0560654
-0.0591885
-0.0580087
-0.0696741
-0.0467859
-0.0592199
-0.0473686
-0.0686336
-0.0686493
-0.0339261
-0.0680322
-0.0675715
-0.0460667
-0.0432751
-0.0666016
-0.0463343
-0.0342525
-0.0342684
-0.0531998
-0.0660946
-0.058546
-0.0547965
-0.044097
-0.0441128
-0.049109
-0.0631759
-0.0542016
-0.0568165
-0.0212604
-0.0302516
-0.0509535
-0.0507031
-0.0644337
-0.0565168
-0.0605821
-0.0391717
-0.0620087
-0.0457842
-0.0517758
-0.0756165
-0.061653
-0.040012
-0.0615799
-0.0397162
-0.0403967
-0.049553
-0.0609801
-0.0521291
-0.0382653
-0.0390675
-0.0378876
-0.0457822
-0.0596688
-0.0386864
-0.0636618
-0.0456594
-0.0591155
-0.0392684
-0.0487919
-0.0593756
-0.0364465
-0.0399926
-0.0468677
-0.0584791
-0.0712156
-0.0165466
-0.0556858
-0.0466287
-0.0580676
-0.0351425
-0.0351583
-0.0466814
-0.0348338
-0.0566388
-0.0566546
-0.0357491
-0.0497088
-0.0425999
-0.0426158
-0.036475
-0.0392654
-0.0561096
-0.0561253
-0.056141
-0.027837
-0.0343164
-0.0554049
-0.0554208
-0.0463676
-0.031341
-0.0350006
-0.0551396
-0.0461717
-0.0319248
-0.0319407
-0.0600039
-0.0316574
-0.039225
-0.032685
-0.032701
-0.0494585
-0.0494743
-0.0679557
-0.0541269
-0.023793
-0.030686
-0.0427777
-0.0427936
-0.0529095
-0.0306101
-0.0313398
-0.043236
-0.0523327
-0.0431876
-0.0277032
-0.0433637
-0.020789
-0.0272858
-0.0431462
-0.028526
-0.0285419
-0.0285578
-0.0461784
-0.0461942
-0.0515492
-0.0531889
-0.0680166
-0.0193385
-0.0319122
-0.0392845
-0.0299019
-0.0426035
-0.0333067
-0.0484572
-0.0238993
-0.0434625
-0.0196819
-0.026172
-0.0477046
-0.0477205
-0.0385238
-0.0213757
-0.0213914
-0.0214071
-0.0661423
-0.0662209
-0.047034
-0.0361213
-0.0226476
-0.0336051
-0.0390358
-0.0600301
-0.0256673
-0.0261742
-0.0241834
-0.0241994
-0.0242155
-0.0385728
-0.04181
-0.0608587
-0.0608744
-0.0457757
-0.0316026
-0.0226162
-0.0162878
-0.0371867
-0.0279274
-0.0325461
-0.0442985
-0.0192219
-0.0400679
-0.0154836
-0.0154992
-0.0262792
-0.0594175
-0.0594937
-0.0474068
-0.017579
-0.0175948
-0.0176106
-0.0474618
-0.0513435
-0.0738954
-0.0507476
-0.0508231
-0.0200341
-0.0200502
-0.0357525
-0.0397103
-0.0588081
-0.0423005
-0.0378906
0.00627606
-0.0371386
-0.0124749
-0.0245496
-0.0406282
-0.040644
-0.0406599
-0.0406758
0.0018954
