-9.2009e-06
2.97382e-05
7.33654e-05
7.33654e-05
2.89715e-05
-4.08074e-06
-4.08074e-06
-4.08074e-06
-4.08074e-06
-9.79968e-06
-9.79968e-06
-9.79968e-06
1.47225e-06
-1.72386e-06
-3.5679e-06
-3.5679e-06
-3.5679e-06
-3.5679e-06
2.84684e-07
2.84684e-07
8.62471e-07
-1.49508e-07
3.32245e-08
3.32245e-08
-1.8695e-08
6.68067e-07
1.35329e-07
1.14332e-06
9.43939e-07
1.79553e-06
1.79553e-06
1.79553e-06
1.66752e-06
3.30944e-06
2.3871e-06
2.3871e-06
2.3871e-06
3.36879e-06
7.07797e-07
7.07797e-07
1.15399e-06
3.70847e-06
4.14284e-06
4.14284e-06
4.14284e-06
4.14284e-06
4.14284e-06
4.14284e-06
4.14284e-06
4.14284e-06
4.14284e-06
6.62068e-06
6.62068e-06
6.62068e-06
6.62068e-06
1.11885e-06
1.11885e-06
1.44765e-06
1.44765e-06
1.11698e-05
1.11698e-05
5.47408e-06
-1.41103e-06
3.47096e-06
3.47096e-06
6.20476e-06
1.18942e-05
1.0848e-05
7.70871e-06
-9.08033e-07
-9.08033e-07
8.77276e-06
8.77276e-06
8.77276e-06
8.77276e-06
1.37428e-05
3.59307e-06
1.74106e-05
1.74106e-05
1.74106e-05
6.46006e-06
1.54347e-05
1.54347e-05
1.54347e-05
1.54347e-05
1.54347e-05
1.54347e-05
1.18384e-05
2.63638e-05
2.63638e-05
2.63638e-05
2.63638e-05
2.63638e-05
2.63638e-05
2.63638e-05
2.63638e-05
2.63638e-05
2.63638e-05
2.63638e-05
2.85203e-05
2.85203e-05
2.85203e-05
2.85203e-05
2.85203e-05
2.85203e-05
2.85203e-05
2.85203e-05
2.85203e-05
2.85203e-05
2.85203e-05
4.58277e-06
4.58277e-06
4.58277e-06
4.58277e-06
4.48081e-05
4.48081e-05
4.15157e-05
2.58037e-05
1.57964e-05
1.57964e-05
1.1991e-05
4.21397e-05
4.21397e-05
4.21397e-05
2.09353e-05
2.09353e-05
3.35244e-05
2.13513e-05
2.13513e-05
2.55178e-05
4.05907e-05
4.05907e-05
4.05907e-05
4.05907e-05
1.07745e-05
4.63669e-05
4.63669e-05
4.63669e-05
4.63669e-05
2.50633e-05
1.60096e-05
1.25328e-05
1.57619e-05
1.57619e-05
1.00598e-05
1.00598e-05
1.00598e-05
4.06833e-05
4.06833e-05
-1.68147e-05
-4.14295e-06
-4.14295e-06
-3.0875e-05
-2.82443e-05
-2.82443e-05
-3.2607e-05
-3.2607e-05
-2.28383e-05
-1.90928e-05
-1.8796e-05
3.31083e-06
3.31083e-06
-1.34857e-05
-1.60081e-05
-5.77246e-06
-5.77246e-06
-8.11474e-06
-8.11474e-06
-1.24453e-05
-7.96964e-07
-6.69767e-06
2.50281e-06
-3.78933e-06
-5.52273e-06
-5.52273e-06
9.50065e-06
9.50065e-06
9.50065e-06
9.50065e-06
8.24857e-06
7.42825e-06
6.98248e-06
1.02516e-05
1.02516e-05
1.02516e-05
9.75066e-06
1.01343e-05
1.01343e-05
5.73464e-06
8.46187e-06
6.22375e-06
7.62081e-06
7.62081e-06
8.01949e-06
7.10745e-06
4.36679e-06
2.27059e-06
6.45013e-06
6.42452e-07
5.91654e-06
5.91654e-06
2.7159e-06
2.7159e-06
8.14292e-07
1.15267e-06
1.15267e-06
-6.07668e-07
-6.07668e-07
-6.07668e-07
-1.11167e-06
-1.11167e-06
-3.47554e-06
-3.47554e-06
-3.47554e-06
-3.47554e-06
2.07787e-06
2.07787e-06
2.46989e-06
2.46989e-06
-5.52351e-06
-5.52351e-06
-5.38507e-06
-5.53992e-06
-3.93066e-06
-9.73531e-06
-9.73531e-06
-9.78622e-06
-1.25975e-05
-9.24126e-06
-9.24126e-06
-9.24126e-06
-9.24126e-06
-9.24126e-06
-9.24126e-06
-1.25525e-05
-9.32082e-06
-1.0055e-05
-1.0055e-05
-9.0095e-06
-1.07939e-05
-1.07516e-05
-1.07516e-05
-1.07516e-05
-1.41878e-05
-1.41878e-05
-1.41878e-05
-1.41878e-05
-1.36193e-05
-1.32856e-05
-1.10791e-05
-1.10791e-05
-1.13705e-05
-1.13705e-05
-1.13705e-05
-1.13705e-05
-1.29737e-05
-1.29737e-05
-1.29737e-05
-1.72324e-05
-1.72324e-05
-1.72324e-05
-1.3704e-05
-1.3704e-05
-1.3704e-05
-1.3704e-05
-1.3704e-05
-1.3704e-05
-1.04488e-05
-1.04488e-05
-1.04488e-05
-1.04488e-05
-4.03146e-06
-4.03146e-06
-4.03146e-06
-4.03146e-06
-7.51189e-06
-7.51189e-06
-7.51189e-06
-7.51189e-06
-7.51189e-06
-7.51189e-06
-7.51189e-06
-7.51189e-06
-9.83934e-06
-6.32343e-06
-7.84255e-06
-7.84255e-06
-7.84255e-06
-7.84255e-06
-7.84255e-06
-7.84255e-06
-6.53092e-06
-6.53092e-06
-1.10455e-05
-1.10455e-05
-1.12582e-05
-8.71932e-06
-8.71932e-06
-8.71932e-06
-8.71932e-06
-7.06928e-06
-7.06928e-06
-7.06928e-06
-2.8801e-06
-2.8801e-06
-2.8801e-06
-2.8801e-06
-1.12276e-05
-1.12276e-05
-1.12276e-05
-1.12276e-05
-1.12276e-05
-1.12276e-05
-1.12276e-05
-1.12276e-05
-1.12276e-05
-1.12276e-05
-1.12276e-05
-1.12276e-05
-1.12276e-05
-9.44703e-06
-9.44703e-06
-9.44703e-06
-9.44703e-06
-9.44703e-06
-9.44703e-06
-9.44703e-06
-9.44703e-06
-9.44703e-06
-9.44703e-06
-9.44703e-06
-9.44703e-06
-9.44703e-06
-7.40785e-06
-7.40785e-06
-7.40785e-06
-7.40785e-06
-7.40785e-06
-7.40785e-06
-7.40785e-06
-4.19495e-06
-5.76004e-06
-5.76004e-06
-1.41109e-05
-1.41109e-05
-1.48633e-05
-1.48633e-05
-1.4462e-05
-1.33437e-05
-1.05181e-05
-1.26372e-05
-1.25968e-05
-1.17239e-05
-1.17239e-05
-4.32407e-06
-2.01719e-06
-3.38557e-06
3.37862e-06
8.32245e-07
1.47108e-06
5.19906e-07
-1.48531e-06
-1.48531e-06
-5.30991e-06
-4.82591e-06
-1.02643e-05
-1.03121e-05
-1.34436e-05
-1.20434e-05
-1.01165e-05
-6.11353e-06
-4.99394e-06
-6.82601e-06
-7.61732e-06
-7.14247e-06
-4.57487e-06
-3.85979e-06
-3.08989e-06
-7.88317e-06
-5.90983e-06
-7.80507e-06
-8.40898e-06
-1.08837e-05
-9.84713e-06
-1.29702e-05
-9.27455e-06
-7.41564e-06
-6.2244e-06
-5.5689e-06
-4.27978e-06
-2.89502e-06
-3.42937e-06
-3.64667e-06
-3.22285e-06
-7.06906e-06
-9.80913e-06
-1.12166e-05
-1.05343e-05
-1.15905e-05
-9.73055e-06
-9.86502e-06
-1.14485e-05
-1.26082e-05
-1.0291e-05
-6.69578e-06
-1.39076e-07
-3.11513e-07
-1.22024e-06
4.8077e-07
2.9973e-07
2.67079e-06
2.08753e-06
-3.94075e-07
-5.70572e-06
-5.70572e-06
-5.53347e-06
-7.74877e-06
-1.05238e-05
-1.17526e-05
-1.28619e-05
-1.37909e-05
-1.30891e-05
-1.30945e-05
-4.79572e-06
-5.44478e-06
-3.80513e-06
-2.38415e-06
-2.25639e-06
-9.94815e-07
3.27181e-07
6.05295e-06
2.61757e-06
1.92849e-06
-2.60974e-06
-7.11165e-06
-8.57232e-06
-8.08245e-06
-8.16821e-06
-1.06412e-05
-1.10885e-05
-1.23949e-05
-9.75718e-06
-1.01266e-05
-1.07612e-05
-9.99078e-06
-4.36247e-06
-7.29294e-08
5.38754e-07
5.3218e-07
9.40792e-08
1.59999e-06
2.97183e-06
2.29392e-06
2.00413e-06
-2.86565e-06
-9.84631e-07
-6.60595e-06
-5.08358e-06
-7.28918e-06
-8.86178e-06
-1.0977e-05
-1.0733e-05
-1.11247e-05
-1.06668e-05
-8.59724e-06
-5.54243e-06
-4.21764e-06
-2.07117e-06
-2.38235e-06
-6.05345e-07
-8.56302e-07
6.44463e-08
-1.86985e-06
-2.53664e-06
-3.81129e-06
-4.94869e-06
-6.94319e-06
-6.2493e-06
-4.78786e-06
-5.26271e-06
-4.76214e-06
-3.98202e-06
-1.10649e-06
1.66849e-06
2.62837e-06
1.27181e-06
8.27804e-07
-1.97054e-06
-2.15492e-06
-3.51e-06
-5.76078e-06
-6.41325e-06
-6.4861e-06
-7.75615e-06
-6.45331e-06
-5.10069e-06
-2.8843e-06
-1.32874e-07
-6.80085e-07
2.09208e-06
2.35595e-06
-3.73814e-06
-1.5965e-05
-1.19371e-05
-3.74924e-06
-5.72409e-06
-1.98804e-05
-1.59799e-05
-1.83577e-05
-2.11347e-05
-1.15439e-05
-1.00346e-06
-1.99691e-06
1.70907e-06
-2.06423e-06
4.33988e-07
-4.80366e-06
-1.21009e-06
-2.09533e-06
-7.04205e-06
-1.61768e-06
-4.36587e-07
3.70109e-06
4.43886e-06
1.42744e-06
5.22937e-06
1.32164e-06
2.86141e-07
-4.58358e-07
-9.81944e-07
-3.45939e-06
-2.55002e-06
-3.55967e-06
-4.2656e-06
-4.51285e-06
-6.72962e-06
-3.96111e-06
-2.26533e-06
-8.30177e-07
4.92704e-06
3.42583e-06
2.98504e-06
2.13039e-06
6.80986e-06
-1.74373e-06
-1.65078e-06
-1.214e-06
-4.59527e-06
-5.2332e-06
-4.28309e-06
-5.82643e-06
-4.14391e-06
-7.33286e-07
-4.34867e-06
6.62284e-07
7.08792e-07
2.22734e-06
2.08483e-06
1.63175e-06
-3.11996e-07
-9.90288e-08
-1.6547e-06
-2.31474e-06
6.33491e-07
-1.12097e-06
3.31668e-06
2.5704e-06
5.24744e-06
8.86086e-07
-8.60246e-07
-2.34618e-06
-2.88668e-06
-3.62546e-06
-3.89801e-06
-3.77938e-06
-3.47242e-06
-2.14451e-06
2.64157e-06
-4.05542e-08
3.86202e-06
2.78723e-06
1.52175e-06
2.76764e-06
3.20574e-06
1.60858e-06
1.10813e-06
-4.82704e-08
-5.70561e-07
-1.15877e-06
-1.59315e-06
-1.45576e-06
-2.48505e-06
-1.02014e-06
-2.68424e-07
-9.05348e-07
7.97707e-08
-1.2675e-07
-7.96468e-09
1.04819e-06
2.67831e-06
2.22806e-06
1.76136e-06
4.067e-06
1.66526e-06
5.37179e-07
-2.9377e-07
9.79857e-07
2.26783e-07
-1.45732e-06
-9.24997e-07
-1.47643e-06
-1.7155e-06
-1.1826e-06
-1.72724e-06
-2.07098e-06
-2.05505e-06
-1.57521e-06
-1.48593e-06
-1.07068e-06
-3.36826e-07
-2.74538e-07
2.80087e-08
-4.67198e-07
-1.20646e-06
-3.95462e-07
-3.91326e-07
9.93755e-08
-1.7395e-06
-4.34008e-07
-2.4599e-08
-7.31004e-07
-1.06717e-06
-2.15937e-07
-9.99802e-07
-7.72538e-08
9.58101e-07
-8.79813e-07
-6.46167e-07
-1.21602e-06
3.67217e-07
-1.18918e-06
-3.52357e-07
-3.92075e-06
-1.37822e-06
-2.49306e-06
-4.7438e-07
6.67991e-08
2.11288e-07
7.33933e-08
7.20876e-07
1.73309e-06
3.39686e-06
2.18969e-06
2.62626e-06
-5.65721e-07
-1.25338e-06
-3.31251e-06
-3.16137e-06
-4.41546e-06
-3.79984e-06
-2.12631e-06
-3.67142e-07
3.09102e-06
4.0679e-06
2.79139e-06
5.36862e-06
5.44384e-06
4.12715e-06
4.27031e-06
1.06011e-06
-1.49875e-06
-1.09711e-06
-2.93195e-06
-4.69188e-06
-4.76883e-06
-4.11615e-06
-3.07927e-06
-2.06079e-06
1.25632e-07
6.3567e-06
6.69719e-06
8.00294e-06
9.2576e-06
4.81818e-06
8.13144e-06
7.34587e-06
7.02717e-06
1.48422e-06
-2.56441e-06
-4.15376e-06
-5.74786e-06
-1.22816e-05
-6.94686e-06
-5.29192e-06
-3.2452e-06
2.7447e-06
9.34192e-06
7.96864e-06
2.05593e-05
1.58453e-05
1.87207e-05
1.02489e-05
1.01631e-05
7.77826e-06
2.94009e-06
-4.90955e-06
-8.63898e-06
-1.14838e-05
-1.43499e-05
-1.46137e-05
-1.37278e-05
-1.17481e-05
-9.13261e-06
8.43293e-06
4.87261e-06
1.76652e-05
2.10115e-05
1.66015e-05
1.23734e-05
8.95881e-06
5.61925e-06
1.21932e-06
-6.63624e-08
-6.34999e-06
-1.0847e-05
-1.40437e-05
-1.68649e-05
-1.25076e-05
-2.97601e-06
6.18998e-07
4.92313e-06
2.02116e-06
1.22207e-05
9.55247e-06
1.62689e-05
1.18363e-05
1.15844e-05
9.21398e-06
6.13691e-06
5.14316e-06
3.63893e-06
1.25883e-06
8.42434e-08
3.95345e-07
-2.1387e-06
1.99774e-06
2.07211e-06
3.9277e-06
3.86417e-06
7.52084e-06
7.91998e-06
8.62523e-06
7.48886e-06
6.89573e-06
7.95125e-06
6.27275e-06
6.66439e-06
6.66439e-06
8.25872e-06
1.01064e-05
9.75587e-06
8.72003e-06
1.03806e-05
9.03607e-06
-1.5868e-05
-1.69955e-06
-2.19858e-05
-1.13734e-05
-2.12859e-05
-4.28383e-06
-9.59129e-06
-6.31428e-07
2.26919e-06
3.81057e-06
1.37389e-05
1.5966e-05
3.53074e-05
3.07454e-05
4.54848e-05
3.27116e-05
3.51624e-05
2.38543e-05
2.68017e-05
1.80137e-05
1.18263e-05
3.13305e-06
1.0082e-06
-6.94957e-06
-7.90979e-06
-2.06083e-05
-1.72416e-05
-2.55212e-05
-1.55922e-05
-8.43413e-06
1.7926e-06
7.5797e-06
1.76919e-05
1.56046e-05
2.62978e-05
2.08073e-05
2.27247e-05
1.5629e-05
1.43208e-05
7.23401e-06
1.16345e-06
-8.65567e-06
-7.56526e-06
-1.21537e-05
-1.15409e-05
-3.01348e-06
2.25546e-06
7.55674e-06
1.08597e-05
1.39348e-05
1.80565e-05
2.27799e-05
1.69832e-05
1.15424e-05
1.05146e-05
2.42367e-07
-3.63136e-06
-6.44432e-06
-8.51363e-06
-1.4398e-05
-1.27196e-05
-1.20568e-05
-4.66718e-06
7.70398e-06
1.12068e-05
1.45837e-05
2.06933e-05
2.05592e-05
2.32721e-05
2.27787e-05
1.41047e-05
1.2639e-05
5.19518e-06
2.22631e-06
-7.30498e-06
-1.53999e-05
-1.6789e-05
-1.17102e-05
-1.13476e-05
-7.68812e-06
3.10434e-06
6.87494e-06
1.30853e-05
1.25649e-05
1.57141e-05
7.30241e-06
8.43729e-06
4.4575e-06
3.23527e-06
8.37614e-06
-2.90561e-06
-9.43522e-06
-1.42685e-05
-1.56243e-05
-1.36482e-05
-1.39019e-05
-1.4322e-05
-1.24465e-05
-2.00055e-08
8.93736e-07
-2.65087e-06
7.28401e-06
1.15254e-05
1.30481e-05
1.13209e-05
5.11984e-06
5.39497e-06
1.2744e-05
7.58156e-06
-1.63114e-07
-9.12224e-06
-1.36217e-05
-1.72646e-05
-1.66585e-05
-1.54501e-05
-8.52798e-06
-4.79599e-06
5.09779e-07
7.12763e-06
1.0059e-05
8.98301e-06
1.5149e-05
1.41844e-05
1.40649e-05
5.2146e-06
3.40331e-06
-5.46059e-07
-4.42021e-06
-6.52043e-06
-1.34362e-05
-1.66491e-05
-1.5591e-05
-1.75709e-05
-1.25527e-05
-7.52511e-06
-6.5037e-06
-1.07681e-06
-2.60271e-06
3.07762e-06
1.36685e-05
1.40493e-05
7.52514e-06
4.22026e-06
4.14674e-06
1.59696e-06
-1.91055e-06
-4.1899e-06
-6.53662e-06
-1.66466e-06
1.19617e-05
1.99376e-05
3.28831e-05
3.27331e-05
3.78006e-05
2.64294e-05
2.7671e-05
3.03583e-05
2.9668e-05
2.76735e-05
2.10856e-05
1.84287e-05
6.67786e-06
5.21726e-06
3.15195e-06
-5.85065e-06
-7.52491e-06
-1.51318e-05
-2.02814e-05
-2.56255e-05
-2.93737e-05
-3.00792e-05
-3.47508e-05
-4.14198e-05
-4.22821e-05
-4.44393e-05
-4.43417e-05
-4.10734e-05
-3.46098e-05
-2.53143e-05
-1.51704e-05
-1.17688e-05
-5.41419e-06
1.57084e-06
-1.0936e-05
-1.49645e-05
-7.88021e-06
-1.33009e-06
-7.22572e-07
-7.22572e-07
4.33671e-06
4.24076e-06
-1.10609e-07
-3.41166e-06
-8.13256e-06
-1.19887e-05
-1.4198e-05
-1.76178e-05
-1.82996e-05
-1.67266e-05
-1.80647e-05
-1.54867e-05
-1.49557e-05
-1.61192e-05
-1.61067e-05
-1.63722e-05
-1.30577e-05
-1.30577e-05
-1.30577e-05
-8.06144e-06
-8.06144e-06
-2.88695e-06
-2.65242e-06
-2.65242e-06
-4.21621e-06
-4.21621e-06
-4.21621e-06
-3.87617e-07
-4.6297e-07
-1.72351e-06
-3.09063e-06
-2.32985e-06
-3.03398e-06
-3.94257e-06
-3.94257e-06
-3.94257e-06
-4.27061e-06
-3.93617e-06
-3.93617e-06
-3.93617e-06
-3.93617e-06
-4.03752e-06
-4.03752e-06
-6.67033e-06
-6.50834e-06
-3.16925e-06
-1.82185e-06
-2.30833e-06
-2.30833e-06
-2.30833e-06
-2.30833e-06
-2.30833e-06
1.77345e-05
1.77345e-05
1.77345e-05
1.77345e-05
1.77345e-05
1.77345e-05
1.77345e-05
1.77345e-05
1.77345e-05
1.77345e-05
1.77345e-05
1.77345e-05
1.77345e-05
1.77345e-05
1.77345e-05
1.77345e-05
1.77345e-05
1.77345e-05
1.77345e-05
1.77345e-05
1.77345e-05
1.77345e-05
1.77345e-05
1.77345e-05
1.77345e-05
1.77345e-05
1.77345e-05
1.77345e-05
1.77345e-05
1.77345e-05
1.77345e-05
1.77345e-05
1.77345e-05
1.77345e-05
1.77345e-05
1.77345e-05
1.77345e-05
1.77345e-05
1.77345e-05
1.77345e-05
1.77345e-05
1.77345e-05
1.77345e-05
1.77345e-05
1.77345e-05
1.77345e-05
1.77345e-05
1.77345e-05
1.77345e-05
1.77345e-05
1.77345e-05
1.77345e-05
1.77345e-05
1.77345e-05
1.77345e-05
1.77345e-05
1.77345e-05
1.77345e-05
1.77345e-05
1.77345e-05
1.77345e-05
1.77345e-05
1.77345e-05
1.77345e-05
1.77345e-05
1.77345e-05
1.77345e-05
1.77345e-05
1.77345e-05
1.77345e-05
1.77345e-05
1.77345e-05
1.77345e-05
1.77345e-05
1.77345e-05
1.77345e-05
1.77345e-05
1.77345e-05
1.77345e-05
1.77345e-05
1.77345e-05
1.77345e-05
-5.82288e-05
-4.08403e-05
5.9831e-05
5.53773e-05
5.64765e-05
3.52896e-05
5.72465e-05
5.94366e-05
6.34509e-05
9.59197e-05
9.47978e-05
0.000112664
0.000112664
0.000132445
0.000103914
9.60361e-05
8.79768e-05
8.90046e-05
7.45811e-05
5.11399e-05
3.29817e-05
5.48104e-06
-2.03792e-05
-5.57285e-05
-6.60114e-05
-6.54073e-05
-5.86538e-05
-5.86538e-05
-6.35362e-05
-8.00322e-05
-8.14131e-05
-7.8347e-05
-8.90049e-05
-8.99789e-05
-8.99789e-05
-7.47824e-05
-7.84656e-05
-8.28047e-05
-7.25059e-05
-5.35293e-05
-4.99147e-05
-5.14905e-05
-4.58498e-05
-2.58999e-05
-1.52668e-05
-1.52668e-05
-1.11785e-05
1.05596e-06
2.11235e-05
2.16834e-05
6.30052e-06
2.31245e-06
-1.2413e-05
-3.4976e-05
-3.4976e-05
-4.88034e-05
-5.09521e-05
-5.3678e-05
-5.29636e-05
-5.06322e-05
-4.95051e-05
-4.81537e-05
-4.6174e-05
-4.67457e-05
-4.84488e-05
-4.87136e-05
-4.9144e-05
-5.58447e-05
-5.33888e-05
-4.92604e-05
-4.82784e-05
-4.65188e-05
-4.42231e-05
-3.9761e-05
-3.9761e-05
-3.54208e-05
-3.15413e-05
-3.15413e-05
-2.76465e-05
-2.50382e-05
-2.29402e-05
-2.08471e-05
-1.92714e-05
-1.67494e-05
-1.35858e-05
-1.3283e-05
-1.16794e-05
-8.2499e-06
-6.58094e-06
-6.48034e-06
-6.48034e-06
-4.61425e-06
-2.35642e-06
-2.79469e-06
-2.7339e-06
-2.99001e-06
-3.91456e-06
-4.89525e-06
-4.89525e-06
-4.71641e-06
-4.73116e-06
-6.10682e-06
-6.42564e-06
-6.10943e-06
-6.1549e-06
-6.69072e-06
-7.20037e-06
-7.63063e-06
-7.70594e-06
-7.57835e-06
-7.57835e-06
-7.7118e-06
-8.44973e-06
-8.9466e-06
-8.66973e-06
-8.09812e-06
-7.88079e-06
-7.61356e-06
-6.98467e-06
-6.17313e-06
-6.04361e-06
-5.90374e-06
-5.58142e-06
-5.16456e-06
-4.96184e-06
-4.76946e-06
-4.54577e-06
-4.19707e-06
-3.60001e-06
-2.9118e-06
-2.83277e-06
-2.83129e-06
-2.42575e-06
-2.09527e-06
-1.91028e-06
-1.79325e-06
-1.5894e-06
-1.37424e-06
-1.33499e-06
-1.32942e-06
-1.3133e-06
-1.53907e-06
-2.4208e-06
-2.66877e-06
-2.47873e-06
-1.72857e-06
-1.67535e-06
-1.84952e-06
-1.82941e-06
-1.60659e-06
-1.26108e-06
-1.29369e-06
-1.35053e-06
-1.11294e-06
-1.31935e-06
-1.68765e-06
-1.16737e-06
-6.99993e-07
-8.3677e-07
-7.78841e-07
-5.4733e-07
-3.7959e-07
-4.06097e-07
-3.60357e-07
-4.74306e-07
-4.74306e-07
-5.6626e-07
-4.22882e-07
-3.00543e-07
-2.97055e-07
-2.65696e-07
-2.41314e-07
-2.15674e-07
1.53489e-07
2.40342e-07
5.58039e-08
-2.53498e-07
-2.95527e-07
-3.38457e-07
-4.66282e-07
-6.10981e-07
-2.51254e-07
1.36572e-07
2.13742e-07
3.63925e-08
2.8376e-08
1.37452e-07
-1.37152e-07
-2.11768e-07
-1.02604e-07
-4.38473e-08
2.55304e-07
6.05068e-07
6.30481e-07
6.16063e-07
6.98612e-07
9.97827e-07
5.17266e-07
3.45437e-07
7.19688e-07
7.33653e-07
8.52655e-07
8.75634e-07
8.04081e-07
1.06267e-06
9.88045e-07
7.19986e-07
6.31704e-07
6.53108e-07
9.18859e-07
6.06255e-07
2.84878e-07
9.79204e-08
9.79204e-08
2.62571e-07
7.54765e-07
8.02987e-07
7.07861e-07
9.33562e-07
1.1784e-06
1.28676e-06
1.29017e-06
1.31244e-06
1.35837e-06
1.35837e-06
1.48069e-06
1.338e-06
1.15584e-06
9.7644e-07
9.2786e-07
9.817e-07
9.32059e-07
1.29339e-06
1.6036e-06
1.6036e-06
1.85738e-06
1.58297e-06
1.28149e-06
1.6298e-06
1.76503e-06
1.43517e-06
1.05238e-06
1.42304e-06
1.47327e-06
9.33919e-07
8.21205e-07
1.47827e-06
1.43375e-06
1.23602e-06
1.25514e-06
1.32069e-06
1.30087e-06
1.28043e-06
1.07109e-06
9.68666e-07
1.02099e-06
1.14612e-06
1.46806e-06
9.54185e-07
7.30286e-08
-3.72908e-08
1.68186e-07
5.96548e-07
4.48362e-07
4.07979e-07
7.10526e-07
8.34848e-07
8.10602e-07
1.16855e-06
1.65598e-06
1.75296e-06
1.75306e-06
1.91996e-06
2.35046e-06
2.61049e-06
2.57934e-06
1.92594e-06
9.72076e-07
8.67519e-07
9.26408e-07
8.63187e-07
7.71534e-07
5.29006e-07
4.57714e-07
5.54821e-07
6.22224e-07
8.32392e-07
8.72738e-07
7.45162e-07
4.80744e-07
3.525e-07
5.30085e-07
7.08648e-07
5.45038e-07
2.99122e-07
3.87846e-07
7.10522e-07
7.51607e-07
7.96661e-07
8.4935e-07
1.11254e-06
1.16077e-06
6.9655e-07
3.05411e-07
3.1984e-07
3.9257e-07
2.78835e-07
-5.71358e-08
-5.60796e-08
4.90826e-08
1.97443e-07
1.9323e-07
5.5118e-07
1.02172e-06
1.35311e-06
1.55888e-06
2.01297e-06
2.31249e-06
2.52914e-06
2.91874e-06
3.01944e-06
3.02655e-06
2.69315e-06
2.17557e-06
1.85902e-06
1.60101e-06
1.54146e-06
1.33434e-06
9.31078e-07
9.14157e-07
8.57974e-07
1.15479e-06
1.39052e-06
1.46083e-06
1.20431e-06
1.19703e-06
1.29911e-06
1.27938e-06
1.40848e-06
1.57783e-06
1.77191e-06
1.84099e-06
1.86659e-06
2.02752e-06
2.09266e-06
1.9896e-06
1.78496e-06
1.63416e-06
1.9062e-06
1.9062e-06
2.26863e-06
1.81344e-06
1.43798e-06
1.46313e-06
1.10371e-06
-3.94464e-07
-3.90208e-07
1.84536e-06
2.1682e-06
2.0314e-06
1.46255e-06
2.0403e-06
3.21285e-06
3.60961e-06
3.46928e-06
2.84789e-06
2.71388e-06
2.84664e-06
2.99433e-06
2.8839e-06
2.54384e-06
2.52423e-06
2.64834e-06
2.64834e-06
2.1825e-06
2.21902e-06
2.33956e-06
2.58482e-06
2.58482e-06
3.05527e-06
3.02559e-06
2.82744e-06
2.78902e-06
2.82208e-06
2.89995e-06
2.94249e-06
2.71158e-06
2.5801e-06
2.46599e-06
2.35905e-06
2.16176e-06
2.2724e-06
2.5993e-06
2.51216e-06
2.50949e-06
2.10504e-06
2.37302e-06
2.12176e-06
2.23371e-06
2.16736e-06
2.51444e-06
2.5743e-06
2.45742e-06
2.66875e-06
2.94756e-06
2.97006e-06
2.78601e-06
3.12247e-06
3.78685e-06
3.58245e-06
3.15331e-06
2.56497e-06
1.90323e-06
1.52958e-06
1.52958e-06
1.61495e-06
4.44691e-06
6.77261e-06
6.77261e-06
6.21131e-06
5.05213e-06
5.64918e-06
6.04074e-06
5.7172e-06
6.35208e-06
6.35208e-06
4.71787e-06
3.01478e-06
3.01478e-06
5.28192e-06
6.76601e-06
6.86565e-06
7.72379e-06
8.02851e-06
8.23448e-06
7.921e-06
8.05071e-06
8.74208e-06
9.38331e-06
9.7854e-06
9.72906e-06
9.72906e-06
9.75492e-06
1.01569e-05
1.01223e-05
9.36468e-06
8.38816e-06
7.76159e-06
7.23076e-06
7.04511e-06
6.49964e-06
5.66278e-06
4.82809e-06
3.92347e-06
3.50941e-06
2.58627e-06
1.30156e-06
5.36896e-07
-3.72209e-08
3.40013e-07
3.95908e-07
3.95908e-07
-5.03055e-07
-1.27832e-06
-1.60981e-06
-1.70179e-06
-2.59534e-06
-3.48932e-06
-4.11779e-06
-4.11568e-06
-3.77596e-06
-3.34864e-06
-3.29482e-06
-3.19124e-06
-3.19124e-06
-2.80815e-06
-1.75276e-06
-2.31356e-06
-3.09934e-06
-3.09934e-06
-3.76621e-06
-3.56122e-06
-2.64409e-06
-2.46651e-06
-3.37532e-06
-4.85722e-06
-4.36897e-06
-4.74388e-06
-1.03774e-05
-1.03774e-05
-1.65104e-05
-1.58938e-05
-1.28785e-05
-9.27763e-06
-9.20286e-06
-1.32073e-05
-2.07032e-05
-1.90888e-05
-1.71633e-05
-1.78807e-05
-2.12162e-05
-2.0183e-05
-1.9488e-05
-1.68105e-05
-1.41102e-05
-1.00403e-05
-6.73441e-06
-6.11058e-06
-3.12476e-06
4.41687e-07
2.73314e-06
2.50429e-06
2.50429e-06
5.66178e-06
1.44001e-05
2.19162e-05
3.60988e-05
3.73625e-05
4.16813e-05
4.2243e-05
4.2243e-05
7.03725e-05
6.24948e-05
5.5012e-05
5.50517e-05
5.61597e-05
5.33391e-05
4.92406e-05
5.53438e-05
5.53438e-05
6.71857e-05
5.80821e-05
3.79899e-05
2.75605e-05
2.00643e-05
1.49798e-05
1.49798e-05
9.54813e-06
1.1628e-05
1.49966e-05
1.45178e-05
1.26158e-05
1.12094e-05
8.78013e-06
5.30309e-06
1.08885e-05
1.58894e-05
1.99653e-05
2.08013e-05
2.09746e-05
3.1057e-05
4.29665e-05
3.2673e-05
1.88967e-05
1.49888e-05
9.14321e-06
-6.67209e-06
-3.50016e-05
-4.75599e-05
-4.68153e-05
-5.04182e-05
-5.92255e-05
-6.02321e-05
-6.80033e-05
-6.83205e-05
-6.81678e-05
-7.28409e-05
-8.07421e-05
-8.62236e-05
-8.64285e-05
-7.64177e-05
-6.6214e-05
-5.84966e-05
-5.27465e-05
-4.60709e-05
-3.53145e-05
-2.78077e-05
-2.38493e-05
-1.99206e-05
-1.66681e-05
-1.05556e-05
-6.15271e-06
-4.88467e-06
-5.88627e-06
-6.16218e-06
-2.61276e-06
1.18997e-06
3.05967e-07
-1.54398e-06
-2.36636e-06
-2.08009e-06
-1.3053e-06
-2.31954e-06
-5.05064e-06
-8.72385e-06
-8.47805e-06
-8.00885e-06
-8.77343e-06
-9.57573e-06
-1.00184e-05
-8.31352e-06
-8.54606e-06
-9.16045e-06
-1.20634e-05
-1.37099e-05
-1.43893e-05
-1.27074e-05
-1.1386e-05
-1.21419e-05
-1.52715e-05
-1.6761e-05
-1.60892e-05
-1.5682e-05
-1.60457e-05
-1.72243e-05
-1.78102e-05
-1.72327e-05
-1.67144e-05
-1.66918e-05
-1.72548e-05
-1.73882e-05
-1.69476e-05
-1.61734e-05
-1.5437e-05
-1.50423e-05
-1.39072e-05
-1.34112e-05
-1.20477e-05
-1.14263e-05
-1.00388e-05
-8.26554e-06
-7.3207e-06
-6.0864e-06
-5.08204e-06
-3.97786e-06
-3.40598e-06
-2.89049e-06
-2.02579e-06
-8.55369e-07
3.00211e-07
7.25337e-07
1.14994e-06
1.78524e-06
2.33866e-06
3.22112e-06
3.90037e-06
4.21051e-06
4.1651e-06
4.19035e-06
4.46381e-06
4.88199e-06
5.20998e-06
5.17359e-06
4.9713e-06
4.79088e-06
4.78741e-06
4.82488e-06
4.69634e-06
4.44329e-06
4.07641e-06
3.81904e-06
3.30119e-06
3.14857e-06
2.88494e-06
2.55938e-06
1.95879e-06
1.67442e-06
1.32469e-06
1.15333e-06
8.05852e-07
4.97142e-07
3.14806e-07
2.38488e-08
-4.21836e-07
-7.43445e-07
-8.28036e-07
-8.86084e-07
-9.66426e-07
-1.1834e-06
-1.48111e-06
-1.69993e-06
-1.71949e-06
-1.77098e-06
-1.95686e-06
-2.2226e-06
-2.40493e-06
-2.46936e-06
-2.45104e-06
-2.45011e-06
-2.49994e-06
-2.55745e-06
-2.51233e-06
-2.38246e-06
-2.15659e-06
-1.94435e-06
-1.84297e-06
-1.79831e-06
-1.78588e-06
-1.66394e-06
-1.48914e-06
-1.3977e-06
-1.34895e-06
-1.24653e-06
-1.11465e-06
-1.05579e-06
-1.04673e-06
-1.00608e-06
-7.7717e-07
-6.05917e-07
-3.82329e-07
-1.07528e-07
7.68958e-08
2.31113e-07
1.9619e-07
1.00661e-07
4.98802e-08
2.57215e-07
3.44605e-07
3.24594e-07
7.42399e-08
-1.07987e-08
-1.19151e-07
-1.61915e-07
-1.53559e-07
-2.19905e-07
-3.58386e-07
-6.58416e-07
-6.26872e-07
-4.57081e-07
-3.53651e-07
-4.10048e-07
-5.29764e-07
-8.01758e-07
-1.10709e-06
-1.23634e-06
-1.28379e-06
-1.51146e-06
-1.8098e-06
-1.9988e-06
-2.16571e-06
-2.47132e-06
-2.60753e-06
-2.70459e-06
-2.73011e-06
-2.76122e-06
-2.86985e-06
-2.99467e-06
-2.85599e-06
-2.73108e-06
-2.5064e-06
-2.44914e-06
-2.43218e-06
-2.46346e-06
-2.30318e-06
-1.54906e-06
-1.05345e-06
-8.8943e-07
-8.66338e-07
-7.64533e-07
-4.22158e-07
-3.61636e-08
9.07506e-08
2.51977e-07
2.80872e-07
3.45237e-07
5.79454e-07
9.06138e-07
1.20263e-06
1.39033e-06
1.42119e-06
1.3631e-06
1.17156e-06
1.07189e-06
1.03879e-06
1.0939e-06
1.07125e-06
8.88756e-07
4.90355e-07
3.42912e-07
1.43308e-07
6.75421e-08
-1.02858e-07
-4.34768e-07
-5.5686e-07
-7.16633e-07
-8.07498e-07
-9.81904e-07
-1.22184e-06
-1.43576e-06
-1.71747e-06
-1.81606e-06
-1.98446e-06
-2.59275e-06
-3.06407e-06
-3.66444e-06
-3.72703e-06
-3.652e-06
-3.61482e-06
-3.74739e-06
-3.95502e-06
-3.98356e-06
-3.93905e-06
-3.50779e-06
-3.18861e-06
-2.98024e-06
-2.8774e-06
-2.46427e-06
-2.23434e-06
-1.83736e-06
-1.29994e-06
-1.05485e-06
-7.62041e-07
-2.84359e-07
1.04158e-07
5.4786e-07
1.04153e-06
1.48482e-06
1.66408e-06
2.16267e-06
2.62968e-06
2.95014e-06
3.24512e-06
3.25278e-06
3.13792e-06
2.99686e-06
2.9039e-06
2.81e-06
2.6219e-06
2.32643e-06
1.73465e-06
8.05361e-07
4.32352e-07
4.13877e-07
5.1545e-07
4.61652e-07
-1.51677e-07
-8.21981e-07
-1.19619e-06
-1.44841e-06
-1.43757e-06
-1.76232e-06
-2.44574e-06
-2.77932e-06
-3.32309e-06
-3.55023e-06
-3.54694e-06
-3.76015e-06
-3.92379e-06
-4.05399e-06
-3.91474e-06
-3.11888e-06
-2.59735e-06
-2.43798e-06
-2.41962e-06
-2.37784e-06
-2.01807e-06
-1.0095e-06
1.40361e-07
7.91436e-07
8.89038e-07
1.15721e-06
1.8068e-06
2.46106e-06
2.72467e-06
2.9719e-06
3.09435e-06
2.95873e-06
2.91753e-06
2.84454e-06
2.61014e-06
2.43525e-06
1.94815e-06
9.93529e-07
6.83599e-07
1.42927e-08
-3.62835e-07
-6.4851e-07
-1.24846e-06
-1.93385e-06
-2.71205e-06
-3.09759e-06
-3.60427e-06
-4.01863e-06
-5.00619e-06
-5.29961e-06
-5.30662e-06
-4.33471e-06
-4.03708e-06
-3.81327e-06
-4.08598e-06
-4.13504e-06
-2.5133e-06
-8.61785e-07
1.00107e-07
1.62551e-06
1.91311e-06
2.86844e-06
3.86871e-06
5.19025e-06
6.03835e-06
6.11737e-06
6.10573e-06
5.97369e-06
6.22668e-06
6.24064e-06
5.91351e-06
4.95982e-06
4.25115e-06
4.03332e-06
3.74367e-06
3.22045e-06
2.37605e-06
1.13476e-06
6.16644e-07
-2.06629e-07
-7.25905e-07
1.03794e-06
7.42466e-06
1.55197e-05
1.80086e-05
1.87071e-05
1.82915e-05
1.67698e-05
1.55141e-05
1.60668e-05
1.67053e-05
1.69029e-05
1.40998e-05
1.0131e-05
9.0969e-06
9.9628e-06
1.23858e-05
1.4135e-05
1.50067e-05
1.64331e-05
1.84729e-05
2.0902e-05
2.17997e-05
2.37654e-05
2.60714e-05
2.72079e-05
2.6598e-05
2.55943e-05
2.38806e-05
2.35168e-05
2.26316e-05
2.17398e-05
2.01005e-05
1.61821e-05
1.52957e-05
1.35108e-05
1.11643e-05
8.79898e-06
5.66412e-06
2.64876e-06
9.88787e-07
1.3927e-07
-1.70416e-06
-4.12233e-06
-5.04757e-06
-6.36463e-06
-8.36405e-06
-9.76721e-06
-1.03838e-05
-1.10777e-05
-1.14089e-05
-1.23102e-05
-1.35578e-05
-1.40992e-05
-1.44419e-05
-1.45544e-05
-1.46778e-05
-1.45501e-05
-1.44158e-05
-1.39393e-05
-1.33199e-05
-1.28303e-05
-1.20799e-05
-1.13083e-05
-1.06235e-05
-1.00798e-05
-9.1706e-06
-8.04136e-06
-7.16752e-06
-6.56092e-06
-5.887e-06
-5.13105e-06
-4.37964e-06
-4.12256e-06
-3.65655e-06
-3.10688e-06
-2.75665e-06
-2.22101e-06
-1.78127e-06
-1.55681e-06
-1.4764e-06
-1.25301e-06
-7.59607e-07
-4.25207e-07
-1.40417e-07
-2.19691e-07
-6.16834e-07
-7.49514e-07
-6.1369e-07
-4.23833e-07
-3.72912e-07
-4.39775e-07
-7.39804e-07
-9.1949e-07
-9.67646e-07
-9.77563e-07
-9.82675e-07
-1.00109e-06
-1.10879e-06
-1.31866e-06
-1.4649e-06
-1.54252e-06
-1.72206e-06
-1.81505e-06
-2.11442e-06
-2.36288e-06
-2.44008e-06
-2.46848e-06
-2.45232e-06
-2.50465e-06
-2.58706e-06
-2.63038e-06
-2.65479e-06
-2.62777e-06
-2.52804e-06
-2.46865e-06
-2.45066e-06
-2.42254e-06
-2.37133e-06
-2.32965e-06
-2.30073e-06
-2.27805e-06
-2.2209e-06
-2.13043e-06
-2.01181e-06
-1.96752e-06
-1.88375e-06
-1.84459e-06
-1.82828e-06
-1.81036e-06
-1.7906e-06
-1.74226e-06
-1.70827e-06
-1.64289e-06
-1.59509e-06
-1.63253e-06
-1.67295e-06
-1.60484e-06
-1.47553e-06
-1.38269e-06
-1.37066e-06
-1.43537e-06
-1.52833e-06
-1.47293e-06
-1.34881e-06
-1.27935e-06
-1.39716e-06
-1.48607e-06
-1.50646e-06
-1.4034e-06
-1.2497e-06
-1.23855e-06
-1.30562e-06
-1.48769e-06
-1.47859e-06
-1.41662e-06
-1.31337e-06
-1.27252e-06
-1.34255e-06
-1.44803e-06
-1.54759e-06
-1.56183e-06
-1.56037e-06
-1.56876e-06
-1.60839e-06
-1.67431e-06
-1.70439e-06
-1.70139e-06
-1.68498e-06
-1.74052e-06
-1.77245e-06
-1.801e-06
-1.79876e-06
-1.76157e-06
-1.69164e-06
-1.61604e-06
-1.59261e-06
-1.5345e-06
-1.45745e-06
-1.41338e-06
-1.39601e-06
-1.33358e-06
-1.31096e-06
-1.26061e-06
-1.19825e-06
-1.16939e-06
-1.25348e-06
-1.28254e-06
-1.25504e-06
-1.20446e-06
-1.10094e-06
-1.09443e-06
-1.15347e-06
-1.13086e-06
-1.09515e-06
-9.99574e-07
-6.72962e-07
-4.99554e-07
-4.90306e-07
-6.87567e-07
-9.16177e-07
-8.62983e-07
-7.86471e-07
-8.55866e-07
