-3.0019
-3.0019
-3.00187
-3.0013
-2.99967
-2.99561
-2.98763
-2.97905
-2.96742
-2.95348
-2.94314
-2.94314
-2.92953
-2.92306
-2.91567
-2.91567
-2.91174
-2.90776
-2.90463
-2.89752
-2.89752
-2.88698
-2.88698
-2.8784
-2.87217
-2.86814
-2.86295
-2.86295
-2.8592
-2.85687
-2.85354
-2.84989
-2.84415
-2.84057
-2.83653
-2.83233
-2.82907
-2.82594
-2.82382
-2.82158
-2.81908
-2.81731
-2.81508
-2.81193
-2.80851
-2.80457
-2.80457
-2.79922
-2.79543
-2.79234
-2.78977
-2.78702
-2.7848
-2.78219
-2.78008
-2.7776
-2.7776
-2.77348
-2.77035
-2.76762
-2.76442
-2.76217
-2.75803
-2.75526
-2.75526
-2.75021
-2.74598
-2.74405
-2.74215
-2.74215
-2.73849
-2.73671
-2.73317
-2.73137
-2.729
-2.72655
-2.72402
-2.72145
-2.71856
-2.71598
-2.71598
-2.71263
-2.70888
-2.70627
-2.70366
-2.70102
-2.70102
-2.69777
-2.69474
-2.69007
-2.68738
-2.68738
-2.68449
-2.68243
-2.68015
-2.67664
-2.67411
-2.67411
-2.66964
-2.6672
-2.66528
-2.66259
-2.66049
-2.65845
-2.6562
-2.65395
-2.65141
-2.64933
-2.64694
-2.64422
-2.64202
-2.63984
-2.6374
-2.63526
-2.6334
-2.63104
-2.62868
-2.62631
-2.62416
-2.62171
-2.61923
-2.61617
-2.61395
-2.61175
-2.60929
-2.60633
-2.60394
-2.60129
-2.59865
-2.59549
-2.5926
-2.59025
-2.58715
-2.58484
-2.58255
-2.58054
-2.57829
-2.57581
-2.57382
-2.57157
-2.5698
-2.56749
-2.56749
-2.56383
-2.5617
-2.55957
-2.55768
-2.55525
-2.55308
-2.55063
-2.55063
-2.54626
-2.54376
-2.53982
-2.53756
-2.53506
-2.53287
-2.53019
-2.52756
-2.52495
-2.52258
-2.51992
-2.51777
-2.51536
-2.51298
-2.51065
-2.50836
-2.50658
-2.50375
-2.5006
-2.49819
-2.4963
-2.49389
-2.49152
-2.48922
-2.48922
-2.48575
-2.48355
-2.48109
-2.47833
-2.47576
-2.4734
-2.47156
-2.46973
-2.46716
-2.46391
-2.46217
-2.46217
-2.45967
-2.45737
-2.45447
-2.45147
-2.4487
-2.44676
-2.44537
-2.44318
-2.44075
-2.43836
-2.43523
-2.43288
-2.43052
-2.4284
-2.42627
-2.42416
-2.42232
-2.42025
-2.41795
-2.41565
-2.41281
-2.41042
-2.40797
-2.40521
-2.40247
-2.39849
-2.39849
-2.39521
-2.39324
-2.39031
-2.38784
-2.38582
-2.38377
-2.38119
-2.37862
-2.37609
-2.37359
-2.37187
-2.36943
-2.36749
-2.36483
-2.36239
-2.36017
-2.35791
-2.35536
-2.3533
-2.35072
-2.3484
-2.34662
-2.34461
-2.34287
-2.34041
-2.33843
-2.33618
-2.33516
-2.3323
-2.32991
-2.32747
-2.32474
-2.32229
-2.31933
-2.31695
-2.31409
-2.31131
-2.30932
-2.30685
-2.30465
-2.3027
-2.30002
-2.29833
-2.29688
-2.2947
-2.2925
-2.29052
-2.28877
-2.28673
-2.28673
-2.28387
-2.28175
-2.28015
-2.27774
-2.27533
-2.27321
-2.2695
-2.2695
-2.26658
-2.26472
-2.2623
-2.2588
-2.25691
-2.255
-2.25309
-2.25089
-2.24813
-2.24592
-2.24399
-2.2418
-2.23989
-2.23772
-2.23772
-2.23446
-2.23227
-2.23005
-2.22723
-2.22466
-2.22179
-2.21923
-2.21672
-2.21454
-2.21216
-2.21009
-2.2083
-2.20652
-2.20396
-2.20163
-2.19845
-2.1952
-2.19277
-2.19038
-2.1883
-2.18576
-2.18576
-2.18231
-2.18083
-2.17911
-2.17588
-2.17588
-2.17361
-2.17156
-2.1695
-2.16767
-2.16583
-2.16342
-2.15988
-2.15713
-2.15713
-2.15465
-2.15273
-2.15001
-2.14786
-2.14492
-2.14492
-2.14199
-2.14039
-2.13798
-2.13582
-2.13338
-2.13119
-2.12871
-2.12677
-2.12455
-2.12096
-2.12096
-2.11796
-2.1158
-2.11393
-2.11153
-2.1086
-2.10674
-2.1046
-2.10168
-2.09929
-2.09719
-2.09459
-2.09254
-2.09051
-2.08875
-2.08725
-2.08504
-2.08134
-2.07935
-2.07758
-2.0763
-2.0745
-2.07296
-2.07042
-2.0684
-2.06616
-2.06392
-2.06141
-2.05939
-2.05761
-2.05557
-2.05557
-2.05253
-2.05078
-2.04879
-2.04681
-2.04433
-2.04108
-2.04108
-2.03831
-2.03629
-2.03453
-2.03154
-2.03154
-2.02857
-2.0266
-2.02414
-2.02218
-2.01996
-2.01996
-2.01672
-2.01445
-2.01219
-2.00871
-2.00749
-2.00483
-2.00293
-2.00056
-1.99866
-1.99677
-1.99511
-1.99276
-1.99067
-1.9886
-1.98655
-1.98453
-1.98253
-1.98032
-1.97856
-1.97637
-1.97506
-1.97332
-1.97138
-1.96988
-1.96839
-1.96668
-1.96518
-1.96518
-1.96346
-1.96216
-1.96085
-1.95932
-1.95777
-1.95621
-1.95462
-1.95462
-1.95087
-1.94868
-1.94671
-1.94398
-1.94179
-1.93831
-1.93657
-1.93657
-1.93429
-1.93231
-1.92996
-1.92819
-1.9264
-1.92478
-1.92275
-1.92132
-1.9199
-1.9199
-1.91711
-1.91496
-1.91363
-1.91231
-1.91066
-1.90975
-1.90814
-1.9067
-1.90526
-1.90308
-1.90163
-1.90091
-1.89965
-1.89805
-1.89577
-1.89422
-1.89268
-1.89082
-1.89082
-1.8885
-1.88736
-1.88641
-1.88548
-1.88397
-1.88309
-1.88193
-1.88034
-1.87903
-1.8777
-1.87651
-1.87518
-1.87518
-1.87303
-1.87181
-1.87029
-1.86934
-1.86934
-1.86809
-1.86699
-1.86601
-1.86491
-1.86402
-1.86325
-1.86196
-1.86123
-1.86035
-1.85961
-1.85899
-1.85832
-1.85832
-1.85734
-1.85671
-1.85609
-1.8557
-1.85517
-1.85429
-1.85382
-1.85341
-1.8531
-1.85286
-1.85287
-1.85313
-1.85313
-1.85388
-1.8545
-1.8553
-1.85636
-1.85705
-1.85787
-1.85787
-1.85906
-1.8599
-1.86095
-1.86199
-1.86369
-1.8657
-1.8657
-1.86855
-1.87068
-1.87383
-1.87622
-1.87959
-1.88271
-1.88523
-1.88523
-1.89001
-1.89257
-1.89609
-1.89862
-1.90166
-1.90396
-1.90586
-1.90763
-1.90905
-1.91188
-1.91188
-1.91507
-1.91664
-1.91842
-1.92044
-1.92204
-1.92342
-1.92512
-1.92675
-1.92829
-1.93013
-1.93113
-1.93232
-1.93371
-1.93511
-1.93616
-1.93737
-1.93855
-1.94003
-1.94162
-1.94331
-1.94436
-1.94582
-1.94666
-1.94787
-1.94902
-1.95038
-1.95038
-1.95211
-1.95337
-1.95535
-1.95535
-1.95729
-1.95857
-1.95998
-1.96107
-1.96271
-1.96371
-1.9645
-1.96518
-1.96584
-1.96639
-1.96683
-1.96746
-1.96794
-1.96843
-1.96843
-1.96897
-1.96938
-1.96973
-1.97013
-1.97056
-1.97071
-1.97071
-1.97079
-1.97084
-1.97084
-1.97122
-1.97165
-1.97224
-1.97311
-1.97427
-1.9749
-1.97541
-1.97583
-1.97616
-1.97647
-1.97685
-1.97747
-1.97815
-1.97899
-1.97983
-1.98047
-1.9813
-1.98212
-1.98251
-1.98315
-1.98346
-1.98401
-1.98441
-1.98441
-1.98489
-1.98548
-1.98668
-1.98764
-1.98844
-1.98919
-1.98978
-1.98978
-1.99011
-1.99019
-1.99016
-1.99013
-1.99013
-1.99021
-1.99048
-1.99076
-1.99112
-1.99112
-1.99156
-1.99169
-1.99175
-1.99174
-1.99173
-1.99188
-1.99188
-1.99223
-1.99262
-1.99294
-1.99313
-1.99317
-1.99304
-1.99273
-1.99248
-1.99219
-1.99196
-1.99167
-1.99158
-1.99137
-1.99119
-1.99096
-1.99056
-1.99056
-1.99012
-1.98986
-1.98968
-1.98948
-1.98948
-1.98903
-1.98874
-1.98852
-1.98816
-1.9879
-1.98773
-1.9876
-1.98743
-1.98724
-1.98685
-1.98644
-1.98644
-1.98579
-1.98511
-1.98447
-1.98374
-1.98328
-1.98281
-1.98232
-1.98198
-1.98141
-1.98084
-1.98024
-1.97948
-1.97875
-1.97784
-1.97784
-1.97679
-1.97614
-1.97569
-1.97541
-1.97512
-1.97494
-1.9747
-1.97464
-1.97458
-1.97454
-1.97454
-1.97448
-1.97439
-1.97427
-1.97414
-1.97401
-1.97391
-1.97384
-1.97378
-1.97376
-1.97376
-1.97375
-1.97372
-1.97367
-1.97359
-1.97355
-1.97355
-1.97354
-1.9736
-1.97375
-1.97393
-1.97415
-1.97434
-1.9745
-1.97465
-1.97477
-1.9749
-1.975
-1.97518
-1.97518
-1.97546
-1.97581
-1.97614
-1.97662
-1.977
-1.97747
-1.97797
-1.97833
-1.97868
-1.97868
-1.97895
-1.97908
-1.97912
-1.9791
-1.97903
-1.97903
-1.97889
-1.9787
-1.97843
-1.97806
-1.97756
