0
0
0
0
0
0
0
0
0
0
0
0
0
4.46745
4.46855
4.4692
4.47107
4.47477
4.481
4.4879
4.4879
4.50552
4.50552
4.52119
4.52977
4.53683
4.5439
4.55189
4.55189
4.56217
4.56598
4.56862
4.57034
4.57058
4.57036
4.5698
4.56715
4.56552
4.56236
4.55865
4.55475
4.54979
4.5453
4.54065
4.53505
4.53064
4.52612
4.5215
4.51653
4.5114
4.50621
4.50197
4.49791
4.49259
4.48849
4.48423
4.48044
4.47713
4.4728
4.46919
4.46562
4.46165
4.45811
4.45466
4.45158
4.44873
4.44619
4.4429
4.44075
4.43827
4.4357
4.43412
4.43218
4.43044
4.42867
4.4275
4.42653
4.42573
4.42553
4.42474
4.42454
4.42475
4.42454
4.42515
4.42516
4.42595
4.42675
4.42694
4.42755
4.42835
4.42854
4.42893
4.42992
4.4297
4.42989
4.43061
4.43103
4.4317
4.43252
4.43356
4.43416
4.4354
4.43664
4.43762
4.438
4.43915
4.43929
4.44056
4.44211
4.44353
4.44416
4.4444
4.44688
4.44848
4.45026
4.45142
4.45278
4.45377
4.45576
4.45774
4.45795
4.45875
4.46071
4.46168
4.46404
4.46523
4.466
4.46781
4.46858
4.47033
4.47149
4.47167
4.47388
4.47488
4.47665
4.47842
4.4792
4.48136
4.48354
4.48492
4.48786
4.48804
4.48939
4.49076
4.49257
4.49459
4.49677
4.49714
4.4993
4.50146
4.50333
4.50505
4.50569
4.50808
4.5107
4.5127
4.51386
4.51562
4.5168
4.51871
4.52061
4.52218
4.52494
4.52615
4.52793
4.53067
4.53304
4.53478
4.5375
4.53862
4.54019
4.54208
4.54348
4.54546
4.54745
4.54903
4.55096
4.55253
4.55349
4.55525
4.55735
4.55835
4.56126
4.56204
4.56512
4.56742
4.56957
4.57055
4.5721
4.57365
4.57828
4.57838
4.58227
4.58379
4.58578
4.58885
4.59078
4.59359
4.596
4.59697
4.6003
4.60294
4.60552
4.60784
4.60861
4.60925
4.61359
4.61703
4.61812
4.61998
4.62209
4.62343
4.62502
4.62853
4.62972
4.6327
4.63495
4.63858
4.64133
4.64326
4.64467
4.64733
4.65004
4.65219
4.65454
4.65454
4.65762
4.65933
4.66054
4.66528
4.66563
4.6687
4.67001
4.67215
4.67539
4.67656
4.67907
4.68137
4.68264
4.68582
4.68713
4.68972
4.69202
4.69345
4.69494
4.69736
4.69736
4.70146
4.70284
4.70535
4.70705
4.70905
4.71044
4.71044
4.71044
4.71533
4.71768
4.71972
4.7204
4.7204
4.72482
4.7261
4.72725
4.73009
4.73128
4.73285
4.73429
4.73547
4.73807
4.73807
4.7416
4.7416
4.7416
4.74502
4.74543
4.74652
4.74851
4.74992
4.75071
4.75071
4.75071
4.75452
4.75452
4.75573
4.75653
4.75738
4.75738
4.76027
4.7611
4.76219
4.76239
4.76338
4.76426
4.76498
4.76528
4.76528
4.76666
4.76721
4.76791
4.76791
4.76904
4.76909
4.76985
4.76985
4.77039
4.77039
4.77101
4.77179
4.77154
4.7719
4.77214
4.77257
4.77286
4.77299
4.77315
4.77337
4.77367
4.77367
4.77367
4.77346
4.77385
4.77385
4.77424
4.77424
4.77424
4.77429
4.77429
4.77429
4.77431
4.77421
4.77401
4.77432
4.77422
4.77422
4.77422
4.77422
4.77398
4.77408
4.77408
4.77424
4.774
4.7738
4.77368
4.77347
4.77359
4.77352
4.77352
4.77332
4.77332
4.77337
4.77337
4.7732
4.7735
4.77311
4.77311
4.77311
4.77311
4.77311
4.77311
4.77311
4.77311
4.77311
4.77311
4.77242
4.77168
4.7716
4.7716
4.7716
4.7716
4.7716
4.7716
4.7716
4.7716
4.7716
4.7716
4.77121
4.77121
4.77089
4.77089
4.77089
4.77089
4.77026
4.77076
4.77004
4.77004
4.77004
4.76983
4.76978
4.76961
4.76961
4.76961
4.76961
4.76961
4.76957
4.76911
4.76911
4.76882
4.76882
4.76882
4.76839
4.76839
4.76814
4.7681
4.7681
4.76796
4.76796
4.76796
