0
3.08419e-05
0.00012336
0.000277531
0.000493318
0.000770666
0.00110951
0.00150976
0.00197132
0.00249408
0.00307791
0.00372267
0.00442819
0.0051943
0.00602081
0.00690752
0.00785421
0.00886065
0.00992658
0.0110517
0.0122359
0.0134787
0.0147798
0.016139
0.0175559
0.0190301
0.0205613
0.0221492
0.0237932
0.0254931
0.0272484
0.0290586
0.0309233
0.0328421
0.0348145
0.0368399
0.038918
0.0410481
0.0432298
0.0454625
0.0477457
0.0500788
0.0524612
0.0548924
0.0573716
0.0598985
0.0624722
0.0650922
0.0677578
0.0704684
0.0732232
0.0760217
0.0788632
0.0817468
0.084672
0.0876379
0.0906439
0.0936893
0.0967732
0.0998949
0.103054
0.106249
0.109479
0.112744
0.116043
0.119375
0.12274
0.126135
0.129561
0.133017
0.136502
0.140015
0.143555
0.147121
0.150713
0.154329
0.157969
0.161631
0.165315
0.16902
0.172746
0.17649
0.180252
0.184032
0.187827
0.191638
0.195464
0.199303
0.203154
0.207018
0.210891
0.214774
0.218666
0.222566
0.226473
0.230385
