0
0
0
0
0
0
0
0
0.745718
0.745718
0.745718
0.701294
0.701294
0.701294
0.701294
0.701294
0.701294
0.701294
0.701294
0.546681
0.546681
0.505815
0.505815
0.505815
0.455842
0.439527
0.424152
0.424152
0.424152
0.424152
0.365543
0.365543
0.333829
0.333829
0.307343
0.307343
0.284699
0.284699
0.284699
0.284699
0.23543
0.23543
0.23543
0.207477
0.207477
0.207477
0.174374
0.174374
0.154981
0.154981
0.142787
0.142787
0.131418
0.131418
0.131418
0.131418
0.131418
0.131418
0.131418
0.0949344
0.0949344
0.0949344
0.0949344
0.0779573
0.0779573
0.0727416
0.0708973
0.0708973
0.0708973
0.0708973
0.0708973
0.0708973
0.0580932
0.0569861
0.0550255
0.0540383
0.0540383
0.0518449
0.0504996
0.0504996
0.0485203
0.0485203
0.0485203
0.0485203
0.0442083
0.0442083
0.0442083
0.04069
0.04069
0.04069
0.0383634
0.0383634
0.0370874
0.0370874
0.0370874
0.0370874
0.0370874
0.0370874
0.0370874
0.0370874
0.0370874
0.0316835
0.0316835
0.0314471
0.0314471
0.0314471
0.0314471
0.029889
0.0297326
0.0297326
0.0290939
0.0293988
0.0293988
0.0292564
0.0284775
0.0284775
0.0295688
0.0295688
0.0295688
0.0290573
0.0290573
0.0290573
0.0281391
0.0281391
0.0281391
0.0281391
0.0281411
0.0286194
0.0286194
0.0286194
0.0286102
0.0286102
0.0281565
0.0283815
0.0283815
0.027707
0.0281572
0.0281572
0.0281572
0.0281572
0.0281572
0.0269675
0.0272098
0.0272098
0.0265118
0.0272268
0.0271909
0.0271909
0.0271909
0.0267253
0.026734
0.026734
0.02626
0.0260216
0.0260216
0.0260703
0.0260703
0.0260703
0.0253396
0.0253396
0.0253396
0.0253396
0.0249005
0.0249005
0.0249005
0.0242022
0.0242022
0.0237215
0.0246904
0.0246904
0.0240582
0.0240582
0.0240582
0.0232425
0.0227601
0.0227601
0.0227601
0.0227601
0.0218327
0.0220607
0.0216162
0.0216162
0.0216162
0.0218875
0.0214096
0.0214096
0.0214096
0.0214096
0.0214096
0.0214096
0.0214096
0.0214096
0.0214096
0.0214096
0.0214096
0.0214096
0.0181488
0.0181488
0.0170518
0.0170518
0.0169934
0.0167462
0.0160355
0.0160355
0.0160355
0.0149625
0.0144303
0.0148669
0.0148669
0.0142235
0.0137083
0.0137083
0.0134672
0.0134672
0.0121348
0.0122261
0.0122261
0.0117289
0.0117289
0.0117289
0.0117289
0.0117289
0.00863443
0.00863443
0.00814944
0.00770738
0.00770738
0.00742223
0.00698562
0.00698562
0.00655206
0.00698524
0.00698524
0.00595565
0.00628532
0.00522428
0.00570202
0.00570202
0.00606158
0.00606158
0.00523033
0.00523033
0.00523033
0.00523033
0.0058889
0.00600391
0.00635502
0.00635502
0.00666582
0.00666582
0.0074411
0.0074411
0.0074411
0.0074411
0.00782375
0.00782375
0.00713996
0.00713996
0.00713996
0.00783368
0.00783368
0.0108337
0.0108337
0.0108337
0.0108337
0.0158624
0.0158624
0.0189084
0.0189084
0.0220983
0.0220983
0.0245439
0.0245439
0.0245439
0.0274536
0.0274536
0.0305189
0.0305189
0.0305189
0.0305189
0.0305189
0.0349362
0.036236
0.036236
0.039026
0.039367
0.0411674
0.0426037
0.0430273
0.0430273
0.0430273
0.0430273
0.0430273
0.0430273
0.0494063
0.0494063
0.0494063
0.0494063
0.0494063
0.0494063
0.0494063
0.055549
0.055549
0.0546584
0.0546584
0.0538253
0.0538253
0.0516678
0.0510733
0.0502073
0.0502073
0.0502073
0.0488771
0.0478192
0.0478192
0.0471639
0.0471639
0.0471639
0.0471639
0.0471639
0.0461228
0.0458862
0.0455605
0.0455605
0.0450003
0.0450003
0.0445775
0.0445775
0.04403
0.04403
0.0426199
0.0426199
0.0426199
0.0425219
0.0421302
0.0424417
0.0414711
0.0414711
0.0413247
0.0413247
0.0413247
0.0418085
0.0418369
0.0418369
0.0421359
0.0421754
0.0421754
0.0414408
0.041923
0.0419047
0.0419047
0.0419047
0.0419047
0.04233
0.04233
0.043473
0.043473
0.043473
0.043473
0.043473
0.043473
0.050628
0.050628
0.0535885
0.0535885
0.0535885
0.0535885
0.0599323
0.0599323
0.0599323
0.0599323
0.0599323
0.0599323
0.0599323
0.0599323
0.0703387
0.0723967
0.073349
0.073349
0.0754631
0.0769097
0.0775198
0.0791369
0.0791369
0.0803862
0.0813418
0.0813418
0.0837065
0.0837065
0.0837065
0.0837065
0.0889608
0.0889608
0.0889608
0.0889608
0.0889608
0.0889608
0.0885726
0.0885726
0.0885726
0.0872489
0.0872489
0.0872489
0.0864405
0.0855572
0.0855572
0.084718
0.0840852
0.0838552
0.0840928
0.083234
0.0831992
0.0831992
0.0831992
0.0833542
0.0833542
0.0833542
0.0833542
0.0833542
0.0839963
0.0829805
0.0829805
0.0829805
0.0829805
0.0863341
0.0863341
0.0863341
0.0863341
0.0907507
0.0917037
0.092676
0.092676
0.093884
0.093884
0.093884
0.096623
0.096623
0.096623
0.096623
0.0998027
0.099758
0.100244
0.100244
0.100911
0.100911
0.101357
0.101357
0.101357
0.10187
0.10187
0.10187
0.102674
0.102908
0.101767
0.101767
0.101767
0.102767
0.102767
0.102767
0.102767
0.102767
0.104565
0.104565
0.104565
0.104565
0.104565
0.104565
0.104565
0.104565
0.104565
0.104565
0.104565
0.104565
0.104565
0.104565
0.104565
0.104565
0.104565
0.104565
0.104565
0.104565
0.104565
0.104565
0.104565
0.104565
0.104565
0.104565
0.104565
0.104565
0.104565
0.104565
0.104565
0.104565
0.104565
0.104565
0.104565
0.104565
0.104565
0.104565
0.104565
0.104565
0.104565
0.104565
0.104565
0.104565
0.104565
0.104565
0.104565
0.104565
0.104565
0.104565
0.104565
0.104565
0.104565
0.104565
0.104565
0.104565
0.104565
0.104565
0.104565
0.104565
0.104565
0.104565
0.104565
0.104565
0.104565
0.104565
0.104565
0.104565
0.104565
0.104565
0.104565
0.104565
0.104565
0.104565
0.104565
0.104565
0.104565
0.104565
0.104565
0.104565
0.104565
0.104565
0.104565
0.104565
0.104565
0.104565
0.104565
0.104565
0.104565
0.104565
0.104565
0.104565
0.104565
0.104565
0.104565
0.104565
0.104565
0.104565
0.104565
0.104565
0.104565
0.104565
0.104565
0.104565
0.104565
0.104565
0.104565
0.104565
0.104565
0.104565
0.104565
0.104565
0.104565
0.104565
0.104565
0.104565
0.104565
0.104565
0.104565
0.104565
0.104565
0.104565
0.104565
0.104565
0.104565
0.104565
0.104565
0.104565
0.104565
0.104565
0.104565
0.104565
0.104565
0.104565
0.104565
0.104565
0.104565
0.104565
0.104565
0.104565
0.104565
0.104565
0.104565
0.104565
0.104565
0.104565
0.104565
0.104565
0.104565
0.104565
0.104565
0.104565
0.104565
0.104565
0.104565
0.104565
0.104565
0.104565
0.104565
0.104565
0.104565
0.104565
0.104565
0.104565
0.104565
0.104565
0.104565
0.104565
0.104565
0.104565
0.104565
0.104565
0.104565
0.104565
0.104565
0.104565
0.104565
0.104565
0.104565
0.104565
0.104565
0.104565
0.104565
0.104565
0.104565
0.104565
0.104565
0.104565
0.104565
0.104565
0.104565
0.104565
0.104565
0.104565
0.104565
0.104565
0.104565
0.104565
0.104565
0.104565
0.104565
0.104565
0.104565
0.104565
0.104565
0.104565
0.104565
0.104565
0.104565
0.104565
0.104565
0.104565
0.104565
0.104565
0.104565
0.104565
0.104565
0.104565
0.104565
0.104565
0.104565
0.104565
0.104565
0.104565
0.104565
0.104565
0.104565
0.104565
0.104565
0.104565
0.104565
0.104565
0.104565
0.104565
0.104565
0.104565
0.104565
0.104565
0.104565
0.104565
0.104565
0.104565
0.104565
0.104565
0.104565
0.104565
0.104565
0.104565
0.104565
0.104565
0.104565
0.104565
0.104565
0.104565
0.104565
0.104565
0.104565
0.104565
0.104565
0.104565
0.104565
0.104565
0.104565
0.104565
0.104565
0.104565
0.104565
0.104565
0.104565
0.104565
0.104565
0.104565
0.104565
0.104565
0.104565
0.104565
0.104565
0.104565
0.104565
0.104565
0.104565
0.104565
0.104565
0.104565
0.104565
0.104565
0.104565
0.104565
0.104565
0.104565
0.104565
0.104565
0.104565
0.104565
0.104565
0.104565
0.104565
0.104565
0.104565
0.104565
0.104565
0.104565
0.104565
0.104565
0.104565
0.104565
0.104565
0.104565
0.104565
0.104565
0.104565
0.104565
0.104565
0.104565
0.104565
0.104565
0.104565
0.104565
0.104565
0.104565
0.104565
0.104565
0.104565
0.104565
0.104565
0.104565
0.104565
0.104565
0.104565
0.104565
0.104565
0.104565
0.104565
0.104565
0.104565
0.104565
0.104565
0.104565
0.104565
0.104565
0.104565
0.104565
0.104565
0.104565
0.104565
0.104565
0.104565
0.104565
0.104565
0.104565
0.104565
0.104565
0.104565
0.104565
0.104565
0.104565
0.104565
0.104565
0.104565
0.104565
0.104565
0.104565
0.104565
0.104565
0.104565
0.104565
0.104565
0.104565
0.104565
0.104565
0.104565
0.104565
0.104565
0.104565
0.104565
0.104565
0.104565
0.104565
0.104565
0.104565
0.104565
0.104565
0.104565
0.104565
0.104565
0.104565
0.104565
0.104565
0.104565
0.104565
0.104565
0.104565
0.104565
0.104565
0.104565
0.104565
0.104565
0.104565
0.104565
0.104565
0.104565
0.104565
0.104565
0.104565
0.104565
0.104565
0.104565
0.104565
0.104565
0.104565
0.104565
0.104565
0.104565
0.104565
0.104565
0.104565
0.104565
0.104565
0.104565
0.104565
0.104565
0.104565
0.104565
0.104565
0.104565
0.104565
0.104565
0.104565
0.104565
0.104565
0.104565
0.104565
0.104565
0.104565
0.104565
0.104565
0.104565
0.104565
0.104565
0.104565
0.104565
0.104565
0.104565
0.104565
0.104565
0.104565
0.104565
0.104565
0.104565
0.104565
0.104565
0.104565
0.104565
0.104565
0.104565
0.104565
0.104565
0.104565
0.104565
0.104565
0.104565
0.104565
0.104565
0.104565
0.104565
0.104565
0.104565
0.104565
0.104565
0.104565
0.104565
0.104565
0.104565
0.104565
0.104565
0.104565
0.104565
0.104565
0.104565
0.104565
0.104565
0.104565
0.104565
0.104565
0.104565
0.104565
0.104565
0.104565
0.104565
0.104565
0.104565
0.104565
0.104565
0.104565
0.104565
0.104565
0.104565
0.104565
0.104565
0.104565
0.104565
0.104565
0.104565
0.104565
0.104565
0.104565
0.104565
0.104565
0.104565
0.104565
0.104565
0.104565
0.104565
0.104565
0.104565
0.104565
0.104565
0.104565
0.104565
0.104565
0.104565
0.104565
0.104565
0.104565
0.104565
0.104565
0.104565
0.104565
0.104565
0.104565
0.104565
0.104565
0.104565
0.104565
0.104565
0.104565
0.104565
0.104565
0.104565
0.104565
0.104565
0.104565
0.104565
0.104565
0.104565
0.104565
0.104565
0.104565
0.104565
0.104565
0.104565
0.104565
0.104565
0.104565
0.104565
0.104565
0.104565
0.104565
0.104565
0.104565
0.104565
0.104565
0.104565
0.104565
0.104565
0.104565
0.104565
0.104565
0.104565
0.104565
0.104565
0.104565
0.104565
0.104565
0.104565
0.104565
0.104565
0.104565
0.104565
0.104565
0.104565
0.104565
0.104565
0.104565
0.104565
0.104565
0.104565
0.104565
0.104565
0.104565
0.104565
0.104565
0.104565
0.104565
0.104565
0.104565
0.104565
0.104565
0.104565
0.104565
0.104565
0.104565
0.104565
0.104565
0.104565
0.104565
0.104565
0.104565
0.104565
0.104565
0.104565
0.104565
0.104565
0.104565
0.104565
0.104565
0.104565
0.104565
0.104565
0.104565
0.104565
0.104565
0.104565
0.104565
0.104565
0.104565
0.104565
0.104565
0.104565
0.104565
0.104565
0.104565
0.104565
0.104565
0.104565
0.104565
0.104565
0.104565
0.104565
0.104565
0.104565
0.104565
0.104565
0.104565
0.104565
0.104565
0.104565
0.104565
0.104565
0.104565
0.104565
0.104565
0.104565
0.104565
0.104565
0.104565
0.104565
0.104565
0.104565
0.104565
0.104565
0.104565
0.104565
0.104565
0.104565
0.104565
0.104565
0.104565
0.104565
0.104565
0.104565
0.104565
0.104565
0.104565
0.104565
0.104565
0.104565
0.104565
0.104565
0.104565
0.104565
0.104565
0.104565
0.104565
0.104565
0.104565
0.104565
0.104565
0.104565
0.104565
0.104565
0.104565
0.104565
0.104565
0.104565
0.104565
0.104565
0.104565
0.104565
0.104565
0.104565
0.104565
0.104565
0.104565
0.104565
0.104565
0.104565
0.104565
0.104565
0.104565
0.104565
0.104565
0.104565
0.104565
0.104565
0.104565
0.104565
0.104565
0.104565
0.104565
0.104565
0.104565
0.104565
0.104565
0.104565
0.104565
0.104565
0.104565
0.104565
0.104565
0.104565
0.104565
0.104565
0.104565
0.104565
0.104565
0.104565
0.104565
0.104565
0.104565
0.104565
0.104565
0.104565
0.104565
0.104565
0.104565
0.104565
0.104565
0.104565
0.104565
0.104565
0.104565
0.104565
0.104565
0.104565
0.104565
0.104565
0.104565
0.104565
0.104565
0.104565
0.104565
0.104565
0.104565
0.104565
0.104565
0.104565
0.104565
0.104565
0.104565
0.104565
0.104565
0.104565
0.104565
0.104565
0.104565
0.104565
0.104565
0.104565
0.104565
0.104565
0.104565
0.104565
0.104565
0.104565
0.104565
0.104565
0.104565
0.104565
0.104565
0.104565
0.104565
0.104565
0.104565
0.104565
0.104565
0.104565
0.104565
0.104565
0.104565
0.104565
0.104565
0.104565
0.104565
0.104565
0.104565
0.104565
0.104565
0.104565
0.104565
0.104565
0.104565
0.104565
0.104565
0.104565
0.104565
0.104565
0.104565
0.104565
0.104565
0.104565
0.104565
0.104565
0.104565
0.104565
0.104565
0.104565
0.104565
0.104565
0.104565
0.104565
0.104565
0.104565
0.104565
0.104565
0.104565
0.104565
0.104565
0.104565
0.104565
0.104565
0.104565
0.104565
0.104565
0.104565
0.104565
0.104565
0.104565
0.104565
0.104565
0.104565
0.104565
0.104565
0.104565
0.104565
0.104565
0.104565
0.104565
0.104565
0.104565
0.104565
0.104565
0.104565
0.104565
0.104565
0.104565
0.104565
0.104565
0.104565
0.104565
0.104565
0.104565
0.104565
0.104565
0.104565
0.104565
0.104565
0.104565
0.104565
0.104565
0.104565
0.104565
0.104565
0.104565
0.104565
0.104565
0.104565
0.104565
0.104565
0.104565
0.104565
0.104565
0.104565
0.104565
0.104565
0.104565
0.104565
0.104565
0.104565
0.104565
0.104565
0.104565
0.104565
0.104565
0.104565
0.104565
0.104565
0.104565
0.104565
0.104565
0.104565
0.104565
0.104565
0.104565
0.104565
0.104565
0.104565
0.104565
0.104565
0.104565
0.104565
0.104565
0.104565
0.104565
0.104565
0.104565
0.104565
0.104565
0.104565
0.104565
0.104565
0.104565
0.104565
0.104565
0.104565
0.104565
0.104565
0.104565
0.104565
0.104565
0.104565
0.104565
0.104565
0.104565
0.104565
0.104565
0.104565
0.104565
0.104565
0.104565
0.104565
0.104565
0.104565
0.104565
0.104565
0.104565
0.104565
0.104565
0.104565
0.104565
0.104565
0.104565
0.104565
0.104565
0.104565
0.104565
0.104565
0.104565
0.104565
0.104565
0.104565
0.104565
0.104565
0.104565
0.104565
0.104565
0.104565
0.104565
0.104565
0.104565
0.104565
0.104565
0.104565
0.104565
0.104565
0.104565
0.104565
0.104565
0.104565
0.104565
