0.000819004
0.00163087
0.00230488
0.00230488
0.00328354
0.00432962
0.0054112
0.00655904
0.00781341
0.00914969
0.0105442
0.0105442
0.0120319
0.0135396
0.0150992
0.0167083
0.0183353
0.0199824
0.0199824
0.0216958
0.0234193
0.0251618
0.0269324
0.0287238
0.0305292
0.0305292
0.0323652
0.0323652
0.0342398
0.0342398
0.0342398
0.0342398
0.0361748
0.0361748
0.0381287
0.0400798
0.0420612
0.0440624
0.0460581
0.0480613
0.050089
0.050089
0.0521231
0.0541863
0.0541863
0.0562359
0.058312
0.0603938
0.0624657
0.0624657
0.0645803
0.0666963
0.0687896
0.0709121
0.0730362
0.0751394
0.0772462
0.079382
0.0815283
0.0836806
0.0858312
0.0879778
0.0901283
0.0901283
0.0923103
0.0944677
0.0944677
0.0966521
0.0988414
0.101031
0.103215
0.105384
0.107577
0.10977
0.111953
0.114155
0.116362
0.118573
0.120798
0.123001
0.125195
0.127386
0.129611
0.131833
0.131833
0.134027
0.136249
0.138455
0.140642
0.142831
0.145042
0.147231
0.149401
0.151584
0.153768
0.155951
0.158116
0.158116
0.160313
0.162484
0.164632
0.164632
0.166815
0.168998
0.171142
0.171142
0.173306
0.175477
0.177634
0.179782
0.181923
0.184045
0.186182
0.188315
0.19044
0.192558
0.194688
0.196831
0.198955
0.201064
0.203181
0.205281
0.205281
0.207366
0.209466
0.211563
0.213641
0.215731
0.217815
0.217815
0.217815
0.21989
0.221943
0.223978
0.223978
0.225989
0.225989
0.225989
0.228009
0.229997
0.232023
0.23405
0.23405
0.23603
0.23603
0.23603
0.237991
0.239954
0.241933
0.24394
0.245878
0.247767
0.249695
0.251639
0.251639
0.253531
0.253531
0.255438
0.257311
0.257311
0.259185
0.259185
0.261009
0.262826
0.262826
0.264598
0.266342
0.268112
0.26989
0.27166
0.27166
0.273386
0.275105
0.276805
0.278483
0.280146
0.281801
0.283469
0.285121
0.286723
0.288345
0.289943
0.291482
0.293019
0.294555
0.296068
0.297562
0.299051
0.299051
0.300489
0.301912
0.303311
0.304664
0.305991
0.30732
0.308634
0.309886
0.311107
0.312301
0.313487
0.314651
0.315773
0.315773
0.316832
0.317851
0.318852
0.31982
0.320765
0.321654
0.322523
0.323354
0.324129
0.324907
0.325631
0.326309
0.326968
0.32762
0.328179
0.328689
0.329173
0.329626
0.330002
0.330379
0.330754
0.331083
0.331361
0.331578
0.331745
0.331871
0.331962
0.331992
0.331992
0.331854
0.33166
0.331405
0.331405
0.331405
0.331405
0.330923
0.330417
0.32982
0.329183
0.328463
0.328463
0.328463
0.328463
0.328463
0.327479
0.327479
0.327479
0.326383
0.32525
0.324086
0.322891
0.322891
0.321627
0.320331
0.318998
0.317641
0.316249
0.314831
0.314831
0.314831
0.314831
0.313361
0.311889
0.311889
0.311889
0.310403
0.310403
0.310403
0.310403
0.30888
0.307353
0.305829
0.305829
0.30428
0.30428
0.30428
0.30271
0.301134
0.299554
0.299554
0.299554
0.299554
0.297941
0.296321
0.296321
0.29469
0.293044
0.2914
0.289754
0.288106
0.286449
0.286449
0.284776
0.284776
0.284776
0.284776
0.283076
0.283076
0.281368
0.279661
0.277956
0.276255
0.276255
0.276255
0.274574
0.274574
0.274574
0.274574
0.272923
0.271274
0.271274
0.271274
0.269629
0.269629
0.267969
0.267969
0.266317
0.264671
0.263043
0.261416
0.259795
0.259795
0.258207
0.256633
0.255071
0.255071
0.253528
0.252001
0.250494
0.248999
0.248999
0.247517
0.246046
0.246046
0.24458
0.243128
0.241677
0.240237
0.238795
0.237356
0.237356
0.235918
0.234471
0.233026
0.233026
0.233026
0.231584
0.230148
0.22872
0.227296
0.225875
0.224455
0.224455
0.223033
0.221608
0.221608
0.220181
0.218764
0.217348
0.217348
0.215946
0.21454
0.21454
0.213147
0.213147
0.211777
0.211777
0.210414
0.210414
0.209062
0.207715
0.206375
0.206375
0.205045
0.203713
0.202382
0.201054
0.199733
0.198424
0.197131
0.195853
0.1946
0.193369
0.192157
0.192157
0.190992
0.18986
0.188768
0.187703
0.186683
0.185697
0.184754
0.183859
0.183008
0.18221
0.181441
0.181441
0.180769
0.180129
0.179567
0.17905
0.178551
0.178084
0.177631
0.177631
0.177242
0.176906
0.176577
0.176274
0.175981
0.175691
0.175423
0.175423
0.175182
0.174944
0.174944
0.174944
0.174768
0.174587
0.174394
0.174197
0.173986
0.173986
0.173806
0.173635
0.173464
0.173298
0.173136
0.172976
0.17282
0.172676
0.172676
0.172676
0.172567
0.17246
0.17246
0.17246
0.172391
0.172391
0.172391
0.172393
0.172393
0.172368
0.172357
0.172366
0.172414
0.172464
0.172522
0.172584
0.172645
0.172707
0.172762
0.172835
0.172916
0.173002
0.173112
0.173228
0.173334
0.173334
0.173425
0.173425
0.173425
0.173527
0.173622
0.173622
0.173712
0.173801
0.173891
0.174002
0.174122
0.174255
0.174255
0.17439
0.174521
0.174644
0.174772
0.174916
0.174916
0.175098
0.175273
0.175431
0.175573
0.175731
0.175918
0.176112
0.176331
0.176538
0.176735
0.176923
0.177106
0.177302
0.177302
0.177302
0.177302
0.177549
0.177779
0.177993
0.177993
0.178206
0.178206
0.178449
0.17869
0.178931
0.179172
0.179416
0.179663
0.179663
0.179917
0.180164
0.180164
0.180407
0.180655
0.180909
0.181166
0.18142
0.181668
0.181915
0.181915
0.182187
0.182461
0.182733
0.183001
0.18326
0.183518
0.183777
0.184044
0.184318
0.184593
0.184872
0.184872
0.18514
0.185399
0.185659
0.185925
0.186193
0.186468
0.186746
0.187015
0.187276
0.187535
0.187796
0.187796
0.188083
0.188386
0.188698
0.189009
0.189009
0.189308
0.189308
0.189589
0.189589
0.189589
0.189589
0.189589
0.189589
0.189589
0.189589
0.189589
0.189589
0.189589
0.189589
0.189589
0.189589
0.189589
0.189589
0.189589
0.189589
0.189589
0.189589
0.189589
0.189589
0.189589
0.189589
0.189589
0.189589
0.189589
0.189589
0.189589
0.189589
0.189589
0.189589
0.189589
0.189589
0.189589
0.189589
0.189589
0.189589
0.189589
0.189589
0.189589
0.189589
0.18983
0.190068
0.190068
0.190068
0.190268
0.190463
0.190658
0.190861
0.191064
0.191275
0.191493
0.191493
0.191699
0.191879
0.192049
0.192049
0.192242
0.19244
0.192627
0.192801
0.192801
0.192972
0.193159
0.193362
0.193575
0.193783
0.193983
0.194173
0.194368
0.194573
0.194785
0.195006
0.195227
0.195227
0.195447
0.195655
0.195847
0.195847
0.19603
0.19603
0.196222
0.196411
0.196411
0.196411
0.196559
0.196693
0.196804
0.196804
0.196804
0.196893
0.196983
0.197078
0.197078
0.197164
0.197246
0.197325
0.197325
0.197399
0.19747
0.197539
0.197623
0.197713
0.197797
0.197797
0.197866
0.197942
0.198032
0.198126
0.19821
0.198284
0.198343
0.198392
0.198392
0.19844
0.19844
0.19844
0.198488
0.198488
0.198488
0.198482
0.198482
0.19849
0.19849
0.198478
0.198433
0.198376
0.198376
0.19831
0.198254
0.198207
0.19816
0.198092
0.19801
0.19801
0.197916
0.197916
0.197916
0.197824
0.197721
0.197601
0.197483
0.197377
0.197285
0.1972
0.197116
0.197025
0.196926
0.196821
0.196821
0.196821
0.196722
0.196615
0.196507
0.196398
0.196398
0.196266
0.196266
0.196123
0.195973
0.195826
0.195684
0.195553
0.195553
0.195553
0.195553
0.195427
0.195302
0.19518
0.195059
0.19494
0.194808
0.194808
0.194677
0.194551
0.194431
0.194431
0.19431
0.19418
0.19418
0.19418
0.194026
0.193877
0.193732
0.193587
0.193433
0.193273
0.19311
0.192948
0.192785
0.192624
0.192624
0.192456
0.192288
0.192118
0.191947
0.191947
0.191787
0.191787
0.191645
0.191511
0.191375
0.191225
0.191075
0.190935
0.190935
0.190806
0.190806
0.190806
0.190659
0.190513
0.190363
0.19021
0.190066
0.189929
0.189929
0.189804
0.189677
0.189564
0.189564
0.189449
0.189318
0.189178
0.189042
0.188918
0.188918
0.188791
0.188657
0.188657
0.188657
0.188541
0.18843
0.188313
0.188182
0.188038
0.187889
0.187739
0.187739
0.187739
0.187739
0.187628
0.187518
0.187409
0.187299
0.187189
0.187086
0.187086
0.187086
0.186973
0.186973
0.186842
0.186705
0.186573
0.186454
0.186363
0.186277
0.1862
0.186113
0.186014
0.185892
0.185892
0.185768
0.185768
0.185768
0.185768
0.185635
0.185496
0.185373
0.185252
0.185124
0.184991
0.184852
0.184852
0.184852
0.184732
0.184619
0.184521
0.18442
0.184306
0.184181
0.184063
0.183957
0.183957
0.183957
0.18387
0.183781
0.183781
0.183669
0.183669
0.183669
0.183578
0.183578
0.183578
0.183578
0.183488
0.183488
0.183389
0.183297
0.183214
0.183135
0.18305
0.18295
0.18284
0.18284
0.182732
0.182622
0.182516
0.182409
0.182409
0.182298
0.182185
0.182185
0.18205
0.181915
0.181778
0.181644
0.181507
0.181507
0.18136
0.18136
0.18136
0.181207
0.181058
0.181058
0.180926
0.180926
0.180821
0.180821
0.180721
0.180629
0.180629
0.180533
0.180431
0.180323
0.180219
0.180219
0.180219
0.180151
0.180081
0.179999
0.179906
0.179813
0.179727
0.179656
0.1796
0.179545
0.179481
0.179481
0.179384
0.179288
0.179202
0.17912
0.179036
0.179036
0.178943
0.178846
0.178728
0.178612
0.178502
0.1784
0.178299
0.178299
0.178187
0.178074
0.178074
0.177977
0.177977
0.177977
0.177875
0.177752
0.177623
0.177623
0.177541
0.177468
0.17739
0.177301
0.177301
0.177301
0.177301
0.17724
0.177196
0.177159
0.177122
0.177122
0.177051
0.176978
0.176915
0.17686
0.17686
0.176809
0.176809
0.176746
0.176673
0.176602
0.176527
0.176447
0.176447
0.176365
0.176365
0.176265
0.17616
0.17616
0.176072
0.176072
0.175991
0.175991
0.175991
0.175889
0.175798
0.175721
0.175654
0.175594
0.17553
0.17553
0.17545
0.175366
0.175289
0.175213
0.175138
0.175138
0.175077
0.175077
0.175009
0.174947
