0
0.01
0.02
0.03
0.04
0.05
0.06
0.07
0.08
0.09
0.1
0.11
0.12
0.13
0.14
0.15
0.16
0.17
0.18
0.19
0.2
0.21
0.22
0.23
0.24
0.25
0.26
0.27
0.28
0.29
0.3
0.31
0.32
0.33
0.34
0.35
0.36
0.37
0.38
0.39
0.4
0.41
0.42
0.43
0.44
0.45
0.46
0.47
0.48
0.49
0.5
0.51
0.52
0.53
0.54
0.55
0.56
0.57
0.58
0.59
0.6
0.61
0.62
0.63
0.64
0.65
0.66
0.67
0.68
0.69
0.7
0.71
0.72
0.73
0.74
0.75
0.76
0.77
0.78
0.79
0.8
0.81
0.82
0.83
0.839999
0.849999
0.859999
0.869999
0.879999
0.889999
0.899999
0.909999
0.919999
0.929999
0.939999
0.949999
0.959999
0.969999
0.979999
0.989999
0.999999
1.01
1.02
1.03
1.04
1.05
1.06
1.07
1.08
1.09
1.1
1.11
1.12
1.13
1.14
1.15
1.16
1.17
1.18
1.19
1.2
1.21
1.22
1.23
1.24
1.25
1.26
1.27
1.28
1.29
1.3
1.31
1.32
1.33
1.34
1.35
1.36
1.37
1.38
1.39
1.4
1.41
1.42
1.43
1.44
1.45
1.46
1.47
1.48
1.49
1.5
1.51
1.52
1.53
1.54
1.55
1.56
1.57
1.58
1.59
1.6
1.61
1.62
1.63
1.64
1.65
1.66
1.67
1.68
1.69
1.7
1.71
1.72
1.73
1.74
1.75
1.76
1.77
1.78
1.79
1.8
1.81
1.82
1.83
1.84
1.85
1.86
1.87
1.88
1.89
1.9
1.91
1.92
1.93
1.94
1.95
1.96
1.97
1.98
1.99
2
2.01
2.02
2.03
2.04
2.05
2.06
2.07
2.08
2.09
2.1
2.11
2.12
2.13
2.14
2.15
2.16
2.17
2.18
2.19
2.2
2.21
2.22
2.23
2.24
2.25
2.26
2.27
2.28
2.29
2.3
2.31
2.32
2.33
2.34
2.35
2.36
2.37
2.38
2.39
2.4
2.41
2.42
2.43
2.44
2.45
2.46
2.47
2.48
2.49
2.5
2.51
2.52
2.53
2.54
2.55
2.56
2.57
2.58
2.59
2.6
2.61
2.62
2.63
2.64
2.65
2.66
2.67
2.68
2.69
2.7
2.71
2.72
2.73
2.74
2.75
2.76
2.77
2.78
2.79
2.8
2.81
2.82
2.83
2.84
2.85
2.86
2.87
2.88
2.89
2.9
2.91
2.92
2.93
2.94
2.95
2.96
2.97
2.98
2.99
3
3.01
3.02
3.03
3.04
3.05
3.06
3.07
3.08
3.09
3.1
3.11
3.12
3.13
3.14
3.15
3.16
3.17
3.18
3.19
3.2
3.21
3.22
3.23
3.24
3.25
3.26
3.27
3.28
3.29
3.3
3.31
3.32
3.33
3.34
3.35
3.36
3.37
3.38
3.39
3.4
3.41
3.42
3.43
3.44
3.45
3.46
3.47
3.48
3.49
3.5
3.51
3.52
3.53
3.54
3.55
3.56
3.57
3.58
3.59
3.6
3.61
3.62
3.63
3.64
3.65
3.66
3.67
3.68
3.69
3.7
3.71
3.72
3.73
3.74
3.75
3.76
3.77
3.78
3.79
3.8
3.81
3.82
3.83
3.84
3.85
3.86
3.87
3.88
3.89
3.9
3.91
3.92
3.93
3.94
3.95
3.96
3.97
3.98
3.99
4
4.01
4.02
4.03
4.04
4.05
4.06
4.07
4.08
4.09
4.1
4.11
4.12
4.13
4.14
4.15
4.16
4.17
4.18
4.19
4.2
4.21
4.22
4.23
4.24
4.25
4.26
4.27
4.28
4.29
4.3
4.31
4.32
4.33
4.34
4.35
4.36
4.37001
4.38001
4.39001
4.40001
4.41001
4.42001
4.43001
4.44001
4.45001
4.46001
4.47001
4.48001
4.49001
4.50001
4.51001
4.52001
4.53001
4.54001
4.55001
4.56001
4.57001
4.58001
4.59001
4.60001
4.61001
4.62001
4.63001
4.64001
4.65001
4.66001
4.67001
4.68001
4.69001
4.70001
4.71001
4.72001
4.73001
4.74001
4.75001
4.76001
4.77001
4.78001
4.79001
4.80001
4.81002
4.82002
4.83002
4.84002
4.85002
4.86002
4.87002
4.88002
4.89002
4.90002
4.91002
4.92002
4.93002
4.94002
4.95002
4.96002
4.97002
4.98002
4.99002
5.00002
5.01002
5.02002
5.03002
5.04002
5.05002
5.06002
5.07002
5.08002
5.09002
5.10002
5.11002
5.12002
5.13002
5.14002
5.15002
5.16002
5.17002
5.18002
5.19002
5.20002
5.21002
5.22002
5.23002
5.24003
5.25003
5.26003
5.27003
5.28003
5.29003
5.30003
5.31003
5.32003
5.33003
5.34003
5.35003
5.36003
5.37003
5.38003
5.39003
5.40003
5.41003
5.42003
5.43003
5.44003
5.45003
5.46003
5.47003
5.48003
5.49003
5.50003
5.51003
5.52003
5.53003
5.54003
5.55003
5.56003
5.57003
5.58003
5.59003
5.60003
5.61003
5.62003
5.63003
5.64003
5.65003
5.66003
5.67003
5.68004
5.69004
5.70004
5.71004
5.72004
5.73004
5.74004
5.75004
5.76004
5.77004
5.78004
5.79004
5.80004
5.81004
5.82004
5.83004
5.84004
5.85004
5.86004
5.87004
5.88004
5.89004
5.90004
5.91004
5.92004
5.93004
5.94004
5.95004
5.96004
5.97004
5.98004
5.99004
6.00004
6.01004
6.02004
6.03004
6.04004
6.05004
6.06004
6.07004
6.08004
6.09004
6.10004
6.11004
6.12005
6.13005
6.14005
6.15005
6.16005
6.17005
6.18005
6.19005
6.20005
6.21005
6.22005
6.23005
6.24005
6.25005
6.26005
6.27005
6.28005
6.29005
6.30005
6.31005
6.32005
6.33005
6.34005
6.35005
6.36005
6.37005
6.38005
6.39005
6.40005
6.41005
6.42005
6.43005
6.44005
6.45005
6.46005
6.47005
6.48005
6.49005
6.50005
6.51005
6.52005
6.53005
6.54005
6.55006
6.56006
6.57006
6.58006
6.59006
6.60006
6.61006
6.62006
6.63006
6.64006
6.65006
6.66006
6.67006
6.68006
6.69006
6.70006
6.71006
6.72006
6.73006
6.74006
6.75006
6.76006
6.77006
6.78006
6.79006
6.80006
6.81006
6.82006
6.83006
6.84006
6.85006
6.86006
6.87006
6.88006
6.89006
6.90006
6.91006
6.92006
6.93006
6.94006
6.95006
6.96006
6.97006
6.98006
6.99007
7.00007
7.01007
7.02007
7.03007
7.04007
7.05007
7.06007
7.07007
7.08007
7.09007
7.10007
7.11007
7.12007
7.13007
7.14007
7.15007
7.16007
7.17007
7.18007
7.19007
7.20007
7.21007
7.22007
7.23007
7.24007
7.25007
7.26007
7.27007
7.28007
7.29007
7.30007
7.31007
7.32007
7.33007
7.34007
7.35007
7.36007
7.37007
7.38007
7.39007
7.40007
7.41007
7.42007
7.43008
7.44008
7.45008
7.46008
7.47008
7.48008
7.49008
7.50008
7.51008
7.52008
7.53008
7.54008
7.55008
7.56008
7.57008
7.58008
7.59008
7.60008
7.61008
7.62008
7.63008
7.64008
7.65008
7.66008
7.67008
7.68008
7.69008
7.70008
7.71008
7.72008
7.73008
7.74008
7.75008
7.76008
7.77008
7.78008
7.79008
7.80008
7.81008
7.82008
7.83008
7.84008
7.85008
7.86009
7.87009
7.88009
7.89009
7.90009
7.91009
7.92009
7.93009
7.94009
7.95009
7.96009
7.97009
7.98009
7.99009
8.00009
8.01009
8.02009
8.03009
8.04009
8.05009
8.06009
8.07009
8.08009
8.09009
8.10009
8.11009
8.12009
8.13009
8.14009
8.15009
8.16009
8.17009
8.18009
8.19009
8.20009
8.21009
8.22009
8.23009
8.24009
8.25009
8.26009
8.27009
8.28009
8.29009
8.30009
8.31009
8.3201
8.3301
8.3401
8.3501
8.3601
8.3701
8.3801
8.3901
8.4001
8.4101
8.4201
8.4301
8.4401
8.4501
8.4601
8.4701
8.4801
8.4901
8.5001
8.5101
8.5201
8.5301
8.5401
8.5501
8.5601
8.5701
8.5801
8.5901
8.6001
8.6101
8.6201
8.6301
8.6401
8.6501
8.6601
8.6701
8.6801
8.6901
8.7001
8.7101
8.7201
8.7301
8.7401
8.7501
8.76011
8.77011
8.78011
8.79011
8.80011
8.81011
8.82011
8.83011
8.84011
8.85011
8.86011
8.87011
8.88011
8.89011
8.90011
8.91011
8.92011
8.93011
8.94011
8.95011
8.96011
8.97011
8.98011
8.99011
9.00011
9.01011
9.02011
9.03011
9.04011
9.05011
9.06011
9.07011
9.08011
9.09011
9.10011
9.11011
9.12011
9.13011
9.14011
9.15011
9.16011
9.17011
9.18011
9.19011
9.20012
9.21012
9.22012
9.23012
9.24012
9.25012
9.26012
9.27012
9.28012
9.29012
9.30012
9.31012
9.32012
9.33012
9.34012
9.35012
9.36012
9.37012
9.38012
9.39012
9.40012
9.41012
9.42012
9.43012
9.44012
9.45012
9.46012
9.47012
9.48012
9.49012
9.50012
9.51012
9.52012
9.53012
9.54012
9.55012
9.56012
9.57012
9.58012
9.59012
9.60012
9.61012
9.62012
9.63013
9.64013
9.65013
9.66013
9.67013
9.68013
9.69013
9.70013
9.71013
9.72013
9.73013
9.74013
9.75013
9.76013
9.77013
9.78013
9.79013
9.80013
9.81013
9.82013
9.83013
9.84013
9.85013
9.86013
9.87013
9.88013
9.89013
9.90013
9.91013
9.92013
9.93013
9.94013
9.95013
9.96013
9.97013
9.98013
9.99013
10.0001
10.0101
10.0201
10.0301
10.0401
10.0501
10.0601
10.0701
10.0801
10.0901
10.1001
10.1101
10.1201
10.1301
10.1401
10.1501
10.1601
10.1701
10.1801
10.1901
10.2001
10.2101
10.2201
10.2301
10.2401
10.2501
10.2601
10.2701
10.2801
10.2901
10.3001
10.3101
10.3201
10.3301
10.3401
10.3501
10.3601
10.3701
10.3801
10.3901
10.4001
10.4101
10.4201
10.4301
10.4401
10.4501
10.4601
10.4701
10.4801
10.4901
10.5001
10.5101
10.5201
10.5301
10.5401
10.5501
10.5601
10.5701
10.5801
10.5901
10.6001
10.6101
10.6201
10.6301
10.6401
10.6501
10.6601
10.6701
10.6801
10.6901
10.7001
10.7101
10.7201
10.7302
10.7402
10.7502
10.7602
10.7702
10.7802
10.7902
10.8002
10.8102
10.8202
10.8302
10.8402
10.8502
10.8602
10.8702
10.8802
10.8902
10.9002
10.9102
10.9202
10.9302
10.9402
10.9502
10.9602
10.9702
10.9802
10.9902
11.0002
11.0102
11.0202
11.0302
11.0402
11.0502
11.0602
11.0702
11.0802
11.0902
11.1002
11.1102
11.1202
11.1302
11.1402
11.1502
11.1602
11.1702
11.1802
11.1902
11.2002
11.2102
11.2202
11.2302
11.2402
11.2502
11.2602
11.2702
11.2802
11.2902
11.3002
11.3102
11.3202
11.3302
11.3402
11.3502
11.3602
11.3702
11.3802
11.3902
11.4002
11.4102
11.4202
11.4302
11.4402
11.4502
11.4602
11.4702
11.4802
11.4902
11.5002
11.5102
11.5202
11.5302
11.5402
11.5502
11.5602
11.5702
11.5802
11.5902
11.6002
11.6102
11.6202
11.6302
11.6402
11.6502
11.6602
11.6702
11.6802
11.6902
11.7002
11.7102
11.7202
11.7302
11.7402
11.7502
11.7602
11.7702
11.7802
11.7902
11.8002
11.8102
11.8202
11.8302
11.8402
11.8502
11.8602
11.8702
11.8802
11.8902
11.9002
11.9102
11.9202
11.9302
11.9402
11.9502
11.9602
11.9702
11.9802
11.9902
12.0002
12.0102
12.0202
12.0302
12.0402
12.0502
12.0602
12.0702
12.0802
12.0902
12.1002
12.1102
12.1202
12.1302
12.1402
12.1502
12.1602
12.1702
12.1802
12.1902
12.2002
12.2102
12.2202
12.2302
12.2402
12.2502
12.2602
12.2702
12.2802
12.2902
12.3002
12.3102
12.3202
12.3302
12.3402
12.3502
12.3602
12.3702
12.3802
12.3902
12.4002
12.4102
12.4202
12.4302
12.4402
12.4502
12.4602
12.4702
12.4802
12.4902
12.5002
12.5102
12.5202
12.5302
12.5402
12.5502
12.5602
12.5702
12.5802
12.5902
12.6002
12.6102
12.6202
12.6302
12.6402
12.6502
12.6602
12.6702
12.6802
12.6902
12.7002
12.7102
12.7202
12.7302
12.7402
12.7502
12.7602
12.7702
12.7802
12.7902
12.8002
12.8102
12.8202
12.8302
12.8402
12.8502
12.8602
12.8702
12.8802
12.8902
12.9002
12.9102
12.9202
12.9302
12.9402
12.9502
12.9602
12.9702
12.9802
12.9902
13.0002
13.0102
13.0202
13.0302
13.0402
13.0502
13.0602
13.0702
13.0802
13.0902
13.1002
13.1102
13.1202
13.1302
13.1402
13.1502
13.1602
13.1702
13.1802
13.1902
13.2002
13.2102
13.2202
13.2302
13.2402
13.2502
13.2602
13.2702
13.2802
13.2902
13.3002
13.3102
13.3202
13.3302
13.3402
13.3502
13.3602
13.3702
13.3802
13.3902
13.4002
13.4102
13.4202
13.4302
13.4402
13.4502
13.4602
13.4702
13.4802
13.4902
13.5002
13.5102
13.5202
13.5302
13.5402
13.5502
13.5602
13.5702
13.5802
13.5902
13.6002
13.6102
13.6202
13.6302
13.6402
13.6502
13.6602
13.6702
13.6802
13.6902
13.7002
13.7102
13.7202
13.7302
13.7402
13.7502
13.7602
13.7702
13.7802
13.7902
13.8002
13.8102
13.8202
13.8302
13.8402
13.8502
13.8602
13.8702
13.8802
13.8902
13.9002
13.9102
13.9202
13.9302
13.9402
13.9502
13.9602
13.9702
13.9802
13.9902
14.0002
14.0102
14.0202
14.0302
14.0402
14.0502
14.0602
14.0702
14.0802
14.0902
14.1002
14.1102
14.1202
14.1302
14.1402
14.1502
14.1602
14.1702
14.1802
14.1902
14.2002
14.2102
14.2202
14.2302
14.2402
14.2502
14.2602
14.2702
14.2802
14.2902
14.3002
14.3102
14.3202
14.3302
14.3402
14.3502
14.3602
14.3702
14.3802
14.3902
14.4002
14.4102
14.4202
14.4302
14.4402
14.4502
14.4602
14.4702
14.4802
14.4902
14.5002
14.5102
14.5202
14.5302
14.5402
14.5502
14.5602
14.5702
14.5802
14.5902
14.6002
14.6102
14.6202
14.6302
14.6402
14.6502
14.6602
14.6702
14.6802
14.6902
14.7002
14.7102
14.7202
14.7302
14.7402
14.7502
14.7602
14.7702
14.7802
14.7902
14.8002
14.8102
14.8202
14.8302
14.8402
14.8502
14.8602
14.8702
14.8802
14.8902
14.9002
14.9102
14.9202
14.9302
14.9402
14.9502
14.9602
14.9702
14.9802
14.9902
15.0002
15.0102
15.0202
15.0302
15.0402
15.0502
15.0602
15.0702
15.0802
15.0903
15.1003
15.1103
15.1203
15.1303
15.1403
15.1503
15.1603
15.1703
15.1803
15.1903
15.2003
15.2103
15.2203
15.2303
15.2403
15.2503
15.2603
15.2703
15.2803
15.2903
15.3003
15.3103
15.3203
15.3303
15.3403
15.3503
15.3603
15.3703
15.3803
15.3903
15.4003
15.4103
15.4203
15.4303
15.4403
15.4503
15.4603
15.4703
15.4803
15.4903
15.5003
15.5103
15.5203
15.5303
15.5403
15.5503
15.5603
15.5703
15.5803
15.5903
15.6003
15.6103
15.6203
15.6303
15.6403
15.6503
15.6603
15.6703
15.6803
15.6903
15.7003
15.7103
15.7203
15.7303
15.7403
15.7503
15.7603
15.7703
15.7803
15.7903
15.8003
15.8103
15.8203
15.8303
15.8403
15.8503
15.8603
15.8703
15.8803
15.8903
15.9003
15.9103
15.9203
15.9303
15.9403
15.9503
15.9603
15.9703
15.9803
15.9903
16.0003
16.0103
16.0203
16.0303
16.0403
16.0503
16.0603
16.0703
16.0803
16.0903
16.1003
16.1103
16.1203
16.1303
16.1403
16.1503
16.1603
16.1703
16.1803
16.1903
16.2003
16.2103
16.2203
16.2303
16.2403
16.2503
16.2603
16.2703
16.2803
16.2903
16.3003
16.3103
16.3203
16.3303
16.3403
16.3503
16.3603
16.3703
16.3803
16.3903
16.4003
16.4103
16.4203
16.4303
16.4403
16.4503
16.4603
16.4703
16.4803
16.4903
16.5003
16.5103
16.5203
16.5303
16.5403
16.5503
16.5603
16.5703
16.5803
16.5903
16.6003
16.6103
16.6203
16.6303
16.6403
16.6503
16.6603
16.6703
16.6803
16.6903
16.7003
16.7103
16.7203
16.7303
16.7403
16.7503
16.7603
16.7703
16.7803
16.7903
16.8003
16.8103
16.8203
16.8303
16.8403
16.8503
16.8603
16.8703
16.8803
16.8903
16.9003
16.9103
16.9203
16.9303
16.9403
16.9503
16.9603
16.9703
16.9803
16.9903
17.0003
17.0103
17.0203
17.0303
17.0403
17.0503
17.0603
17.0703
17.0803
17.0903
17.1003
17.1103
17.1203
17.1303
17.1403
17.1503
17.1603
17.1703
17.1803
17.1903
17.2003
17.2103
17.2203
17.2303
17.2403
17.2503
17.2603
17.2703
17.2803
17.2903
17.3003
17.3103
17.3203
17.3303
17.3403
17.3503
17.3603
17.3703
17.3803
17.3903
17.4003
17.4103
17.4203
17.4303
17.4403
17.4503
17.4603
17.4703
17.4803
17.4903
17.5003
17.5103
17.5203
17.5303
17.5403
17.5503
17.5603
17.5703
17.5803
17.5903
17.6003
17.6103
17.6203
17.6303
17.6403
17.6503
17.6603
17.6703
17.6803
17.6903
17.7003
17.7103
17.7203
17.7303
17.7403
17.7503
17.7603
17.7703
17.7803
17.7903
17.8003
17.8103
17.8203
17.8303
17.8403
17.8503
17.8603
17.8703
17.8803
17.8903
17.9003
17.9103
17.9203
17.9303
17.9403
17.9503
17.9603
17.9703
17.9803
17.9903
18.0003
18.0103
18.0203
18.0303
18.0403
18.0503
18.0603
18.0703
18.0803
18.0903
18.1003
18.1103
18.1203
18.1303
18.1403
18.1503
18.1603
18.1703
18.1803
18.1903
18.2003
18.2103
18.2203
18.2303
18.2403
18.2503
18.2603
18.2703
18.2803
18.2903
18.3003
18.3103
18.3203
18.3303
18.3403
18.3503
18.3603
18.3703
18.3803
18.3903
18.4003
18.4103
18.4203
18.4303
18.4403
18.4503
18.4603
18.4703
18.4803
18.4903
18.5003
18.5103
18.5203
18.5303
18.5403
18.5503
18.5603
18.5703
18.5803
18.5903
18.6003
18.6103
18.6203
18.6303
18.6403
18.6503
18.6603
18.6703
18.6803
18.6903
18.7003
18.7103
18.7203
18.7303
18.7403
18.7503
18.7603
18.7703
18.7803
18.7903
18.8003
18.8103
18.8203
18.8303
18.8403
18.8503
18.8603
18.8703
18.8803
18.8903
18.9003
18.9103
18.9203
18.9303
18.9403
18.9503
18.9603
18.9703
18.9803
18.9903
19.0003
19.0103
19.0203
19.0303
19.0403
19.0503
19.0603
19.0703
19.0803
19.0903
19.1003
19.1103
19.1203
19.1303
19.1403
19.1503
19.1603
19.1703
19.1803
19.1903
19.2003
19.2103
19.2203
19.2303
19.2403
19.2503
19.2603
19.2703
19.2803
19.2903
19.3003
19.3103
19.3203
19.3303
19.3403
19.3503
19.3603
19.3703
19.3803
19.3903
19.4003
19.4103
19.4203
19.4303
19.4403
19.4503
19.4604
19.4704
19.4804
19.4904
19.5004
19.5104
19.5204
19.5304
19.5404
19.5504
19.5604
19.5704
19.5804
19.5904
19.6004
19.6104
19.6204
19.6304
19.6404
19.6504
19.6604
19.6704
19.6804
19.6904
19.7004
19.7104
19.7204
19.7304
19.7404
19.7504
19.7604
19.7704
19.7804
19.7904
19.8004
19.8104
19.8204
19.8304
19.8404
19.8504
19.8604
19.8704
19.8804
19.8904
19.9004
19.9104
19.9204
19.9304
19.9404
19.9504
19.9604
19.9704
19.9804
19.9904
20.0004
20.0104
20.0204
20.0304
20.0404
20.0504
20.0604
20.0704
20.0804
20.0904
20.1004
20.1104
20.1204
20.1304
20.1404
20.1504
20.1604
20.1704
20.1804
20.1904
20.2004
20.2104
20.2204
20.2304
20.2404
20.2504
20.2604
20.2704
20.2804
20.2904
20.3004
20.3104
20.3204
20.3304
20.3404
20.3504
20.3604
20.3704
20.3804
20.3904
20.4004
20.4104
20.4204
20.4304
20.4404
20.4504
20.4604
20.4704
20.4804
20.4904
20.5004
20.5104
20.5204
20.5304
20.5404
20.5504
20.5604
20.5704
20.5804
20.5904
20.6004
20.6104
20.6204
20.6304
20.6404
20.6504
20.6604
20.6704
20.6804
20.6904
20.7004
20.7104
20.7204
20.7304
20.7404
20.7504
20.7604
20.7704
20.7804
20.7904
20.8004
20.8104
20.8204
20.8304
20.8404
20.8504
20.8604
20.8704
20.8804
20.8904
20.9004
20.9104
20.9204
20.9304
20.9404
20.9504
20.9604
20.9704
20.9804
20.9904
21.0004
21.0104
21.0204
21.0304
21.0404
21.0504
21.0604
21.0704
21.0804
21.0904
21.1004
21.1104
21.1204
21.1304
21.1404
21.1504
21.1604
21.1704
21.1804
21.1904
21.2004
21.2104
21.2204
21.2304
21.2404
21.2504
21.2604
21.2704
21.2804
21.2904
21.3004
21.3104
21.3204
21.3304
21.3404
21.3504
21.3604
21.3704
21.3804
21.3904
21.4004
21.4104
21.4204
21.4304
21.4404
21.4504
21.4604
21.4704
21.4804
21.4904
21.5004
21.5104
21.5204
21.5304
21.5404
21.5504
21.5604
21.5704
21.5804
21.5904
21.6004
21.6104
21.6204
21.6304
21.6404
21.6504
21.6604
21.6704
21.6804
21.6904
21.7004
21.7104
21.7204
21.7304
21.7404
21.7504
21.7604
21.7704
21.7804
21.7904
21.8004
21.8104
21.8204
21.8304
21.8404
21.8504
21.8604
21.8704
21.8804
21.8904
21.9004
21.9104
21.9204
21.9304
21.9404
21.9504
21.9604
21.9704
21.9804
21.9904
22.0004
22.0104
22.0204
22.0304
22.0404
22.0504
22.0604
22.0704
22.0804
22.0904
22.1004
22.1104
22.1204
22.1304
22.1404
22.1504
22.1604
22.1704
22.1804
22.1904
22.2004
22.2104
22.2204
22.2304
22.2404
22.2504
22.2604
22.2704
22.2804
22.2904
22.3004
22.3104
22.3204
22.3304
22.3404
22.3504
22.3604
22.3704
22.3804
22.3904
22.4004
22.4104
22.4204
22.4304
22.4404
22.4504
22.4604
22.4704
22.4804
22.4904
22.5004
22.5104
22.5204
22.5304
22.5404
22.5504
22.5604
22.5704
22.5804
22.5904
22.6004
22.6104
22.6204
22.6304
22.6404
22.6504
22.6604
22.6704
22.6804
22.6904
22.7004
22.7104
22.7204
22.7304
22.7404
22.7504
22.7604
22.7704
22.7804
22.7904
22.8004
22.8104
22.8204
22.8304
22.8404
22.8504
22.8604
22.8704
22.8804
22.8904
22.9004
22.9104
22.9204
22.9304
22.9404
22.9504
22.9604
22.9704
22.9804
22.9904
23.0004
23.0104
23.0204
23.0304
23.0404
23.0504
23.0604
23.0704
23.0804
23.0904
23.1004
23.1104
23.1204
23.1304
23.1404
23.1504
23.1604
23.1704
23.1804
23.1904
23.2004
23.2104
23.2204
23.2304
23.2404
23.2504
23.2604
23.2704
23.2804
23.2904
23.3004
23.3104
23.3204
23.3304
23.3404
23.3504
23.3604
23.3704
23.3804
23.3904
23.4004
23.4104
23.4204
23.4304
23.4404
23.4504
23.4604
23.4704
23.4804
23.4904
23.5004
23.5104
23.5204
23.5304
23.5404
23.5504
23.5604
23.5704
23.5804
23.5904
23.6004
23.6104
23.6204
23.6304
23.6404
23.6504
23.6604
23.6704
23.6804
23.6904
23.7004
23.7104
23.7204
23.7304
23.7404
23.7504
23.7604
23.7704
23.7804
23.7904
23.8004
23.8104
23.8204
23.8305
23.8405
23.8505
23.8605
23.8705
23.8805
23.8905
23.9005
23.9105
23.9205
23.9305
23.9405
23.9505
23.9605
23.9705
23.9805
23.9905
24.0005
24.0105
24.0205
24.0305
24.0405
24.0505
24.0605
24.0705
24.0805
24.0905
24.1005
24.1105
24.1205
24.1305
24.1405
24.1505
24.1605
24.1705
24.1805
24.1905
24.2005
24.2105
24.2205
24.2305
24.2405
24.2505
24.2605
24.2705
24.2805
24.2905
24.3005
24.3105
24.3205
24.3305
24.3405
24.3505
24.3605
24.3705
24.3805
24.3905
24.4005
24.4105
24.4205
24.4305
24.4405
24.4505
24.4605
24.4705
24.4805
24.4905
24.5005
24.5105
24.5205
24.5305
24.5405
24.5505
24.5605
24.5705
24.5805
24.5905
24.6005
24.6105
24.6205
24.6305
24.6405
24.6505
24.6605
24.6705
24.6805
24.6905
24.7005
24.7105
24.7205
24.7305
24.7405
24.7505
24.7605
24.7705
24.7805
24.7905
24.8005
24.8105
24.8205
24.8305
24.8405
24.8505
24.8605
24.8705
24.8805
24.8905
24.9005
24.9105
24.9205
24.9305
24.9405
24.9505
24.9605
24.9705
24.9805
24.9905
25.0005
25.0105
25.0205
25.0305
25.0405
25.0505
25.0605
25.0705
25.0805
25.0905
25.1005
25.1105
25.1205
25.1305
25.1405
25.1505
25.1605
25.1705
25.1805
25.1905
25.2005
25.2105
25.2205
25.2305
25.2405
25.2505
25.2605
25.2705
25.2805
25.2905
25.3005
25.3105
25.3205
25.3305
25.3405
25.3505
25.3605
25.3705
25.3805
25.3905
25.4005
25.4105
25.4205
25.4305
25.4405
25.4505
25.4605
25.4705
25.4805
25.4905
25.5005
25.5105
25.5205
25.5305
25.5405
25.5505
25.5605
25.5705
25.5805
25.5905
25.6005
25.6105
25.6205
25.6305
25.6405
25.6505
25.6605
25.6705
25.6805
25.6905
25.7005
25.7105
25.7205
25.7305
25.7405
25.7505
25.7605
25.7705
25.7805
25.7905
25.8005
25.8105
25.8205
25.8305
25.8405
25.8505
25.8605
25.8705
25.8805
25.8905
25.9005
25.9105
25.9205
25.9305
25.9405
25.9505
25.9605
25.9705
25.9805
25.9905
26.0005
26.0105
26.0205
26.0305
26.0405
26.0505
26.0605
26.0705
26.0805
26.0905
26.1005
26.1105
26.1205
26.1305
26.1405
26.1505
26.1605
26.1705
26.1805
26.1905
26.2005
26.2105
26.2205
26.2305
26.2405
26.2505
26.2605
26.2705
26.2805
26.2905
26.3005
26.3105
26.3205
26.3305
26.3405
26.3505
26.3605
26.3705
26.3805
26.3905
26.4005
26.4105
26.4205
26.4305
26.4405
26.4505
26.4605
26.4705
26.4805
26.4905
26.5005
26.5105
26.5205
26.5305
26.5405
26.5505
26.5605
26.5705
26.5805
26.5905
26.6005
26.6105
26.6205
26.6305
26.6405
26.6505
26.6605
26.6705
26.6805
26.6905
26.7005
26.7105
26.7205
26.7305
26.7405
26.7505
26.7605
26.7705
26.7805
26.7905
26.8005
26.8105
26.8205
26.8305
26.8405
26.8505
26.8605
26.8705
26.8805
26.8905
26.9005
26.9105
26.9205
26.9305
26.9405
26.9505
26.9605
26.9705
26.9805
26.9905
27.0005
27.0105
27.0205
27.0305
27.0405
27.0505
27.0605
27.0705
27.0805
27.0905
27.1005
27.1105
27.1205
27.1305
27.1405
27.1505
27.1605
27.1705
27.1805
27.1905
27.2005
27.2105
27.2205
27.2305
27.2405
27.2505
27.2605
27.2705
27.2805
27.2905
27.3005
27.3105
27.3205
27.3305
27.3405
27.3505
27.3605
27.3705
27.3805
27.3905
27.4005
27.4105
27.4205
27.4305
27.4405
27.4505
27.4605
27.4705
27.4805
27.4905
27.5005
27.5105
27.5205
27.5305
27.5405
27.5505
27.5605
27.5705
27.5805
27.5905
27.6005
27.6105
27.6205
27.6305
27.6405
27.6505
27.6605
27.6705
27.6805
27.6905
27.7005
27.7105
27.7205
27.7305
27.7405
27.7505
27.7605
27.7705
27.7805
27.7905
27.8005
27.8105
27.8205
27.8305
27.8405
27.8505
27.8605
27.8705
27.8805
27.8905
27.9005
27.9105
27.9205
27.9305
27.9405
27.9505
27.9605
27.9705
27.9805
27.9905
28.0005
28.0105
28.0205
28.0305
28.0405
28.0505
28.0605
28.0705
28.0805
28.0905
28.1005
28.1105
28.1205
28.1305
28.1405
28.1505
28.1605
28.1705
28.1805
28.1905
28.2006
28.2106
28.2206
28.2306
28.2406
28.2506
28.2606
28.2706
28.2806
28.2906
28.3006
28.3106
28.3206
28.3306
28.3406
28.3506
28.3606
28.3706
28.3806
28.3906
28.4006
28.4106
28.4206
28.4306
28.4406
28.4506
28.4606
28.4706
28.4806
28.4906
28.5006
28.5106
28.5206
28.5306
28.5406
28.5506
28.5606
28.5706
28.5806
28.5906
28.6006
28.6106
28.6206
28.6306
28.6406
28.6506
28.6606
28.6706
28.6806
28.6906
28.7006
28.7106
28.7206
28.7306
28.7406
28.7506
28.7606
28.7706
28.7806
28.7906
28.8006
28.8106
28.8206
28.8306
28.8406
28.8506
28.8606
28.8706
28.8806
28.8906
28.9006
28.9106
28.9206
28.9306
28.9406
28.9506
28.9606
28.9706
28.9806
28.9906
29.0006
29.0106
29.0206
29.0306
29.0406
29.0506
29.0606
29.0706
29.0806
29.0906
29.1006
29.1106
29.1206
29.1306
29.1406
29.1506
29.1606
29.1706
29.1806
29.1906
29.2006
29.2106
29.2206
29.2306
29.2406
29.2506
29.2606
29.2706
29.2806
29.2906
29.3006
29.3106
29.3206
29.3306
29.3406
29.3506
29.3606
29.3706
29.3806
29.3906
29.4006
29.4106
29.4206
29.4306
29.4406
29.4506
29.4606
29.4706
29.4806
29.4906
29.5006
29.5106
29.5206
29.5306
29.5406
29.5506
29.5606
29.5706
29.5806
29.5906
29.6006
29.6106
29.6206
29.6306
29.6406
29.6506
29.6606
29.6706
29.6806
29.6906
29.7006
29.7106
29.7206
29.7306
29.7406
29.7506
29.7606
29.7706
29.7806
29.7906
29.8006
29.8106
29.8206
29.8306
29.8406
29.8506
29.8606
29.8706
29.8806
29.8906
29.9006
29.9106
29.9206
29.9306
29.9406
29.9506
29.9606
29.9706
29.9806
29.9906
30.0006
30.0106
30.0206
30.0306
30.0406
30.0506
30.0606
30.0706
30.0806
30.0906
30.1006
30.1106
30.1206
30.1306
30.1406
30.1506
30.1606
30.1706
30.1806
30.1906
30.2006
30.2106
30.2206
30.2306
30.2406
30.2506
30.2606
30.2706
30.2806
30.2906
30.3006
30.3106
30.3206
30.3306
30.3406
30.3506
30.3606
30.3706
30.3806
30.3906
30.4006
30.4106
30.4206
30.4306
30.4406
30.4506
30.4606
30.4706
30.4806
30.4906
30.5006
30.5106
30.5206
30.5306
30.5406
30.5506
30.5606
30.5706
30.5806
30.5906
30.6006
30.6106
30.6206
30.6306
30.6406
30.6506
30.6606
30.6706
30.6806
30.6906
30.7006
30.7106
30.7206
30.7306
30.7406
30.7506
30.7606
30.7706
30.7806
30.7906
30.8006
30.8106
30.8206
30.8306
30.8406
30.8506
30.8606
30.8706
30.8806
30.8906
30.9006
30.9106
30.9206
30.9306
30.9406
30.9506
30.9606
30.9706
30.9806
30.9906
31.0006
31.0106
31.0206
31.0306
31.0406
31.0506
31.0606
31.0706
31.0806
31.0906
31.1006
31.1106
31.1206
31.1306
31.1406
31.1506
31.1606
31.1706
31.1806
31.1906
31.2006
31.2106
31.2206
31.2306
31.2406
31.2506
31.2606
31.2706
31.2806
31.2906
31.3006
31.3106
31.3206
31.3306
31.3406
31.3506
31.3606
31.3706
31.3806
31.3906
31.4006
31.4106
31.4206
31.4306
31.4406
31.4506
31.4606
31.4706
31.4806
31.4906
31.5006
31.5106
31.5206
31.5306
31.5406
31.5506
31.5606
31.5706
31.5806
31.5906
31.6006
31.6106
31.6206
31.6306
31.6406
31.6506
31.6606
31.6706
31.6806
31.6906
31.7006
31.7106
31.7206
31.7306
31.7406
31.7506
31.7606
31.7706
31.7806
31.7906
31.8006
31.8106
31.8206
31.8306
31.8406
31.8506
31.8606
31.8706
31.8806
31.8906
31.9006
31.9106
31.9206
31.9306
31.9406
31.9506
31.9606
31.9706
31.9806
31.9906
32.0006
32.0106
32.0206
32.0306
32.0406
32.0506
32.0606
32.0706
32.0806
32.0906
32.1006
32.1106
32.1206
32.1306
32.1406
32.1506
32.1606
32.1706
32.1806
32.1906
32.2006
32.2106
32.2206
32.2306
32.2406
32.2506
32.2606
32.2706
32.2806
32.2906
32.3006
32.3106
32.3206
32.3306
32.3406
32.3506
32.3606
32.3706
32.3806
32.3906
32.4006
32.4106
32.4206
32.4306
32.4406
32.4506
32.4606
32.4706
32.4806
32.4906
32.5006
32.5106
32.5205
32.5305
32.5405
32.5505
32.5605
32.5705
32.5805
32.5905
32.6005
32.6105
32.6205
32.6305
32.6405
32.6505
32.6605
32.6705
32.6805
32.6905
32.7005
32.7105
32.7205
32.7305
32.7405
32.7505
32.7605
32.7705
32.7805
32.7905
32.8005
32.8105
32.8205
32.8305
32.8405
32.8505
32.8605
32.8705
32.8805
32.8905
32.9005
32.9105
32.9205
32.9305
32.9405
32.9505
32.9605
32.9705
32.9805
32.9905
33.0005
33.0105
33.0205
33.0305
33.0405
33.0505
33.0605
33.0705
33.0805
33.0905
33.1005
33.1105
33.1204
33.1304
33.1404
33.1504
33.1604
33.1704
33.1804
33.1904
33.2004
33.2104
33.2204
33.2304
33.2404
33.2504
33.2604
33.2704
33.2804
33.2904
33.3004
33.3104
33.3204
33.3304
33.3404
33.3504
33.3604
33.3704
33.3804
33.3904
33.4004
33.4104
33.4204
33.4304
33.4404
33.4504
33.4604
33.4704
33.4804
33.4904
33.5004
33.5104
33.5204
33.5304
33.5404
33.5504
33.5604
33.5704
33.5804
33.5904
33.6004
33.6104
33.6204
33.6304
33.6404
33.6504
33.6604
33.6704
33.6804
33.6904
33.7004
33.7104
33.7203
33.7303
33.7403
33.7503
33.7603
33.7703
33.7803
33.7903
33.8003
33.8103
33.8203
33.8303
33.8403
33.8503
33.8603
33.8703
33.8803
33.8903
33.9003
33.9103
33.9203
33.9303
33.9403
33.9503
33.9603
33.9703
33.9803
33.9903
34.0003
34.0103
34.0203
34.0303
34.0403
34.0503
34.0603
34.0703
34.0803
34.0903
34.1003
34.1103
34.1203
34.1303
34.1403
34.1503
34.1603
34.1703
34.1803
34.1903
34.2003
34.2103
34.2203
34.2303
34.2403
34.2503
34.2603
34.2703
34.2803
34.2903
34.3003
34.3102
34.3202
34.3302
34.3402
34.3502
34.3602
34.3702
34.3802
34.3902
34.4002
34.4102
34.4202
34.4302
34.4402
34.4502
34.4602
34.4702
34.4802
34.4902
34.5002
34.5102
34.5202
34.5302
34.5402
34.5502
34.5602
34.5702
34.5802
34.5902
34.6002
34.6102
34.6202
34.6302
34.6402
34.6502
34.6602
34.6702
34.6802
34.6902
34.7002
34.7102
34.7202
34.7302
34.7402
34.7502
34.7602
34.7702
34.7802
34.7902
34.8002
34.8102
34.8202
34.8302
34.8402
34.8502
34.8602
34.8702
34.8802
34.8902
34.9002
34.9101
34.9201
34.9301
34.9401
34.9501
34.9601
34.9701
34.9801
34.9901
35.0001
35.0101
35.0201
35.0301
35.0401
35.0501
35.0601
35.0701
35.0801
35.0901
35.1001
35.1101
35.1201
35.1301
35.1401
35.1501
35.1601
35.1701
35.1801
35.1901
35.2001
35.2101
35.2201
35.2301
35.2401
35.2501
35.2601
35.2701
35.2801
35.2901
35.3001
35.3101
35.3201
35.3301
35.3401
35.3501
35.3601
35.3701
35.3801
35.3901
35.4001
35.4101
35.4201
35.4301
35.4401
35.4501
35.4601
35.4701
35.4801
35.4901
35.5
35.51
35.52
35.53
35.54
35.55
35.56
35.57
35.58
35.59
35.6
35.61
35.62
35.63
35.64
35.65
35.66
35.67
35.68
35.69
35.7
35.71
35.72
35.73
35.74
35.75
35.76
35.77
35.78
35.79
35.8
35.81
35.82
35.83
35.84
35.85
35.86
35.87
35.88
35.89
35.9
35.91
35.92
35.93
35.94
35.95
35.96
35.97
35.98
35.99
36
36.01
36.02
36.03
36.04
36.05
36.06
36.07
36.08
36.09
36.0999
36.1099
36.1199
36.1299
36.1399
36.1499
36.1599
36.1699
36.1799
36.1899
36.1999
36.2099
36.2199
36.2299
36.2399
36.2499
36.2599
36.2699
36.2799
36.2899
36.2999
36.3099
36.3199
36.3299
36.3399
36.3499
36.3599
36.3699
36.3799
36.3899
36.3999
36.4099
36.4199
36.4299
36.4399
36.4499
36.4599
36.4699
36.4799
36.4899
36.4999
36.5099
36.5199
36.5299
36.5399
36.5499
36.5599
36.5699
36.5799
36.5899
36.5999
36.6099
36.6199
36.6299
36.6399
36.6499
36.6599
36.6699
36.6799
36.6898
36.6998
36.7098
36.7198
36.7298
36.7398
36.7498
36.7598
36.7698
36.7798
36.7898
36.7998
36.8098
36.8198
36.8298
36.8398
36.8498
36.8598
36.8698
36.8798
36.8898
36.8998
36.9098
36.9198
36.9298
36.9398
36.9498
36.9598
36.9698
36.9798
36.9898
36.9998
37.0098
37.0198
37.0298
37.0398
37.0498
37.0598
37.0698
37.0798
37.0898
37.0998
37.1098
37.1198
37.1298
37.1398
37.1498
37.1598
37.1698
37.1798
37.1898
37.1998
37.2098
37.2198
37.2298
37.2398
37.2498
37.2598
37.2698
37.2798
37.2897
37.2997
37.3097
37.3197
37.3297
37.3397
37.3497
37.3597
37.3697
37.3797
37.3897
37.3997
37.4097
37.4197
37.4297
37.4397
37.4497
37.4597
37.4697
37.4797
37.4897
37.4997
37.5097
37.5197
37.5297
37.5397
37.5497
37.5597
37.5697
37.5797
37.5897
37.5997
37.6097
37.6197
37.6297
37.6397
37.6497
37.6597
37.6697
37.6797
37.6897
37.6997
37.7097
37.7197
37.7297
37.7397
37.7497
37.7597
37.7697
37.7797
37.7897
37.7997
37.8097
37.8197
37.8297
37.8397
37.8497
37.8597
37.8697
37.8797
37.8896
37.8996
37.9096
37.9196
37.9296
37.9396
37.9496
37.9596
37.9696
37.9796
37.9896
37.9996
38.0096
38.0196
38.0296
38.0396
38.0496
38.0596
38.0696
38.0796
38.0896
38.0996
38.1096
38.1196
38.1296
38.1396
38.1496
38.1596
38.1696
38.1796
38.1896
38.1996
38.2096
38.2196
38.2296
38.2396
38.2496
38.2596
38.2696
38.2796
38.2896
38.2996
38.3096
38.3196
38.3296
38.3396
38.3496
38.3596
38.3696
38.3796
38.3896
38.3996
38.4096
38.4196
38.4296
38.4396
38.4496
38.4596
38.4696
38.4795
38.4895
38.4995
38.5095
38.5195
38.5295
38.5395
38.5495
38.5595
38.5695
38.5795
38.5895
38.5995
38.6095
38.6195
38.6295
38.6395
38.6495
38.6595
38.6695
38.6795
38.6895
38.6995
38.7095
38.7195
38.7295
38.7395
38.7495
38.7595
38.7695
38.7795
38.7895
38.7995
38.8095
38.8195
38.8295
38.8395
38.8495
38.8595
38.8695
38.8795
38.8895
38.8995
38.9095
38.9195
38.9295
38.9395
38.9495
38.9595
38.9695
38.9795
38.9895
38.9995
39.0095
39.0195
39.0295
39.0395
39.0495
39.0595
39.0695
39.0794
39.0894
39.0994
39.1094
39.1194
39.1294
39.1394
39.1494
39.1594
39.1694
39.1794
39.1894
39.1994
39.2094
39.2194
39.2294
39.2394
39.2494
39.2594
39.2694
39.2794
39.2894
39.2994
39.3094
39.3194
39.3294
39.3394
39.3494
39.3594
39.3694
39.3794
39.3894
39.3994
39.4094
39.4194
39.4294
39.4394
39.4494
39.4594
39.4694
39.4794
39.4894
39.4994
39.5094
39.5194
39.5294
39.5394
39.5494
39.5594
39.5694
39.5794
39.5894
39.5994
39.6094
39.6194
39.6294
39.6394
39.6494
39.6594
39.6693
39.6793
39.6893
39.6993
39.7093
39.7193
39.7293
39.7393
39.7493
39.7593
39.7693
39.7793
39.7893
39.7993
39.8093
39.8193
39.8293
39.8393
39.8493
39.8593
39.8693
39.8793
39.8893
39.8993
39.9093
39.9193
39.9293
39.9393
39.9493
39.9593
39.9693
39.9793
39.9893
39.9993
40.0093
40.0193
40.0293
40.0393
40.0493
40.0593
40.0693
40.0793
40.0893
40.0993
40.1093
40.1193
40.1293
40.1393
40.1493
40.1593
40.1693
40.1793
40.1893
40.1993
40.2093
40.2193
40.2293
40.2393
40.2493
40.2593
40.2692
40.2792
40.2892
40.2992
40.3092
40.3192
40.3292
40.3392
40.3492
40.3592
40.3692
40.3792
40.3892
40.3992
40.4092
40.4192
40.4292
40.4392
40.4492
40.4592
40.4692
40.4792
40.4892
40.4992
40.5092
40.5192
40.5292
40.5392
40.5492
40.5592
40.5692
40.5792
40.5892
40.5992
40.6092
40.6192
40.6292
40.6392
40.6492
40.6592
40.6692
40.6792
40.6892
40.6992
40.7092
40.7192
40.7292
40.7392
40.7492
40.7592
40.7692
40.7792
40.7892
40.7992
40.8092
40.8192
40.8292
40.8392
40.8492
40.8591
40.8691
40.8791
40.8891
40.8991
40.9091
40.9191
40.9291
40.9391
40.9491
40.9591
40.9691
40.9791
40.9891
40.9991
41.0091
41.0191
41.0291
41.0391
41.0491
41.0591
41.0691
41.0791
41.0891
41.0991
41.1091
41.1191
41.1291
41.1391
41.1491
41.1591
41.1691
41.1791
41.1891
41.1991
41.2091
41.2191
41.2291
41.2391
41.2491
41.2591
41.2691
41.2791
41.2891
41.2991
41.3091
41.3191
41.3291
41.3391
41.3491
41.3591
41.3691
41.3791
41.3891
41.3991
41.4091
41.4191
41.4291
41.4391
41.4491
41.459
41.469
41.479
41.489
41.499
41.509
41.519
41.529
41.539
41.549
41.559
41.569
41.579
41.589
41.599
41.609
41.619
41.629
41.639
41.649
41.659
41.669
41.679
41.689
41.699
41.709
41.719
41.729
41.739
41.749
41.759
41.769
41.779
41.789
41.799
41.809
41.819
41.829
41.839
41.849
41.859
41.869
41.879
41.889
41.899
41.909
41.919
41.929
41.939
41.949
41.959
41.969
41.979
41.989
41.999
42.009
42.019
42.029
42.039
42.049
42.0589
42.0689
42.0789
42.0889
42.0989
42.1089
42.1189
42.1289
42.1389
42.1489
42.1589
42.1689
42.1789
42.1889
42.1989
42.2089
42.2189
42.2289
42.2389
42.2489
42.2589
42.2689
42.2789
42.2889
42.2989
42.3089
42.3189
42.3289
42.3389
42.3489
42.3589
42.3689
42.3789
42.3889
42.3989
42.4089
42.4189
42.4289
42.4389
42.4489
42.4589
42.4689
42.4789
42.4889
42.4989
42.5089
42.5189
42.5289
42.5389
42.5489
42.5589
42.5689
42.5789
42.5889
42.5989
42.6089
42.6189
42.6289
42.6389
42.6488
42.6588
42.6688
42.6788
42.6888
42.6988
42.7088
42.7188
42.7288
42.7388
42.7488
42.7588
42.7688
42.7788
42.7888
42.7988
42.8088
42.8188
42.8288
42.8388
42.8488
42.8588
42.8688
42.8788
42.8888
42.8988
42.9088
42.9188
42.9288
42.9388
42.9488
42.9588
42.9688
42.9788
42.9888
42.9988
43.0088
43.0188
43.0288
43.0388
43.0488
43.0588
43.0688
43.0788
43.0888
43.0988
43.1088
43.1188
43.1288
43.1388
43.1488
43.1588
43.1688
43.1788
43.1888
43.1988
43.2088
43.2188
43.2288
43.2388
43.2487
43.2587
43.2687
43.2787
43.2887
43.2987
43.3087
43.3187
43.3287
43.3387
43.3487
43.3587
43.3687
43.3787
43.3887
43.3987
43.4087
43.4187
43.4287
43.4387
43.4487
43.4587
43.4687
43.4787
43.4887
43.4987
43.5087
43.5187
43.5287
43.5387
43.5487
43.5587
43.5687
43.5787
43.5887
43.5987
43.6087
43.6187
43.6287
43.6387
43.6487
43.6587
43.6687
43.6787
43.6887
43.6987
43.7087
43.7187
43.7287
43.7387
43.7487
43.7587
43.7687
43.7787
43.7887
43.7987
43.8087
43.8187
43.8287
43.8386
43.8486
43.8586
43.8686
43.8786
43.8886
43.8986
43.9086
43.9186
43.9286
43.9386
43.9486
43.9586
43.9686
43.9786
43.9886
43.9986
44.0086
44.0186
44.0286
44.0386
44.0486
44.0586
44.0686
44.0786
44.0886
44.0986
44.1086
44.1186
44.1286
44.1386
44.1486
44.1586
44.1686
44.1786
44.1886
44.1986
44.2086
44.2186
44.2286
44.2386
44.2486
44.2586
44.2686
44.2786
44.2886
44.2986
44.3086
44.3186
44.3286
44.3386
44.3486
44.3586
44.3686
44.3786
44.3886
44.3986
44.4086
44.4186
44.4286
44.4385
44.4485
44.4585
44.4685
44.4785
44.4885
44.4985
44.5085
44.5185
44.5285
44.5385
44.5485
44.5585
44.5685
44.5785
44.5885
44.5985
44.6085
44.6185
44.6285
44.6385
44.6485
44.6585
44.6685
44.6785
44.6885
44.6985
44.7085
44.7185
44.7285
44.7385
44.7485
44.7585
44.7685
44.7785
44.7885
44.7985
44.8085
44.8185
44.8285
44.8385
44.8485
44.8585
44.8685
44.8785
44.8885
44.8985
44.9085
44.9185
44.9285
44.9385
44.9485
44.9585
44.9685
44.9785
44.9885
44.9985
45.0085
45.0185
45.0285
45.0384
45.0484
45.0584
45.0684
45.0784
45.0884
45.0984
45.1084
45.1184
45.1284
45.1384
45.1484
45.1584
45.1684
45.1784
45.1884
45.1984
45.2084
45.2184
45.2284
45.2384
45.2484
45.2584
45.2684
45.2784
45.2884
45.2984
45.3084
45.3184
45.3284
45.3384
45.3484
45.3584
45.3684
45.3784
45.3884
45.3984
45.4084
45.4184
45.4284
45.4384
45.4484
45.4584
45.4684
45.4784
45.4884
45.4984
45.5084
45.5184
45.5284
45.5384
45.5484
45.5584
45.5684
45.5784
45.5884
45.5984
45.6084
45.6184
45.6283
45.6383
45.6483
45.6583
45.6683
45.6783
45.6883
45.6983
45.7083
45.7183
45.7283
45.7383
45.7483
45.7583
45.7683
45.7783
45.7883
45.7983
45.8083
45.8183
45.8283
45.8383
45.8483
45.8583
45.8683
45.8783
45.8883
45.8983
45.9083
45.9183
45.9283
45.9383
45.9483
45.9583
45.9683
45.9783
45.9883
45.9983
46.0083
46.0183
46.0283
46.0383
46.0483
46.0583
46.0683
46.0783
46.0883
46.0983
46.1083
46.1183
46.1283
46.1383
46.1483
46.1583
46.1683
46.1783
46.1883
46.1983
46.2083
46.2183
46.2282
46.2382
46.2482
46.2582
46.2682
46.2782
46.2882
46.2982
46.3082
46.3182
46.3282
46.3382
46.3482
46.3582
46.3682
46.3782
46.3882
46.3982
46.4082
46.4182
46.4282
46.4382
46.4482
46.4582
46.4682
46.4782
46.4882
46.4982
46.5082
46.5182
46.5282
46.5382
46.5482
46.5582
46.5682
46.5782
46.5882
46.5982
46.6082
46.6182
46.6282
46.6382
46.6482
46.6582
46.6682
46.6782
46.6882
46.6982
46.7082
46.7182
46.7282
46.7382
46.7482
46.7582
46.7682
46.7782
46.7882
46.7982
46.8082
46.8181
46.8281
46.8381
46.8481
46.8581
46.8681
46.8781
46.8881
46.8981
46.9081
46.9181
46.9281
46.9381
46.9481
46.9581
46.9681
46.9781
46.9881
46.9981
47.0081
47.0181
47.0281
47.0381
47.0481
47.0581
47.0681
47.0781
47.0881
47.0981
47.1081
47.1181
47.1281
47.1381
47.1481
47.1581
47.1681
47.1781
47.1881
47.1981
47.2081
47.2181
47.2281
47.2381
47.2481
47.2581
47.2681
47.2781
47.2881
47.2981
47.3081
47.3181
47.3281
47.3381
47.3481
47.3581
47.3681
47.3781
47.3881
47.3981
47.4081
47.418
47.428
47.438
47.448
47.458
47.468
47.478
47.488
47.498
47.508
47.518
47.528
47.538
47.548
47.558
47.568
47.578
47.588
47.598
47.608
47.618
47.628
47.638
47.648
47.658
47.668
47.678
47.688
47.698
47.708
47.718
47.728
47.738
47.748
47.758
47.768
47.778
47.788
47.798
47.808
47.818
47.828
47.838
47.848
47.858
47.868
47.878
47.888
47.898
47.908
47.918
47.928
47.938
47.948
47.958
47.968
47.978
47.988
47.998
48.0079
48.0179
48.0279
48.0379
48.0479
48.0579
48.0679
48.0779
48.0879
48.0979
48.1079
48.1179
48.1279
48.1379
48.1479
48.1579
48.1679
48.1779
48.1879
48.1979
48.2079
48.2179
48.2279
48.2379
48.2479
48.2579
48.2679
48.2779
48.2879
48.2979
48.3079
48.3179
48.3279
48.3379
48.3479
48.3579
48.3679
48.3779
48.3879
48.3979
48.4079
48.4179
48.4279
48.4379
48.4479
48.4579
48.4679
48.4779
48.4879
48.4979
48.5079
48.5179
48.5279
48.5379
48.5479
48.5579
48.5679
48.5779
48.5879
48.5979
48.6078
48.6178
48.6278
48.6378
48.6478
48.6578
48.6678
48.6778
48.6878
48.6978
48.7078
48.7178
48.7278
48.7378
48.7478
48.7578
48.7678
48.7778
48.7878
48.7978
48.8078
48.8178
48.8278
48.8378
48.8478
48.8578
48.8678
48.8778
48.8878
48.8978
48.9078
48.9178
48.9278
48.9378
48.9478
48.9578
48.9678
48.9778
48.9878
48.9978
49.0078
49.0178
49.0278
49.0378
49.0478
49.0578
49.0678
49.0778
49.0878
49.0978
49.1078
49.1178
49.1278
49.1378
49.1478
49.1578
49.1678
49.1778
49.1878
49.1978
49.2077
49.2177
49.2277
49.2377
49.2477
49.2577
49.2677
49.2777
49.2877
49.2977
49.3077
49.3177
49.3277
49.3377
49.3477
49.3577
49.3677
49.3777
49.3877
49.3977
49.4077
49.4177
49.4277
49.4377
49.4477
49.4577
49.4677
49.4777
49.4877
49.4977
49.5077
49.5177
49.5277
49.5377
49.5477
49.5577
49.5677
49.5777
49.5877
49.5977
49.6077
49.6177
49.6277
49.6377
49.6477
49.6577
49.6677
49.6777
49.6877
49.6977
49.7077
49.7177
49.7277
49.7377
49.7477
49.7577
49.7677
49.7777
49.7877
49.7976
49.8076
49.8176
49.8276
49.8376
49.8476
49.8576
49.8676
49.8776
49.8876
49.8976
49.9076
49.9176
49.9276
49.9376
49.9476
49.9576
49.9676
49.9776
49.9876
49.9976
50.0076
50.0176
50.0276
50.0376
50.0476
50.0576
50.0676
50.0776
50.0876
50.0976
50.1076
50.1176
50.1276
50.1376
50.1476
50.1576
50.1676
50.1776
50.1876
50.1976
50.2076
50.2176
50.2276
50.2376
50.2476
50.2576
50.2676
50.2776
50.2876
50.2976
50.3076
50.3176
50.3276
50.3376
50.3476
50.3576
50.3676
50.3776
50.3876
50.3975
50.4075
50.4175
50.4275
50.4375
50.4475
50.4575
50.4675
50.4775
50.4875
50.4975
50.5075
50.5175
50.5275
50.5375
50.5475
50.5575
50.5675
50.5775
50.5875
50.5975
50.6075
50.6175
50.6275
50.6375
50.6475
50.6575
50.6675
50.6775
50.6875
50.6975
50.7075
50.7175
50.7275
50.7375
50.7475
50.7575
50.7675
50.7775
50.7875
50.7975
50.8075
50.8175
50.8275
50.8375
50.8475
50.8575
50.8675
50.8775
50.8875
50.8975
50.9075
50.9175
50.9275
50.9375
50.9475
50.9575
50.9675
50.9775
50.9874
50.9974
51.0074
51.0174
51.0274
51.0374
51.0474
51.0574
51.0674
51.0774
51.0874
51.0974
51.1074
51.1174
51.1274
51.1374
51.1474
51.1574
51.1674
51.1774
51.1874
51.1974
51.2074
51.2174
51.2274
51.2374
51.2474
51.2574
51.2674
51.2774
51.2874
51.2974
51.3074
51.3174
51.3274
51.3374
51.3474
51.3574
51.3674
51.3774
51.3874
51.3974
51.4074
51.4174
51.4274
51.4374
51.4474
51.4574
51.4674
51.4774
51.4874
51.4974
51.5074
51.5174
51.5274
51.5374
51.5474
51.5574
51.5674
51.5774
51.5873
51.5973
51.6073
51.6173
51.6273
51.6373
51.6473
51.6573
51.6673
51.6773
51.6873
51.6973
51.7073
51.7173
51.7273
51.7373
51.7473
51.7573
51.7673
51.7773
51.7873
51.7973
51.8073
51.8173
51.8273
51.8373
51.8473
51.8573
51.8673
51.8773
51.8873
51.8973
51.9073
51.9173
51.9273
51.9373
51.9473
51.9573
51.9673
51.9773
51.9873
51.9973
52.0073
52.0173
52.0273
52.0373
52.0473
52.0573
52.0673
52.0773
52.0873
52.0973
52.1073
52.1173
52.1273
52.1373
52.1473
52.1573
52.1673
52.1772
52.1872
52.1972
52.2072
52.2172
52.2272
52.2372
52.2472
52.2572
52.2672
52.2772
52.2872
52.2972
52.3072
52.3172
52.3272
52.3372
52.3472
52.3572
52.3672
52.3772
52.3872
52.3972
52.4072
52.4172
52.4272
52.4372
52.4472
52.4572
52.4672
52.4772
52.4872
52.4972
52.5072
52.5172
52.5272
52.5372
52.5472
52.5572
52.5672
52.5772
52.5872
52.5972
52.6072
52.6172
52.6272
52.6372
52.6472
52.6572
52.6672
52.6772
52.6872
52.6972
52.7072
52.7172
52.7272
52.7372
52.7472
52.7572
52.7672
52.7771
52.7871
52.7971
52.8071
52.8171
52.8271
52.8371
52.8471
52.8571
52.8671
52.8771
52.8871
52.8971
52.9071
52.9171
52.9271
52.9371
52.9471
52.9571
52.9671
52.9771
52.9871
52.9971
53.0071
53.0171
53.0271
53.0371
53.0471
53.0571
53.0671
53.0771
53.0871
53.0971
53.1071
53.1171
53.1271
53.1371
53.1471
53.1571
53.1671
53.1771
53.1871
53.1971
53.2071
53.2171
53.2271
53.2371
53.2471
53.2571
53.2671
53.2771
53.2871
53.2971
53.3071
53.3171
53.3271
53.3371
53.3471
53.3571
53.3671
53.377
53.387
53.397
53.407
53.417
53.427
53.437
53.447
53.457
53.467
53.477
53.487
53.497
53.507
53.517
53.527
53.537
53.547
53.557
53.567
53.577
53.587
53.597
53.607
53.617
53.627
53.637
53.647
53.657
53.667
53.677
53.687
53.697
53.707
53.717
53.727
53.737
53.747
53.757
53.767
53.777
53.787
53.797
53.807
53.817
53.827
53.837
53.847
53.857
53.867
53.877
53.887
53.897
53.907
53.917
53.927
53.937
53.947
53.957
53.9669
53.9769
53.9869
53.9969
54.0069
54.0169
54.0269
54.0369
54.0469
54.0569
54.0669
54.0769
54.0869
54.0969
54.1069
54.1169
54.1269
54.1369
54.1469
54.1569
54.1669
54.1769
54.1869
54.1969
54.2069
54.2169
54.2269
54.2369
54.2469
54.2569
54.2669
54.2769
54.2869
54.2969
54.3069
54.3169
54.3269
54.3369
54.3469
54.3569
54.3669
54.3769
54.3869
54.3969
54.4069
54.4169
54.4269
54.4369
54.4469
54.4569
54.4669
54.4769
54.4869
54.4969
54.5069
54.5169
54.5269
54.5369
54.5469
54.5569
54.5668
54.5768
54.5868
54.5968
54.6068
54.6168
54.6268
54.6368
54.6468
54.6568
54.6668
54.6768
54.6868
54.6968
54.7068
54.7168
54.7268
54.7368
54.7468
54.7568
54.7668
54.7768
54.7868
54.7968
54.8068
54.8168
54.8268
54.8368
54.8468
54.8568
54.8668
54.8768
54.8868
54.8968
54.9068
54.9168
54.9268
54.9368
54.9468
54.9568
54.9668
54.9768
54.9868
54.9968
55.0068
55.0168
55.0268
55.0368
55.0468
55.0568
55.0668
55.0768
55.0868
55.0968
55.1068
55.1168
55.1268
55.1368
55.1468
55.1567
55.1667
55.1767
55.1867
55.1967
55.2067
55.2167
55.2267
55.2367
55.2467
55.2567
55.2667
55.2767
55.2867
55.2967
55.3067
55.3167
55.3267
55.3367
55.3467
55.3567
55.3667
55.3767
55.3867
55.3967
55.4067
55.4167
55.4267
55.4367
55.4467
55.4567
55.4667
55.4767
55.4867
55.4967
55.5067
55.5167
55.5267
55.5367
55.5467
55.5567
55.5667
55.5767
55.5867
55.5967
55.6067
55.6167
55.6267
55.6367
55.6467
55.6567
55.6667
55.6767
55.6867
55.6967
55.7067
55.7167
55.7267
55.7367
55.7467
55.7566
55.7666
55.7766
55.7866
55.7966
55.8066
55.8166
55.8266
55.8366
55.8466
55.8566
55.8666
55.8766
55.8866
55.8966
55.9066
55.9166
55.9266
55.9366
55.9466
55.9566
55.9666
55.9766
55.9866
55.9966
56.0066
56.0166
56.0266
56.0366
56.0466
56.0566
56.0666
56.0766
56.0866
56.0966
56.1066
56.1166
56.1266
56.1366
56.1466
56.1566
56.1666
56.1766
56.1866
56.1966
56.2066
56.2166
56.2266
56.2366
56.2466
56.2566
56.2666
56.2766
56.2866
56.2966
56.3066
56.3166
56.3266
56.3366
56.3465
56.3565
56.3665
56.3765
56.3865
56.3965
56.4065
56.4165
56.4265
56.4365
56.4465
56.4565
56.4665
56.4765
56.4865
56.4965
56.5065
56.5165
56.5265
56.5365
56.5465
56.5565
56.5665
56.5765
56.5865
56.5965
56.6065
56.6165
56.6265
56.6365
56.6465
56.6565
56.6665
56.6765
56.6865
56.6965
56.7065
56.7165
56.7265
56.7365
56.7465
56.7565
56.7665
56.7765
56.7865
56.7965
56.8065
56.8165
56.8265
56.8365
56.8465
56.8565
56.8665
56.8765
56.8865
56.8965
56.9065
56.9165
56.9265
56.9365
56.9464
56.9564
56.9664
56.9764
56.9864
56.9964
57.0064
57.0164
57.0264
57.0364
57.0464
57.0564
57.0664
57.0764
57.0864
57.0964
57.1064
57.1164
57.1264
57.1364
57.1464
57.1564
57.1664
57.1764
57.1864
57.1964
57.2064
57.2164
57.2264
57.2364
57.2464
57.2564
57.2664
57.2764
57.2864
57.2964
57.3064
57.3164
57.3264
57.3364
57.3464
57.3564
57.3664
57.3764
57.3864
57.3964
57.4064
57.4164
57.4264
57.4364
57.4464
57.4564
57.4664
57.4764
57.4864
57.4964
57.5064
57.5164
57.5264
57.5364
57.5463
57.5563
57.5663
57.5763
57.5863
57.5963
57.6063
57.6163
57.6263
57.6363
57.6463
57.6563
57.6663
57.6763
57.6863
57.6963
57.7063
57.7163
57.7263
57.7363
57.7463
57.7563
57.7663
57.7763
57.7863
57.7963
57.8063
57.8163
57.8263
57.8363
57.8463
57.8563
57.8663
57.8763
57.8863
57.8963
57.9063
57.9163
57.9263
57.9363
57.9463
57.9563
57.9663
57.9763
57.9863
57.9963
58.0063
58.0163
58.0263
58.0363
58.0463
58.0563
58.0663
58.0763
58.0863
58.0963
58.1063
58.1163
58.1263
58.1362
58.1462
58.1562
58.1662
58.1762
58.1862
58.1962
58.2062
58.2162
58.2262
58.2362
58.2462
58.2562
58.2662
58.2762
58.2862
58.2962
58.3062
58.3162
58.3262
58.3362
58.3462
58.3562
58.3662
58.3762
58.3862
58.3962
58.4062
58.4162
58.4262
58.4362
58.4462
58.4562
58.4662
58.4762
58.4862
58.4962
58.5062
58.5162
58.5262
58.5362
58.5462
58.5562
58.5662
58.5762
58.5862
58.5962
58.6062
58.6162
58.6262
58.6362
58.6462
58.6562
58.6662
58.6762
58.6862
58.6962
58.7062
58.7162
58.7262
58.7361
58.7461
58.7561
58.7661
58.7761
58.7861
58.7961
58.8061
58.8161
58.8261
58.8361
58.8461
58.8561
58.8661
58.8761
58.8861
58.8961
58.9061
58.9161
58.9261
58.9361
58.9461
58.9561
58.9661
58.9761
58.9861
58.9961
59.0061
59.0161
59.0261
59.0361
59.0461
59.0561
59.0661
59.0761
59.0861
59.0961
59.1061
