0
-0.193097
-0.222378
-0.222378
-0.192803
-0.148429
-0.131891
-0.119925
-0.106587
-0.0869725
-0.0626628
-0.0626628
-0.0626628
-0.0626628
-0.008483
-0.008483
-0.008483
-0.008483
0.000880449
0.0147315
0.0147315
0.0215211
0.0219417
0.0312602
0.0483372
0.0703233
0.0787827
0.0816128
0.0868316
0.096882
0.105515
0.112472
0.119843
0.127526
0.13619
0.146182
0.146182
0.156702
0.164819
0.174286
0.178992
0.184635
0.191646
0.19864
0.201449
0.206092
0.211411
0.214418
0.217047
0.221874
0.226088
0.226443
0.229459
0.231833
0.234205
0.234328
0.236253
0.240725
0.242616
0.244178
0.246582
0.248577
0.25082
0.252022
0.255664
0.258345
0.261189
0.261189
0.262949
0.265632
0.267993
0.270798
0.271527
0.273536
0.276749
0.280165
0.282682
0.284087
0.284087
0.286043
0.289997
0.293902
0.295843
0.297529
0.297552
0.299205
0.299205
0.307038
0.305188
0.304008
0.307451
0.312801
0.316546
0.316546
0.318014
0.318014
0.320945
0.324308
0.32714
0.327697
0.328902
0.330939
0.330939
0.334795
0.334795
0.336683
0.337168
0.339902
0.341556
0.344148
0.34456
0.348061
0.348061
0.351607
0.35209
0.353108
0.355121
0.358604
0.359491
0.362673
0.363065
0.363065
0.363065
0.363065
0.366999
0.36764
0.367071
0.367071
0.370859
0.371645
0.371645
0.37708
0.379731
0.379731
0.379731
0.379731
0.380975
0.384555
0.384555
0.386243
0.386243
0.386243
0.388059
0.388059
0.388059
0.390722
0.391022
0.392245
0.395157
0.39595
0.39595
0.399723
0.400223
0.402424
0.404724
0.407075
0.407075
0.407778
0.409381
0.409381
0.409381
0.409381
0.408835
0.408835
0.41295
0.41295
0.416024
0.416024
0.416024
0.417084
0.417084
0.417084
0.417084
0.417084
0.420113
0.421925
0.420419
0.420419
0.420419
0.420419
0.420419
0.422365
0.426524
0.426524
0.426159
0.428138
0.428138
0.428138
0.428138
0.430933
0.430933
0.432729
0.433223
0.433223
0.435199
0.434708
0.434708
0.437155
0.437188
0.440673
0.442113
0.44216
0.44238
0.44238
0.446578
0.446852
0.44622
0.448235
0.451736
0.451736
0.453253
0.453253
0.453973
0.453973
0.453973
0.456347
0.45445
0.45445
0.457515
0.460271
0.460271
0.460271
0.458863
0.454954
0.45588
0.458377
0.462051
0.462051
0.459159
0.459722
0.463578
0.46726
0.46726
0.46726
0.46891
0.469331
0.472704
0.472704
0.472704
0.475657
0.473727
0.474844
0.474844
0.47688
0.47688
0.479206
0.482849
0.482849
0.478033
0.477192
0.479144
0.479144
0.483096
0.483096
0.480965
0.480965
0.480651
0.479592
0.479592
0.483369
0.484463
0.483966
0.483999
0.483028
0.488402
0.489717
0.490875
0.491428
0.489928
0.489928
0.492123
0.493045
0.494897
0.494532
0.494157
0.492859
0.495448
0.497397
0.497397
0.496968
0.493984
0.499302
0.498358
0.503621
0.503621
0.501681
0.503626
0.504953
0.503453
0.503453
0.506862
0.505416
0.502065
0.507377
0.507377
0.516145
0.516768
0.516232
0.514977
0.517097
0.517097
0.523479
0.524583
0.524288
0.526216
0.531396
0.533673
0.534395
0.536901
0.540524
0.542877
0.547662
0.549142
0.554542
0.558509
0.564451
0.564627
0.563787
0.563787
0.571381
0.579153
0.579244
0.579244
0.579244
0.571121
0.557774
0.535455
0.508399
0.508399
0.455037
0.405956
0.381427
0.344459
0.344459
0.248511
0.171821
0.129702
0.129702
0.00982579
0.00982579
0.00982579
-0.120111
-0.120111
-0.195551
-0.220176
-0.237381
-0.253868
-0.253868
-0.253868
-0.279039
-0.284148
-0.284148
-0.293927
-0.299765
-0.299765
-0.2869
-0.279435
-0.279435
-0.279435
-0.22787
-0.199364
-0.199364
-0.169378
-0.169378
-0.149075
-0.136343
-0.125135
-0.115728
-0.115728
-0.10936
-0.106597
-0.101439
-0.101439
-0.0928085
-0.0904276
-0.0886145
-0.0882289
-0.0889683
-0.0889683
-0.0898157
-0.0908395
-0.0930477
-0.0942035
-0.0957072
-0.0992895
-0.102525
-0.108214
-0.108214
-0.115244
-0.117593
-0.117593
-0.115731
-0.115731
-0.101898
-0.0954453
-0.0954453
-0.0954453
-0.0954453
-0.0664637
-0.060839
-0.052884
-0.0438812
-0.0360137
-0.0360137
-0.0249834
-0.0239289
-0.0239289
-0.0249059
-0.0278963
-0.0300728
-0.0300728
-0.0300728
-0.0300728
-0.0300728
-0.0300728
-0.00156399
0.00216613
0.00152039
0.00152039
2.39065e-05
-0.00179555
-0.00204922
-0.00399567
-0.00399567
-0.0127894
-0.0207494
-0.0289324
-0.0289324
-0.0485112
