0
0
0
0
3.90088
3.94303
3.97806
3.98403
4.01862
4.07001
4.10288
4.14681
4.18316
4.22782
4.27164
4.31734
4.36099
4.40457
4.44916
4.49747
4.54574
4.58889
4.63601
4.67773
4.73533
4.78721
4.84801
4.89865
4.95346
5.00758
5.06201
5.12394
5.18155
5.23395
5.28413
5.34381
5.41271
5.47533
5.54995
5.59325
5.64841
5.70742
5.7662
5.81976
5.87156
5.93991
6.00636
6.06024
6.11317
6.18064
6.23926
6.30723
6.36416
6.41653
6.48449
6.53504
6.5713
6.6326
6.6778
6.7378
6.77777
6.83577
6.87463
6.90712
6.95107
6.99693
7.03383
7.08144
7.11162
7.15232
7.1766
7.2031
7.22929
7.25802
7.27864
7.29651
7.32192
7.34966
7.37207
7.3844
7.39666
7.40648
7.41858
7.42816
7.43798
7.44502
7.45488
7.45885
7.46417
7.47144
7.47346
7.4778
7.48277
7.48566
7.4899
7.48841
7.49061
