1.74793e-09
1.73045e-09
1.71315e-09
1.69602e-09
1.67906e-09
1.66227e-09
1.64564e-09
1.62919e-09
1.6129e-09
1.59677e-09
1.5808e-09
1.56499e-09
1.54934e-09
1.53385e-09
1.51851e-09
1.50332e-09
1.48829e-09
1.47341e-09
1.45867e-09
1.44409e-09
1.42965e-09
1.41535e-09
1.4012e-09
1.38718e-09
1.37331e-09
1.35958e-09
1.34598e-09
1.33252e-09
1.3192e-09
1.30601e-09
1.29295e-09
1.28002e-09
1.26722e-09
1.25454e-09
1.242e-09
1.22958e-09
1.21728e-09
1.20511e-09
1.19306e-09
1.18113e-09
1.16932e-09
1.15762e-09
1.14605e-09
1.13459e-09
1.12324e-09
1.11201e-09
1.10089e-09
1.08988e-09
1.07898e-09
1.06819e-09
1.05751e-09
1.04693e-09
1.03646e-09
1.0261e-09
1.01584e-09
1.00568e-09
9.95624e-10
9.85668e-10
9.75811e-10
9.66053e-10
9.56393e-10
9.46829e-10
9.3736e-10
9.27987e-10
9.18707e-10
9.0952e-10
9.00425e-10
8.9142e-10
8.82506e-10
8.73681e-10
8.64944e-10
8.56295e-10
8.47732e-10
8.39255e-10
8.30862e-10
8.22553e-10
8.14328e-10
8.06185e-10
7.98123e-10
7.90142e-10
7.8224e-10
7.74418e-10
7.66674e-10
7.59007e-10
7.51417e-10
7.43903e-10
7.36464e-10
7.29099e-10
7.21808e-10
7.1459e-10
7.07444e-10
7.00369e-10
6.93366e-10
6.86432e-10
6.79568e-10
6.72772e-10
6.66044e-10
6.59384e-10
6.5279e-10
6.46262e-10
6.398e-10
6.33402e-10
6.27068e-10
6.20797e-10
6.14589e-10
6.08443e-10
6.02359e-10
5.96335e-10
5.90372e-10
5.84468e-10
5.78623e-10
5.72837e-10
5.67109e-10
5.61438e-10
5.55823e-10
5.50265e-10
5.44762e-10
5.39315e-10
5.33922e-10
5.28582e-10
5.23297e-10
5.18064e-10
5.12883e-10
5.07754e-10
5.02677e-10
4.9765e-10
4.92673e-10
4.87747e-10
4.82869e-10
4.7804e-10
4.7326e-10
4.68527e-10
4.63842e-10
4.59204e-10
4.54612e-10
4.50066e-10
4.45565e-10
4.41109e-10
4.36698e-10
4.32331e-10
4.28008e-10
4.23728e-10
4.1949e-10
4.15296e-10
4.11143e-10
4.07031e-10
4.02961e-10
3.98931e-10
3.94942e-10
3.90993e-10
3.87083e-10
3.83212e-10
3.7938e-10
3.75586e-10
3.7183e-10
3.68112e-10
3.64431e-10
3.60786e-10
3.57178e-10
3.53607e-10
3.50071e-10
3.4657e-10
3.43104e-10
3.39673e-10
3.36276e-10
3.32914e-10
3.29585e-10
3.26289e-10
3.23026e-10
3.19796e-10
3.16598e-10
3.13432e-10
3.10297e-10
3.07194e-10
3.04122e-10
3.01081e-10
2.9807e-10
2.9509e-10
2.92139e-10
2.89217e-10
2.86325e-10
2.83462e-10
2.80627e-10
2.77821e-10
2.75043e-10
2.72292e-10
2.69569e-10
2.66874e-10
2.64205e-10
2.61563e-10
2.58947e-10
2.56358e-10
2.53794e-10
2.51256e-10
2.48744e-10
2.46256e-10
2.43794e-10
2.41356e-10
2.38942e-10
2.36553e-10
2.34187e-10
2.31845e-10
2.29527e-10
2.27232e-10
2.24959e-10
2.2271e-10
2.20483e-10
2.18278e-10
2.16095e-10
2.13934e-10
2.11795e-10
2.09677e-10
2.0758e-10
2.05504e-10
2.03449e-10
2.01415e-10
1.99401e-10
1.97407e-10
1.95433e-10
1.93478e-10
1.91543e-10
1.89628e-10
1.87732e-10
1.85854e-10
1.83996e-10
1.82156e-10
1.80334e-10
1.78531e-10
1.76746e-10
1.74978e-10
1.73228e-10
1.71496e-10
1.69781e-10
1.68083e-10
1.66403e-10
1.64739e-10
1.63091e-10
1.6146e-10
1.59846e-10
1.58247e-10
1.56665e-10
1.55098e-10
1.53547e-10
1.52012e-10
1.50491e-10
1.48987e-10
1.47497e-10
1.46022e-10
1.44561e-10
1.43116e-10
1.41685e-10
1.40268e-10
1.38865e-10
1.37477e-10
1.36102e-10
1.34741e-10
1.33393e-10
1.32059e-10
1.30739e-10
1.29431e-10
1.28137e-10
1.26856e-10
1.25587e-10
1.24331e-10
1.23088e-10
1.21857e-10
1.20639e-10
1.19432e-10
1.18238e-10
1.17055e-10
1.15885e-10
1.14726e-10
1.13579e-10
1.12443e-10
1.11319e-10
1.10205e-10
1.09103e-10
1.08012e-10
1.06932e-10
1.05863e-10
1.04804e-10
1.03756e-10
1.02719e-10
1.01691e-10
1.00675e-10
9.96678e-11
9.86711e-11
9.76844e-11
9.67076e-11
9.57405e-11
9.47831e-11
9.38352e-11
9.28969e-11
9.19679e-11
9.10482e-11
9.01378e-11
8.92364e-11
8.8344e-11
8.74606e-11
8.6586e-11
8.57201e-11
8.48629e-11
8.40143e-11
8.31741e-11
8.23424e-11
8.1519e-11
8.07038e-11
7.98967e-11
7.90978e-11
7.83068e-11
7.75237e-11
7.67485e-11
7.5981e-11
7.52212e-11
7.4469e-11
7.37243e-11
7.29871e-11
7.22572e-11
7.15346e-11
7.08193e-11
7.01111e-11
6.941e-11
6.87159e-11
6.80287e-11
6.73484e-11
6.6675e-11
6.60082e-11
6.53481e-11
6.46946e-11
6.40477e-11
6.34072e-11
6.27731e-11
6.21454e-11
6.1524e-11
6.09087e-11
6.02996e-11
5.96966e-11
5.90997e-11
5.85087e-11
5.79236e-11
5.73443e-11
5.67709e-11
5.62032e-11
5.56412e-11
5.50847e-11
5.45339e-11
5.39886e-11
5.34487e-11
5.29142e-11
5.2385e-11
5.18612e-11
5.13426e-11
5.08292e-11
5.03209e-11
4.98177e-11
4.93195e-11
4.88263e-11
4.8338e-11
4.78546e-11
4.73761e-11
4.69023e-11
4.64333e-11
4.5969e-11
4.55093e-11
4.50542e-11
4.46036e-11
4.41576e-11
4.3716e-11
4.32789e-11
4.28461e-11
4.24176e-11
4.19934e-11
4.15735e-11
4.11578e-11
4.07462e-11
4.03387e-11
3.99354e-11
3.9536e-11
3.91406e-11
3.87492e-11
3.83617e-11
3.79781e-11
3.75983e-11
3.72224e-11
3.68501e-11
3.64816e-11
3.61168e-11
3.57557e-11
3.53981e-11
3.50441e-11
3.46937e-11
3.43467e-11
3.40033e-11
3.36632e-11
3.33266e-11
3.29933e-11
3.26634e-11
3.23368e-11
3.20134e-11
3.16933e-11
3.13763e-11
3.10626e-11
3.07519e-11
3.04444e-11
3.014e-11
2.98386e-11
2.95402e-11
2.92448e-11
2.89523e-11
2.86628e-11
2.83762e-11
2.80924e-11
2.78115e-11
2.75334e-11
2.72581e-11
2.69855e-11
2.67156e-11
2.64485e-11
2.6184e-11
2.59221e-11
2.56629e-11
2.54063e-11
2.51522e-11
2.49007e-11
2.46517e-11
2.44052e-11
2.41611e-11
2.39195e-11
2.36803e-11
2.34435e-11
2.32091e-11
2.2977e-11
2.27472e-11
2.25197e-11
2.22946e-11
2.20716e-11
2.18509e-11
2.16324e-11
2.14161e-11
2.12019e-11
2.09899e-11
2.078e-11
2.05722e-11
2.03665e-11
2.01628e-11
1.99612e-11
1.97616e-11
1.95639e-11
1.93683e-11
1.91746e-11
1.89829e-11
1.8793e-11
1.86051e-11
1.84191e-11
1.82349e-11
1.80525e-11
1.7872e-11
1.76933e-11
1.75163e-11
1.73412e-11
1.71678e-11
1.69961e-11
1.68261e-11
1.66579e-11
1.64913e-11
1.63264e-11
1.61631e-11
1.60015e-11
1.58415e-11
1.56831e-11
1.55262e-11
1.5371e-11
1.52172e-11
1.50651e-11
1.49144e-11
1.47653e-11
1.46176e-11
1.44715e-11
1.43267e-11
1.41835e-11
1.40416e-11
1.39012e-11
1.37622e-11
1.36246e-11
1.34883e-11
1.33535e-11
1.32199e-11
1.30877e-11
1.29568e-11
1.28273e-11
1.2699e-11
1.2572e-11
1.24463e-11
1.23218e-11
1.21986e-11
1.20766e-11
1.19559e-11
1.18363e-11
1.17179e-11
1.16008e-11
1.14848e-11
1.13699e-11
1.12562e-11
1.11436e-11
1.10322e-11
1.09219e-11
1.08127e-11
1.07045e-11
1.05975e-11
1.04915e-11
1.03866e-11
1.02827e-11
1.01799e-11
1.00781e-11
9.97733e-12
9.87756e-12
9.77878e-12
9.68099e-12
9.58418e-12
9.48834e-12
9.39346e-12
9.29952e-12
9.20653e-12
9.11446e-12
9.02332e-12
8.93308e-12
8.84375e-12
8.75532e-12
8.66776e-12
8.58109e-12
8.49527e-12
8.41032e-12
8.32622e-12
8.24296e-12
8.16053e-12
8.07892e-12
7.99813e-12
7.91815e-12
7.83897e-12
7.76058e-12
7.68297e-12
7.60614e-12
7.53008e-12
7.45478e-12
7.38023e-12
7.30643e-12
7.23337e-12
7.16103e-12
7.08942e-12
7.01853e-12
6.94834e-12
6.87886e-12
6.81007e-12
6.74197e-12
6.67455e-12
6.60781e-12
6.54173e-12
6.47631e-12
6.41155e-12
6.34743e-12
6.28396e-12
6.22112e-12
6.15891e-12
6.09732e-12
6.03634e-12
5.97598e-12
5.91622e-12
5.85706e-12
5.79849e-12
5.7405e-12
5.6831e-12
5.62627e-12
5.57e-12
5.5143e-12
5.45916e-12
5.40457e-12
5.35052e-12
5.29702e-12
5.24405e-12
5.19161e-12
5.13969e-12
5.08829e-12
5.03741e-12
4.98704e-12
4.93717e-12
4.8878e-12
4.83892e-12
4.79053e-12
4.74262e-12
4.6952e-12
4.64825e-12
4.60176e-12
4.55575e-12
4.51019e-12
4.46509e-12
4.42044e-12
4.37623e-12
4.33247e-12
4.28914e-12
4.24625e-12
4.20379e-12
4.16175e-12
4.12013e-12
4.07893e-12
4.03814e-12
3.99776e-12
3.95779e-12
3.91821e-12
3.87903e-12
3.84023e-12
3.80183e-12
3.76381e-12
3.72618e-12
3.68891e-12
3.65202e-12
3.6155e-12
3.57935e-12
3.54356e-12
3.50812e-12
3.47304e-12
3.43831e-12
3.40393e-12
3.36989e-12
3.33619e-12
3.30283e-12
3.2698e-12
3.2371e-12
3.20473e-12
3.17268e-12
3.14095e-12
3.10954e-12
3.07845e-12
3.04766e-12
3.01719e-12
2.98702e-12
2.95715e-12
2.92757e-12
2.8983e-12
2.86932e-12
2.84062e-12
2.81222e-12
2.78409e-12
2.75625e-12
2.72869e-12
2.7014e-12
2.67439e-12
2.64765e-12
2.62117e-12
2.59496e-12
2.56901e-12
2.54332e-12
2.51788e-12
2.49271e-12
2.46778e-12
2.4431e-12
2.41867e-12
2.39448e-12
2.37054e-12
2.34683e-12
2.32337e-12
2.30013e-12
2.27713e-12
2.25436e-12
2.23182e-12
2.2095e-12
2.1874e-12
2.16553e-12
2.14387e-12
2.12243e-12
2.10121e-12
2.0802e-12
2.0594e-12
2.0388e-12
2.01841e-12
1.99823e-12
1.97825e-12
1.95846e-12
1.93888e-12
1.91949e-12
1.9003e-12
1.88129e-12
1.86248e-12
1.84386e-12
1.82542e-12
1.80716e-12
1.78909e-12
1.7712e-12
1.75349e-12
1.73595e-12
1.71859e-12
1.70141e-12
1.68439e-12
1.66755e-12
1.65087e-12
1.63437e-12
1.61802e-12
1.60184e-12
1.58582e-12
1.56997e-12
1.55427e-12
1.53872e-12
1.52334e-12
1.5081e-12
1.49302e-12
1.47809e-12
1.46331e-12
1.44868e-12
1.43419e-12
1.41985e-12
1.40565e-12
1.39159e-12
1.37768e-12
1.3639e-12
1.35026e-12
1.33676e-12
1.32339e-12
1.31016e-12
1.29706e-12
1.28409e-12
1.27124e-12
1.25853e-12
1.24595e-12
1.23349e-12
1.22115e-12
1.20894e-12
1.19685e-12
1.18488e-12
1.17303e-12
1.1613e-12
1.14969e-12
1.13819e-12
1.12681e-12
1.11554e-12
1.10439e-12
1.09334e-12
1.08241e-12
1.07159e-12
1.06087e-12
1.05026e-12
1.03976e-12
1.02936e-12
1.01907e-12
1.00888e-12
9.98789e-13
9.88801e-13
9.78913e-13
9.69124e-13
9.59433e-13
9.49839e-13
9.4034e-13
9.30937e-13
9.21627e-13
9.12411e-13
9.03287e-13
8.94254e-13
8.85312e-13
8.76459e-13
8.67694e-13
8.59017e-13
8.50427e-13
8.41923e-13
8.33503e-13
8.25168e-13
8.16917e-13
8.08747e-13
8.0066e-13
7.92653e-13
7.84727e-13
7.7688e-13
7.69111e-13
7.6142e-13
7.53805e-13
7.46267e-13
7.38805e-13
7.31417e-13
7.24102e-13
7.16861e-13
7.09693e-13
7.02596e-13
6.9557e-13
6.88614e-13
6.81728e-13
6.74911e-13
6.68162e-13
6.6148e-13
6.54865e-13
6.48317e-13
6.41833e-13
6.35415e-13
6.29061e-13
6.2277e-13
6.16543e-13
6.10377e-13
6.04274e-13
5.98231e-13
5.92248e-13
5.86326e-13
5.80463e-13
5.74658e-13
5.68912e-13
5.63222e-13
5.5759e-13
5.52014e-13
5.46494e-13
5.41029e-13
5.35619e-13
5.30263e-13
5.2496e-13
5.19711e-13
5.14513e-13
5.09368e-13
5.04275e-13
4.99232e-13
4.9424e-13
4.89297e-13
4.84404e-13
4.7956e-13
4.74765e-13
4.70017e-13
4.65317e-13
4.60664e-13
4.56057e-13
4.51496e-13
4.46981e-13
4.42512e-13
4.38086e-13
4.33706e-13
4.29369e-13
4.25075e-13
4.20824e-13
4.16616e-13
4.1245e-13
4.08325e-13
4.04242e-13
4.002e-13
3.96198e-13
3.92236e-13
3.88313e-13
3.8443e-13
3.80586e-13
3.7678e-13
3.73012e-13
3.69282e-13
3.65589e-13
3.61933e-13
3.58314e-13
3.54731e-13
3.51183e-13
3.47672e-13
3.44195e-13
3.40753e-13
3.37345e-13
3.33972e-13
3.30632e-13
3.27326e-13
3.24053e-13
3.20812e-13
3.17604e-13
3.14428e-13
3.11284e-13
3.08171e-13
3.05089e-13
3.02038e-13
2.99018e-13
2.96028e-13
2.93067e-13
2.90137e-13
2.87235e-13
2.84363e-13
2.81519e-13
2.78704e-13
2.75917e-13
2.73158e-13
2.70426e-13
2.67722e-13
2.65045e-13
2.62395e-13
2.59771e-13
2.57173e-13
2.54601e-13
2.52055e-13
2.49535e-13
2.47039e-13
2.44569e-13
2.42123e-13
2.39702e-13
2.37305e-13
2.34932e-13
2.32583e-13
2.30257e-13
2.27954e-13
2.25675e-13
2.23418e-13
2.21184e-13
2.18972e-13
2.16782e-13
2.14614e-13
2.12468e-13
2.10344e-13
2.0824e-13
2.06158e-13
2.04096e-13
2.02055e-13
2.00035e-13
1.98034e-13
1.96054e-13
1.94093e-13
1.92152e-13
1.90231e-13
1.88329e-13
1.86445e-13
1.84581e-13
1.82735e-13
1.80908e-13
1.79099e-13
1.77308e-13
1.75535e-13
1.73779e-13
1.72041e-13
1.70321e-13
1.68618e-13
1.66932e-13
1.65262e-13
1.6361e-13
1.61974e-13
1.60354e-13
1.5875e-13
1.57163e-13
1.55591e-13
1.54035e-13
1.52495e-13
1.5097e-13
1.4946e-13
1.47966e-13
1.46486e-13
1.45021e-13
1.43571e-13
1.42135e-13
1.40714e-13
1.39307e-13
1.37914e-13
1.36535e-13
1.35169e-13
1.33818e-13
1.32479e-13
1.31155e-13
1.29843e-13
1.28545e-13
1.27259e-13
1.25987e-13
1.24727e-13
1.23479e-13
1.22245e-13
1.21022e-13
1.19812e-13
1.18614e-13
1.17428e-13
1.16253e-13
1.15091e-13
1.1394e-13
1.12801e-13
1.11673e-13
1.10556e-13
1.0945e-13
1.08356e-13
1.07272e-13
1.06199e-13
1.05137e-13
1.04086e-13
1.03045e-13
1.02015e-13
1.00995e-13
9.99847e-14
9.89848e-14
9.7995e-14
9.7015e-14
9.60449e-14
9.50844e-14
9.41336e-14
9.31923e-14
9.22603e-14
9.13377e-14
9.04244e-14
8.95201e-14
8.86249e-14
8.77387e-14
8.68613e-14
8.59927e-14
8.51327e-14
8.42814e-14
8.34386e-14
8.26042e-14
8.17782e-14
8.09604e-14
8.01508e-14
7.93493e-14
7.85558e-14
7.77702e-14
7.69925e-14
7.62226e-14
7.54604e-14
7.47058e-14
7.39587e-14
7.32191e-14
7.24869e-14
7.17621e-14
7.10444e-14
7.0334e-14
6.96306e-14
6.89343e-14
6.8245e-14
6.75625e-14
6.68869e-14
6.6218e-14
6.55559e-14
6.49003e-14
6.42513e-14
6.36088e-14
6.29727e-14
6.2343e-14
6.17196e-14
6.11024e-14
6.04913e-14
5.98864e-14
5.92876e-14
5.86947e-14
5.81077e-14
5.75267e-14
5.69514e-14
5.63819e-14
5.58181e-14
5.52599e-14
5.47073e-14
5.41602e-14
5.36186e-14
5.30824e-14
5.25516e-14
5.20261e-14
5.15058e-14
5.09908e-14
5.04809e-14
4.9976e-14
4.94763e-14
4.89815e-14
4.84917e-14
4.80068e-14
4.75267e-14
4.70515e-14
4.65809e-14
4.61151e-14
4.5654e-14
4.51974e-14
4.47455e-14
4.4298e-14
4.3855e-14
4.34165e-14
4.29823e-14
4.25525e-14
4.2127e-14
4.17057e-14
4.12886e-14
4.08758e-14
4.0467e-14
4.00623e-14
3.96617e-14
3.92651e-14
3.88724e-14
3.84837e-14
3.80989e-14
3.77179e-14
3.73407e-14
3.69673e-14
3.65976e-14
3.62317e-14
3.58693e-14
3.55106e-14
3.51555e-14
3.4804e-14
3.44559e-14
3.41114e-14
3.37703e-14
3.34326e-14
3.30982e-14
3.27673e-14
3.24396e-14
3.21152e-14
3.1794e-14
3.14761e-14
3.11613e-14
3.08497e-14
3.05412e-14
3.02358e-14
2.99335e-14
2.96341e-14
2.93378e-14
2.90444e-14
2.8754e-14
2.84664e-14
2.81818e-14
2.78999e-14
2.76209e-14
2.73447e-14
2.70713e-14
2.68006e-14
2.65326e-14
2.62672e-14
2.60046e-14
2.57445e-14
2.54871e-14
2.52322e-14
2.49799e-14
2.47301e-14
2.44828e-14
2.42379e-14
2.39956e-14
2.37556e-14
2.35181e-14
2.32829e-14
2.305e-14
2.28195e-14
2.25914e-14
2.23654e-14
2.21418e-14
2.19204e-14
2.17012e-14
2.14842e-14
2.12693e-14
2.10566e-14
2.08461e-14
2.06376e-14
2.04312e-14
2.02269e-14
2.00246e-14
1.98244e-14
1.96261e-14
1.94299e-14
1.92356e-14
1.90432e-14
1.88528e-14
1.86643e-14
1.84776e-14
1.82928e-14
1.81099e-14
1.79288e-14
1.77495e-14
1.7572e-14
1.73963e-14
1.72223e-14
1.70501e-14
1.68796e-14
1.67108e-14
1.65437e-14
1.63783e-14
1.62145e-14
1.60524e-14
1.58918e-14
1.57329e-14
1.55756e-14
1.54198e-14
1.52656e-14
1.5113e-14
1.49618e-14
1.48122e-14
1.46641e-14
1.45175e-14
1.43723e-14
1.42286e-14
1.40863e-14
1.39454e-14
1.3806e-14
1.36679e-14
1.35312e-14
1.33959e-14
1.3262e-14
1.31293e-14
1.2998e-14
1.28681e-14
1.27394e-14
1.2612e-14
1.24859e-14
1.2361e-14
1.22374e-14
1.2115e-14
1.19939e-14
1.18739e-14
1.17552e-14
1.16376e-14
1.15213e-14
1.14061e-14
1.1292e-14
1.11791e-14
1.10673e-14
1.09566e-14
1.0847e-14
1.07386e-14
1.06312e-14
1.05249e-14
1.04196e-14
1.03154e-14
1.02123e-14
1.01102e-14
1.00091e-14
9.90896e-15
9.80987e-15
9.71177e-15
9.61466e-15
9.51851e-15
9.42332e-15
9.32909e-15
9.2358e-15
9.14344e-15
9.05201e-15
8.96149e-15
8.87187e-15
8.78315e-15
8.69532e-15
8.60837e-15
8.52228e-15
8.43706e-15
8.35269e-15
8.26917e-15
8.18647e-15
8.10461e-15
8.02356e-15
7.94333e-15
7.86389e-15
7.78526e-15
7.7074e-15
7.63033e-15
7.55403e-15
7.47849e-15
7.4037e-15
7.32966e-15
7.25637e-15
7.1838e-15
7.11197e-15
7.04085e-15
6.97044e-15
6.90073e-15
6.83173e-15
6.76341e-15
6.69578e-15
6.62882e-15
6.56253e-15
6.4969e-15
6.43193e-15
6.36762e-15
6.30394e-15
6.2409e-15
6.17849e-15
6.11671e-15
6.05554e-15
5.99498e-15
5.93503e-15
5.87568e-15
5.81693e-15
5.75876e-15
5.70117e-15
5.64416e-15
5.58772e-15
5.53184e-15
5.47652e-15
5.42175e-15
5.36754e-15
5.31386e-15
5.26072e-15
5.20812e-15
5.15604e-15
5.10448e-15
5.05343e-15
5.0029e-15
4.95287e-15
4.90334e-15
4.8543e-15
4.80576e-15
4.7577e-15
4.71013e-15
4.66303e-15
4.6164e-15
4.57023e-15
4.52453e-15
4.47928e-15
4.43449e-15
4.39015e-15
4.34624e-15
4.30278e-15
4.25975e-15
4.21716e-15
4.17498e-15
4.13323e-15
4.0919e-15
4.05098e-15
4.01047e-15
3.97037e-15
3.93067e-15
3.89136e-15
3.85245e-15
3.81392e-15
3.77578e-15
3.73802e-15
3.70064e-15
3.66364e-15
3.627e-15
3.59073e-15
3.55482e-15
3.51927e-15
3.48408e-15
3.44924e-15
3.41475e-15
3.3806e-15
3.3468e-15
3.31333e-15
3.28019e-15
3.24739e-15
3.21492e-15
3.18277e-15
3.15094e-15
3.11943e-15
3.08824e-15
3.05736e-15
3.02678e-15
2.99651e-15
2.96655e-15
2.93688e-15
2.90751e-15
2.87844e-15
2.84966e-15
2.82116e-15
2.79295e-15
2.76502e-15
2.73737e-15
2.70999e-15
2.68289e-15
2.65606e-15
2.6295e-15
2.60321e-15
2.57718e-15
2.55141e-15
2.52589e-15
2.50063e-15
2.47563e-15
2.45087e-15
2.42636e-15
2.4021e-15
2.37808e-15
2.3543e-15
2.33075e-15
2.30745e-15
2.28437e-15
2.26153e-15
2.23891e-15
2.21652e-15
2.19436e-15
2.17241e-15
2.15069e-15
2.12918e-15
2.10789e-15
2.08681e-15
2.06594e-15
2.04528e-15
2.02483e-15
2.00458e-15
1.98454e-15
1.96469e-15
1.94505e-15
1.92559e-15
1.90634e-15
1.88728e-15
1.8684e-15
1.84972e-15
1.83122e-15
1.81291e-15
1.79478e-15
1.77683e-15
1.75906e-15
1.74147e-15
1.72406e-15
1.70682e-15
1.68975e-15
1.67285e-15
1.65612e-15
1.63956e-15
1.62317e-15
1.60694e-15
1.59087e-15
1.57496e-15
1.55921e-15
1.54362e-15
1.52818e-15
1.5129e-15
1.49777e-15
1.48279e-15
1.46796e-15
1.45328e-15
1.43875e-15
1.42436e-15
1.41012e-15
1.39602e-15
1.38206e-15
1.36824e-15
1.35456e-15
1.34101e-15
1.3276e-15
1.31432e-15
1.30118e-15
1.28817e-15
1.27529e-15
1.26253e-15
1.24991e-15
1.23741e-15
1.22504e-15
1.21279e-15
1.20066e-15
1.18865e-15
1.17676e-15
1.165e-15
1.15335e-15
1.14181e-15
1.1304e-15
1.11909e-15
1.1079e-15
1.09682e-15
1.08585e-15
1.07499e-15
1.06424e-15
1.0536e-15
1.04307e-15
1.03264e-15
1.02231e-15
1.01209e-15
1.00197e-15
9.91946e-16
9.82026e-16
9.72206e-16
9.62484e-16
9.52859e-16
9.43331e-16
9.33897e-16
9.24558e-16
9.15313e-16
9.0616e-16
8.97098e-16
8.88127e-16
8.79246e-16
8.70453e-16
8.61749e-16
8.53131e-16
8.446e-16
8.36154e-16
8.27792e-16
8.19514e-16
8.11319e-16
8.03206e-16
7.95174e-16
7.87222e-16
7.7935e-16
7.71557e-16
7.63841e-16
7.56203e-16
7.48641e-16
7.41154e-16
7.33743e-16
7.26405e-16
7.19141e-16
7.1195e-16
7.0483e-16
6.97782e-16
6.90804e-16
6.83896e-16
6.77057e-16
6.70287e-16
6.63584e-16
6.56948e-16
6.50378e-16
6.43875e-16
6.37436e-16
6.31062e-16
6.24751e-16
6.18504e-16
6.12318e-16
6.06195e-16
6.00133e-16
5.94132e-16
5.88191e-16
5.82309e-16
5.76486e-16
5.70721e-16
5.65014e-16
5.59364e-16
5.5377e-16
5.48232e-16
5.4275e-16
5.37322e-16
5.31949e-16
5.2663e-16
5.21363e-16
5.1615e-16
5.10988e-16
5.05878e-16
5.0082e-16
4.95811e-16
4.90853e-16
4.85945e-16
4.81085e-16
4.76274e-16
4.71512e-16
4.66797e-16
4.62129e-16
4.57507e-16
4.52932e-16
4.48403e-16
4.43919e-16
4.3948e-16
4.35085e-16
4.30734e-16
4.26427e-16
4.22162e-16
4.17941e-16
4.13761e-16
4.09624e-16
4.05528e-16
4.01472e-16
3.97458e-16
3.93483e-16
3.89548e-16
3.85653e-16
3.81796e-16
3.77978e-16
3.74198e-16
3.70456e-16
3.66752e-16
3.63084e-16
3.59454e-16
3.55859e-16
3.523e-16
3.48777e-16
3.4529e-16
3.41837e-16
3.38418e-16
3.35034e-16
3.31684e-16
3.28367e-16
3.25083e-16
3.21832e-16
3.18614e-16
3.15428e-16
3.12274e-16
3.09151e-16
3.06059e-16
3.02999e-16
2.99969e-16
2.96969e-16
2.93999e-16
2.91059e-16
2.88149e-16
2.85267e-16
2.82415e-16
2.79591e-16
2.76795e-16
2.74027e-16
2.71286e-16
2.68574e-16
2.65888e-16
2.63229e-16
2.60597e-16
2.57991e-16
2.55411e-16
2.52857e-16
2.50328e-16
2.47825e-16
2.45347e-16
2.42893e-16
2.40464e-16
2.3806e-16
2.35679e-16
2.33322e-16
2.30989e-16
2.28679e-16
2.26392e-16
2.24128e-16
2.21887e-16
2.19668e-16
2.17472e-16
2.15297e-16
2.13144e-16
2.11012e-16
2.08902e-16
2.06813e-16
2.04745e-16
2.02698e-16
2.00671e-16
1.98664e-16
1.96677e-16
1.94711e-16
1.92763e-16
1.90836e-16
1.88927e-16
1.87038e-16
1.85168e-16
1.83316e-16
1.81483e-16
1.79668e-16
1.77871e-16
1.76093e-16
1.74332e-16
1.72589e-16
1.70863e-16
1.69154e-16
1.67462e-16
1.65788e-16
1.6413e-16
1.62489e-16
1.60864e-16
1.59255e-16
1.57663e-16
1.56086e-16
1.54525e-16
1.5298e-16
1.5145e-16
1.49936e-16
1.48436e-16
1.46952e-16
1.45482e-16
1.44028e-16
1.42587e-16
1.41161e-16
1.3975e-16
1.38352e-16
1.36969e-16
1.35599e-16
1.34243e-16
1.32901e-16
1.31572e-16
1.30256e-16
1.28953e-16
1.27664e-16
1.26387e-16
1.25123e-16
1.23872e-16
1.22633e-16
1.21407e-16
1.20193e-16
1.18991e-16
1.17801e-16
1.16623e-16
1.15457e-16
1.14302e-16
1.13159e-16
1.12028e-16
1.10907e-16
1.09798e-16
1.087e-16
1.07613e-16
1.06537e-16
1.05472e-16
1.04417e-16
1.03373e-16
1.02339e-16
1.01316e-16
1.00303e-16
9.92996e-17
9.83066e-17
9.73236e-17
9.63503e-17
9.53868e-17
9.4433e-17
9.34886e-17
9.25537e-17
9.16282e-17
9.07119e-17
8.98048e-17
8.89068e-17
8.80177e-17
8.71375e-17
8.62661e-17
8.54035e-17
8.45494e-17
8.37039e-17
8.28669e-17
8.20382e-17
8.12179e-17
8.04057e-17
7.96016e-17
7.88056e-17
7.80175e-17
7.72374e-17
7.6465e-17
7.57003e-17
7.49433e-17
7.41939e-17
7.3452e-17
7.27174e-17
7.19903e-17
7.12704e-17
7.05577e-17
6.98521e-17
6.91536e-17
6.8462e-17
6.77774e-17
6.70996e-17
6.64286e-17
6.57644e-17
6.51067e-17
6.44556e-17
6.38111e-17
6.3173e-17
6.25412e-17
6.19158e-17
6.12967e-17
6.06837e-17
6.00769e-17
5.94761e-17
5.88813e-17
5.82925e-17
5.77096e-17
5.71325e-17
5.65612e-17
5.59956e-17
5.54356e-17
5.48812e-17
5.43324e-17
5.37891e-17
5.32512e-17
5.27187e-17
5.21915e-17
5.16696e-17
5.11529e-17
5.06414e-17
5.0135e-17
4.96336e-17
4.91373e-17
4.86459e-17
4.81595e-17
4.76779e-17
4.72011e-17
4.67291e-17
4.62618e-17
4.57992e-17
4.53412e-17
4.48878e-17
4.44389e-17
4.39945e-17
4.35545e-17
4.3119e-17
4.26878e-17
4.22609e-17
4.18383e-17
4.14199e-17
4.10057e-17
4.05957e-17
4.01897e-17
3.97878e-17
3.939e-17
3.89961e-17
3.86061e-17
3.822e-17
3.78378e-17
3.74594e-17
3.70849e-17
3.6714e-17
3.63469e-17
3.59834e-17
3.56236e-17
3.52673e-17
3.49147e-17
3.45655e-17
3.42199e-17
3.38777e-17
3.35389e-17
3.32035e-17
3.28715e-17
3.25427e-17
3.22173e-17
3.18951e-17
3.15762e-17
3.12604e-17
3.09478e-17
3.06383e-17
3.0332e-17
3.00286e-17
2.97284e-17
2.94311e-17
2.91368e-17
2.88454e-17
2.85569e-17
2.82714e-17
2.79887e-17
2.77088e-17
2.74317e-17
2.71574e-17
2.68858e-17
2.66169e-17
2.63508e-17
2.60873e-17
2.58264e-17
2.55681e-17
2.53124e-17
2.50593e-17
2.48087e-17
2.45606e-17
2.4315e-17
2.40719e-17
2.38312e-17
2.35928e-17
2.33569e-17
2.31234e-17
2.28921e-17
2.26632e-17
2.24366e-17
2.22122e-17
2.19901e-17
2.17702e-17
2.15525e-17
2.13369e-17
2.11236e-17
2.09123e-17
2.07032e-17
2.04962e-17
2.02912e-17
2.00883e-17
1.98874e-17
1.96886e-17
1.94917e-17
1.92968e-17
1.91038e-17
1.89128e-17
1.87236e-17
1.85364e-17
1.8351e-17
1.81675e-17
1.79858e-17
1.7806e-17
1.76279e-17
1.74516e-17
1.72771e-17
1.71043e-17
1.69333e-17
1.6764e-17
1.65963e-17
1.64304e-17
1.62661e-17
1.61034e-17
1.59424e-17
1.57829e-17
1.56251e-17
1.54689e-17
1.53142e-17
1.5161e-17
1.50094e-17
1.48593e-17
1.47107e-17
1.45636e-17
1.4418e-17
1.42738e-17
1.41311e-17
1.39898e-17
1.38499e-17
1.37114e-17
1.35743e-17
1.34385e-17
1.33041e-17
1.31711e-17
1.30394e-17
1.2909e-17
1.27799e-17
1.26521e-17
1.25256e-17
1.24003e-17
1.22763e-17
1.21536e-17
1.2032e-17
1.19117e-17
1.17926e-17
1.16747e-17
1.15579e-17
1.14423e-17
1.13279e-17
1.12146e-17
1.11025e-17
1.09915e-17
1.08815e-17
1.07727e-17
1.0665e-17
1.05583e-17
1.04528e-17
1.03482e-17
1.02448e-17
1.01423e-17
1.00409e-17
9.94047e-18
9.84107e-18
9.74266e-18
9.64523e-18
9.54878e-18
9.45329e-18
9.35876e-18
9.26517e-18
9.17252e-18
9.08079e-18
8.98999e-18
8.90009e-18
8.81109e-18
8.72298e-18
8.63575e-18
8.54939e-18
8.46389e-18
8.37926e-18
8.29546e-18
8.21251e-18
8.13038e-18
8.04908e-18
7.96859e-18
7.8889e-18
7.81001e-18
7.73191e-18
7.6546e-18
7.57805e-18
7.50227e-18
7.42725e-18
7.35297e-18
7.27944e-18
7.20665e-18
7.13458e-18
7.06324e-18
6.99261e-18
6.92268e-18
6.85345e-18
6.78492e-18
6.71707e-18
6.6499e-18
6.5834e-18
6.51756e-18
6.45239e-18
6.38787e-18
6.32399e-18
6.26075e-18
6.19814e-18
6.13616e-18
6.0748e-18
6.01405e-18
5.95391e-18
5.89437e-18
5.83542e-18
5.77707e-18
5.7193e-18
5.66211e-18
5.60549e-18
5.54943e-18
5.49394e-18
5.439e-18
5.38461e-18
5.33076e-18
5.27745e-18
5.22468e-18
5.17243e-18
5.12071e-18
5.0695e-18
5.01881e-18
4.96862e-18
4.91893e-18
4.86974e-18
4.82105e-18
4.77283e-18
4.72511e-18
4.67786e-18
4.63108e-18
4.58477e-18
4.53892e-18
4.49353e-18
4.44859e-18
4.40411e-18
4.36007e-18
4.31647e-18
4.2733e-18
4.23057e-18
4.18826e-18
4.14638e-18
4.10492e-18
4.06387e-18
4.02323e-18
3.983e-18
3.94317e-18
3.90373e-18
3.8647e-18
3.82605e-18
3.78779e-18
3.74991e-18
3.71241e-18
3.67529e-18
3.63854e-18
3.60215e-18
3.56613e-18
3.53047e-18
3.49516e-18
3.46021e-18
3.42561e-18
3.39135e-18
3.35744e-18
3.32386e-18
3.29063e-18
3.25772e-18
3.22514e-18
3.19289e-18
3.16096e-18
3.12935e-18
3.09806e-18
3.06708e-18
3.03641e-18
3.00604e-18
2.97598e-18
2.94622e-18
2.91676e-18
2.88759e-18
2.85872e-18
2.83013e-18
2.80183e-18
2.77381e-18
2.74607e-18
2.71861e-18
2.69143e-18
2.66451e-18
2.63787e-18
2.61149e-18
2.58537e-18
2.55952e-18
2.53392e-18
2.50858e-18
2.4835e-18
2.45866e-18
2.43408e-18
2.40974e-18
2.38564e-18
2.36178e-18
2.33816e-18
2.31478e-18
2.29164e-18
2.26872e-18
2.24603e-18
2.22357e-18
2.20134e-18
2.17932e-18
2.15753e-18
2.13595e-18
2.11459e-18
2.09345e-18
2.07251e-18
2.05179e-18
2.03127e-18
2.01096e-18
1.99085e-18
1.97094e-18
1.95123e-18
1.93172e-18
1.9124e-18
1.89328e-18
1.87434e-18
1.8556e-18
1.83704e-18
1.81867e-18
1.80049e-18
1.78248e-18
1.76466e-18
1.74701e-18
1.72954e-18
1.71225e-18
1.69512e-18
1.67817e-18
1.66139e-18
1.64478e-18
1.62833e-18
1.61205e-18
1.59592e-18
1.57997e-18
1.56417e-18
1.54852e-18
1.53304e-18
1.51771e-18
1.50253e-18
1.48751e-18
1.47263e-18
1.4579e-18
1.44333e-18
1.42889e-18
1.4146e-18
1.40046e-18
1.38645e-18
1.37259e-18
1.35886e-18
1.34527e-18
1.33182e-18
1.3185e-18
1.30532e-18
1.29226e-18
1.27934e-18
1.26655e-18
1.25388e-18
1.24134e-18
1.22893e-18
1.21664e-18
1.20448e-18
1.19243e-18
1.18051e-18
1.1687e-18
1.15701e-18
1.14544e-18
1.13399e-18
1.12265e-18
1.11142e-18
1.10031e-18
1.08931e-18
1.07841e-18
1.06763e-18
1.05695e-18
1.04638e-18
1.03592e-18
1.02556e-18
1.0153e-18
1.00515e-18
9.95099e-19
9.85148e-19
9.75297e-19
9.65544e-19
9.55888e-19
9.4633e-19
9.36866e-19
9.27498e-19
9.18223e-19
9.0904e-19
8.9995e-19
8.90951e-19
8.82041e-19
8.73221e-19
8.64488e-19
8.55844e-19
8.47285e-19
8.38812e-19
8.30424e-19
8.2212e-19
8.13899e-19
8.0576e-19
7.97702e-19
7.89725e-19
7.81828e-19
7.7401e-19
7.6627e-19
7.58607e-19
7.51021e-19
7.43511e-19
7.36075e-19
7.28715e-19
7.21428e-19
7.14213e-19
7.07071e-19
7e-19
6.93e-19
6.8607e-19
6.7921e-19
6.72418e-19
6.65694e-19
6.59037e-19
6.52446e-19
6.45922e-19
6.39463e-19
6.33068e-19
6.26737e-19
6.2047e-19
6.14265e-19
6.08123e-19
6.02041e-19
5.96021e-19
5.90061e-19
5.8416e-19
5.78319e-19
5.72535e-19
5.6681e-19
5.61142e-19
5.5553e-19
5.49975e-19
5.44475e-19
5.39031e-19
5.3364e-19
5.28304e-19
5.23021e-19
5.17791e-19
5.12613e-19
5.07487e-19
5.02412e-19
4.97388e-19
4.92414e-19
4.8749e-19
4.82615e-19
4.77789e-19
4.73011e-19
4.68281e-19
4.63598e-19
4.58962e-19
4.54372e-19
4.49828e-19
4.4533e-19
4.40877e-19
4.36468e-19
4.32103e-19
4.27782e-19
4.23505e-19
4.1927e-19
4.15077e-19
4.10926e-19
4.06817e-19
4.02749e-19
3.98721e-19
3.94734e-19
3.90787e-19
3.86879e-19
3.8301e-19
3.7918e-19
3.75388e-19
3.71634e-19
3.67918e-19
3.64239e-19
3.60596e-19
3.5699e-19
3.5342e-19
3.49886e-19
3.46387e-19
3.42923e-19
3.39494e-19
3.36099e-19
3.32738e-19
3.29411e-19
3.26117e-19
3.22856e-19
3.19627e-19
3.16431e-19
3.13267e-19
3.10134e-19
3.07033e-19
3.03962e-19
3.00923e-19
2.97913e-19
2.94934e-19
2.91985e-19
2.89065e-19
2.86174e-19
2.83313e-19
2.8048e-19
2.77675e-19
2.74898e-19
2.72149e-19
2.69428e-19
2.66733e-19
2.64066e-19
2.61425e-19
2.58811e-19
2.56223e-19
2.53661e-19
2.51124e-19
2.48613e-19
2.46127e-19
2.43665e-19
2.41229e-19
2.38816e-19
2.36428e-19
2.34064e-19
2.31723e-19
2.29406e-19
2.27112e-19
2.24841e-19
2.22593e-19
2.20367e-19
2.18163e-19
2.15981e-19
2.13822e-19
2.11683e-19
2.09566e-19
2.07471e-19
2.05396e-19
2.03342e-19
2.01309e-19
1.99296e-19
1.97303e-19
1.9533e-19
1.93376e-19
1.91443e-19
1.89528e-19
1.87633e-19
1.85757e-19
1.83899e-19
1.8206e-19
1.80239e-19
1.78437e-19
1.76653e-19
1.74886e-19
1.73137e-19
1.71406e-19
1.69692e-19
1.67995e-19
1.66315e-19
1.64652e-19
1.63005e-19
1.61375e-19
1.59761e-19
1.58164e-19
1.56582e-19
1.55016e-19
1.53466e-19
1.51932e-19
1.50412e-19
1.48908e-19
1.47419e-19
1.45945e-19
1.44485e-19
1.43041e-19
1.4161e-19
1.40194e-19
1.38792e-19
1.37404e-19
1.3603e-19
1.3467e-19
1.33323e-19
1.3199e-19
1.3067e-19
1.29363e-19
1.2807e-19
1.26789e-19
1.25521e-19
1.24266e-19
1.23023e-19
1.21793e-19
1.20575e-19
1.19369e-19
1.18176e-19
1.16994e-19
1.15824e-19
1.14666e-19
1.13519e-19
1.12384e-19
1.1126e-19
1.10147e-19
1.09046e-19
1.07956e-19
1.06876e-19
1.05807e-19
1.04749e-19
1.03702e-19
1.02665e-19
1.01638e-19
1.00622e-19
9.96154e-20
9.86192e-20
9.7633e-20
9.66567e-20
9.56901e-20
9.47332e-20
9.37859e-20
9.2848e-20
9.19196e-20
9.10004e-20
9.00904e-20
8.91895e-20
8.82976e-20
8.74146e-20
8.65404e-20
8.5675e-20
8.48183e-20
8.39701e-20
8.31304e-20
8.22991e-20
8.14761e-20
8.06613e-20
7.98547e-20
7.90562e-20
7.82656e-20
7.7483e-20
7.67081e-20
7.59411e-20
7.51816e-20
7.44298e-20
7.36855e-20
7.29487e-20
7.22192e-20
7.1497e-20
7.0782e-20
7.00742e-20
6.93735e-20
6.86797e-20
6.79929e-20
6.7313e-20
6.66399e-20
6.59735e-20
6.53137e-20
6.46606e-20
6.4014e-20
6.33738e-20
6.27401e-20
6.21127e-20
6.14916e-20
6.08767e-20
6.02679e-20
5.96652e-20
5.90686e-20
5.84779e-20
5.78931e-20
5.73142e-20
5.6741e-20
5.61736e-20
5.56119e-20
5.50558e-20
5.45052e-20
5.39602e-20
5.34206e-20
5.28864e-20
5.23575e-20
5.18339e-20
5.13156e-20
5.08024e-20
5.02944e-20
4.97915e-20
4.92935e-20
4.88006e-20
4.83126e-20
4.78295e-20
4.73512e-20
4.68777e-20
4.64089e-20
4.59448e-20
4.54854e-20
4.50305e-20
4.45802e-20
4.41344e-20
4.3693e-20
4.32561e-20
4.28236e-20
4.23953e-20
4.19714e-20
4.15517e-20
4.11361e-20
4.07248e-20
4.03175e-20
3.99144e-20
3.95152e-20
3.91201e-20
3.87289e-20
3.83416e-20
3.79582e-20
3.75786e-20
3.72028e-20
3.68308e-20
3.64625e-20
3.60978e-20
3.57369e-20
3.53795e-20
3.50257e-20
3.46754e-20
3.43287e-20
3.39854e-20
3.36455e-20
3.33091e-20
3.2976e-20
3.26462e-20
3.23198e-20
3.19966e-20
3.16766e-20
3.13598e-20
3.10462e-20
3.07358e-20
3.04284e-20
3.01241e-20
2.98229e-20
2.95247e-20
2.92294e-20
2.89371e-20
2.86478e-20
2.83613e-20
2.80777e-20
