0
0
1.31653
1.31653
1.31653
1.31653
1.31653
1.31653
1.31653
1.31653
1.1744
1.1744
1.1744
1.1744
1.1744
1.1744
1.1744
1.1744
1.1744
1.1744
1.1744
1.1744
1.1744
1.1744
1.1744
1.1744
1.1744
1.1744
1.1744
1.1744
1.1744
1.1744
1.1744
1.1744
1.1744
1.1744
1.1744
1.1744
1.1744
1.1744
1.1744
1.1744
1.1744
1.1744
1.1744
1.1744
1.1744
1.29823
1.29823
1.29823
1.35404
1.35404
1.35404
1.35404
1.35404
1.35404
1.35404
1.32688
1.32688
1.32688
1.28744
1.28744
1.26979
1.26979
1.21927
1.21927
1.21927
1.32022
1.54025
1.54025
1.32333
1.34464
1.28292
1.34502
1.34502
1.37446
1.37446
1.37446
1.37446
1.37446
1.31376
1.27779
1.34732
1.34732
1.34909
1.34632
1.34506
1.34744
1.37881
1.35771
1.31797
1.37534
1.37534
1.37534
1.37534
1.39545
1.35231
1.35111
1.35111
1.42186
1.35162
1.34698
1.34698
1.34698
1.29932
1.44593
1.3244
1.3504
1.34314
1.44749
1.44238
1.44534
1.44534
1.43433
1.41258
1.41258
1.48033
1.46389
1.40124
1.49847
1.53712
1.48588
1.33895
1.35794
1.38913
1.44552
1.44552
1.46975
1.37758
1.42998
1.43934
1.48096
1.48096
1.42931
1.42931
1.40469
1.3643
1.44429
1.49031
1.42238
1.42144
1.41988
1.44926
1.44926
1.44926
1.44926
1.23322
1.36403
1.46901
1.41885
1.44613
1.43701
1.41622
1.41622
1.17652
1.47747
1.4716
1.49373
1.49373
1.4699
1.46881
1.51111
1.4482
1.48541
1.50989
1.39956
1.49038
1.49038
1.29616
1.44919
1.44919
1.44919
1.48547
1.51274
1.51274
1.45902
1.47751
1.47616
1.52916
1.4472
1.4852
1.44754
1.44754
1.44754
1.50049
1.51561
1.53189
1.48805
1.48805
1.49291
1.47773
1.49894
1.49894
1.32695
1.5226
1.5226
1.5226
1.5226
1.5226
1.44933
1.58653
1.53505
1.53505
2.08609
1.46675
1.46675
1.46675
1.45924
1.55437
1.55437
1.53046
1.55778
1.55778
1.50401
1.51482
1.50852
1.50852
1.50852
1.54604
1.53629
1.52175
1.52175
1.48623
1.5025
1.45325
1.12416
1.50614
1.50614
1.5161
1.5212
1.5212
1.5541
1.53098
1.53137
1.57996
1.57996
1.57996
1.46076
1.48869
1.48869
1.48869
1.57671
1.57671
1.58415
1.59873
1.59873
1.57353
1.57353
1.57353
1.45721
1.57903
1.57903
1.14143
1.55561
1.58392
1.58392
1.52187
1.52187
1.52548
1.55408
1.55408
1.58227
1.56912
1.489
1.53813
1.53675
1.53675
1.53174
1.54405
1.54405
1.54405
1.54405
1.50371
1.53165
1.53165
1.54382
1.50341
1.53959
1.57322
1.5856
1.42052
1.5457
1.55385
1.55385
1.54016
1.54016
1.54016
1.56599
1.49746
1.49851
1.49851
1.49851
1.53854
1.56074
1.49287
1.49287
1.53878
1.53878
1.53878
1.52359
1.51595
1.6615
1.6615
1.48907
1.45891
1.53128
1.52217
1.5198
1.55584
1.64636
1.51249
1.47026
1.52259
1.52259
1.50714
1.54104
1.54104
1.54104
1.51926
1.51926
1.51551
1.51551
1.35418
1.53875
1.53875
1.60433
1.51829
1.54906
1.54906
1.54906
1.51026
1.51026
1.51544
1.51544
1.51544
1.46916
1.46916
1.46916
1.20147
1.55818
1.52058
1.50295
1.50532
1.49514
1.49514
1.48248
1.48444
1.48845
1.48845
1.62925
1.48768
1.48266
1.48375
1.56708
1.56708
1.4709
1.42514
1.37132
1.45187
1.45187
1.46271
1.46703
1.45679
1.45679
1.50263
1.46885
1.46885
1.46885
1.51123
1.03571
1.03571
1.03571
1.03571
1.39663
1.5299
1.5299
1.51172
1.44724
1.39489
1.40095
1.40694
1.44703
1.4416
1.4419
1.4419
1.43099
1.37769
1.38222
1.40053
1.43331
1.48367
1.48367
1.4186
1.34434
1.34434
1.47051
1.38838
1.15073
1.36395
1.40127
1.3971
1.40127
1.36198
1.36198
1.34963
1.34963
1.38129
1.29389
1.29389
1.38867
1.33938
1.36074
1.32212
1.32212
1.29782
1.28532
1.28532
1.28532
1.31919
1.31919
1.35388
1.34516
1.31337
1.2608
1.33224
1.29944
1.35528
1.31926
1.31811
1.30283
1.28555
1.29842
1.34269
1.34269
1.24477
1.32474
1.32164
1.32164
1.27183
1.22501
1.28842
1.28842
0.870549
1.20252
1.20252
1.20252
1.30781
1.30781
1.30781
1.30781
1.29678
1.34917
1.34917
1.34917
1.25717
1.30991
1.28608
1.28608
1.28608
1.25028
1.27594
1.27878
1.27878
1.19202
1.23446
1.17584
1.26683
1.16581
1.22088
1.22651
1.22651
1.14937
1.21337
1.15779
0.877609
1.20659
1.15913
1.15913
1.15976
1.17223
1.17223
1.20289
1.25684
1.25684
1.24414
1.20492
1.14978
1.15754
1.15754
1.15754
1.23897
1.18967
1.18967
1.17336
1.17336
1.17336
1.11742
1.16581
1.16581
1.16944
1.09839
1.20169
1.07147
1.21141
0.713468
1.15695
1.15695
1.15695
1.19283
1.10798
1.10798
1.10798
1.03707
1.03707
1.03707
1.13507
1.07476
1.1368
0.626759
1.17301
1.17301
1.04904
1.04904
1.04904
1.11557
1.1693
1.10888
1.10888
1.10493
1.18448
0.790801
1.13951
1.10503
-0.0974913
1.08529
1.17978
1.17978
1.13881
1.13881
1.13881
1.17339
1.30678
1.08455
0.919266
1.16903
1.10161
0.626013
0.829193
1.10105
1.10105
1.10009
1.10009
1.05055
1.02304
1.02304
1.07658
1.07658
0.958256
0.979581
1.00118
1.03706
0.963264
1.04078
1.01685
1.06342
1.02116
1.05648
1.0066
0.925597
1.00312
1.02243
1.06905
1.05746
1.05746
1.06034
0.60222
1.05639
1.00737
1.00737
0.941967
1.10804
1.10804
1.06257
1.00624
1.00624
1.02282
0.982169
0.982169
0.965187
0.914593
0.972556
0.57914
0.983192
1.02876
0.958128
0.952836
0.952836
0.875381
1.00922
1.00922
0.996297
0.988448
0.988448
0.943566
0.943566
0.972401
0.972401
0.943566
0.943566
0.990433
0.944889
0.944889
1.03406
0.934932
0.934932
0.977631
0.977631
0.977631
0.896191
0.897668
0.919532
0.866458
0.866458
0.903159
0.975988
0.962126
0.904207
0.904207
0.942518
0.979107
0.979107
0.841968
0.841968
0.83918
0.919978
0.988796
1.02487
-0.0432591
0.92612
0.948144
0.921374
0.869615
0.869615
0.948183
0.897528
0.897528
0.851398
0.851398
0.737867
0.834594
0.834594
0.882333
0.916553
0.916553
0.9268
1.0341
1.0341
0.874366
0.728918
0.728918
0.717885
0.890607
0.799328
0.71336
0.903769
0.787275
-0.039413
0.78784
0.78784
0.789944
0.81715
0.779974
0.779974
0.908938
0.908938
0.859194
0.773444
0.461869
0.679466
0.31305
0.935338
0.851763
0.757785
0.766174
0.759357
0.766174
0.766174
0.805562
0.851415
0.74531
0.745217
0.869307
0.865998
0.844139
0.864653
0.789011
0.306418
0.866801
0.866801
0.775593
0.847502
0.847502
0.807304
0.807304
0.766114
0.843234
0.838219
0.745372
0.737765
0.737765
0.761419
0.689309
0.689309
0.689309
0.841196
0.841196
0.9059
0.674417
0.674417
0.762449
0.750986
0.610854
0.610854
0.561985
0.655788
0.635939
0.655788
0.655788
0.655788
0.711102
0.720547
0.720547
0.800422
0.821247
0.630477
0.633781
0.4136
0.665487
0.63766
0.61069
0.645541
0.755204
0.755204
0.755204
0.655867
0.734933
0.658508
0.649935
0.649935
0.648184
0.649935
0.642047
0.5992
0.609258
0.735143
0.729889
0.787913
0.728611
0.726394
0.750808
0.600319
0.687093
0.761749
0.529068
0.585732
0.58017
0.360473
0.677414
0.677414
0.677414
0.608417
0.661459
0.661459
0.655083
0.718283
0.718283
0.718283
0.631376
0.392908
-0.091885
0.610293
0.636919
0.688454
0.688454
0.683518
0.704325
0.679708
0.679708
0.561213
0.561213
0.561213
0.556759
0.65354
0.642744
0.642744
0.886047
0.0112366
0.690849
0.0260328
0.70297
0.600691
0.600691
0.57949
0.57949
0.393795
0.59049
0.59049
0.525315
0.607921
0.00169726
0.336412
0.336412
0.481196
0.585157
0.585157
0.602077
0.301826
0.301826
0.531092
0.66201
0.66201
0.501521
0.501521
0.628525
0.628525
0.670751
0.596262
0.596262
0.438227
0.714382
0.517537
0.596928
0.595459
0.583404
0.578704
0.565406
0.464689
0.219366
0.635268
0.555169
0.325297
0.269928
0.506914
0.506914
0.661887
0.561787
0.561787
0.561707
0.558596
0.558596
0.545915
0.542816
0.290383
0.290383
0.503841
0.584573
0.489053
0.280145
0.0340725
0.0340725
0.548058
0.548058
0.548058
0.502421
0.545049
0.545049
0.593047
0.543264
0.543264
0.589805
0.589805
0.592119
0.495488
0.486391
0.486391
0.486391
0.488864
0.328112
0.493843
-0.202713
0.603273
0.655107
0.655107
0.388467
0.351367
0.351367
0.373164
0.344211
0.344211
0.323727
0.344211
0.344211
0.114417
0.439192
0.439192
0.51637
0.47384
0.277846
0.277846
0.549379
0.549379
0.549379
0.547115
0.493476
0.493476
0.36651
0.36651
0.381082
0.381082
0.508265
0.49052
0.49052
0.343783
0.151001
0.10435
0.10435
0.377134
0.164672
0.164672
0.0638665
0.366342
0.350256
0.334417
0.47571
0.338368
-0.0287235
0.349222
0.402374
0.402374
0.436309
0.446764
0.446764
0.305044
0.403644
0.403644
0.280042
0.280042
0.497209
0.497209
0.409775
0.39515
-0.0040184
0.403541
0.403541
0.403541
0.4599
0.372207
0.372207
0.400563
0.266872
0.266872
0.36824
0.491543
0.491543
0.466773
0.181904
0.40201
0.46728
0.498257
0.438914
0.304414
0.265084
0.265084
-0.034842
0.257432
0.257432
0.35579
0.24534
0.355723
0.375044
0.452439
0.447779
0.389697
0.324764
0.508423
0.508423
0.526089
0.473397
0.513284
0.457183
0.369933
0.227292
0.342804
0.163231
0.432047
0.422441
0.451596
0.41366
0.0910097
0.351459
0.0846252
-0.0331413
0.160021
-0.180933
-0.180933
-0.180933
-0.180933
-0.180933
0.202021
0.238755
0.238755
0.298991
0.183107
0.263748
-0.162134
0.334561
0.620588
0.620588
0.620588
0.325855
0.407533
0.407533
0.296226
0.33722
0.400869
-0.0347038
0.192455
0.277301
0.277301
0.317731
0.3271
0.317731
0.275585
0.259502
0.259502
0.385105
0.385105
0.261433
-0.122714
0.0512928
0.378784
0.378546
0.326372
0.429504
0.384447
0.267467
0.267467
0.160859
0.437993
0.437993
0.371287
0.28457
0.28457
0.28457
0.28457
0.363472
0.273866
0.274171
0.270023
0.274171
0.274171
0.274171
0.298585
0.260141
0.28178
0.259317
0.367779
0.367779
0.367779
0.148117
0.148117
0.148117
0.295072
0.295072
0.158082
0.143617
0.290035
-0.0202307
-0.0689925
0.262791
0.336379
0.322549
0.423486
0.269132
0.105283
-0.0344219
0.292977
0.137173
0.40242
0.40242
0.349086
0.349086
0.349086
0.349086
0.234198
0.234198
0.224489
-0.153322
0.269094
0.27111
0.358789
0.224009
0.341285
0.341285
-0.0756156
0.28822
0.28822
0.265426
0.428446
0.428446
0.400152
0.400152
0.367505
0.263706
0.281959
0.281959
0.281959
0.281959
0.0583764
0.0583764
0.23663
0.23663
0.33424
0.257387
0.257387
0.33424
0.322632
0.387198
-0.0510953
0.322632
0.378638
0.360516
0.225995
0.225995
0.225995
0.30256
0.217648
0.217648
-0.182915
0.0934186
0.0583764
0.135769
0.135769
0.49169
0.479631
0.336979
0.263197
0.263197
0.454804
0.403224
0.220733
0.464195
0.246045
0.246045
-0.033724
0.246045
0.246045
0.0090569
0.235403
0.235403
0.276521
0.321019
0.321019
0.321019
0.398479
0.242828
0.242828
0.326068
0.326068
0.326068
-0.0977924
0.228137
0.235432
0.235432
0.281647
0.228137
-0.116538
0.217669
0.228137
-0.0323581
0.151755
0.177448
0.177448
0.177448
0.332174
0.332174
0.503898
-0.033581
0.36805
0.253205
0.253205
0.253205
0.253205
0.238989
0.238989
-0.148013
-0.110099
0.232888
0.232888
-0.0330321
-0.0592486
0.171913
0.234338
-0.104776
0.201399
0.153089
0.201399
0.212584
0.212584
0.231167
0.312501
0.312501
0.320458
0.00646299
0.318859
0.257876
0.361294
-0.078518
-0.078518
0.193101
0.297447
0.297447
0.290404
0.224602
0.224602
-0.095178
0.0140543
0.198081
0.165645
0.285746
0.0786431
0.165645
0.198081
0.285746
0.180156
0.180156
0.180156
0.231705
0.231705
-0.122826
0.290758
-0.142011
0.168316
0.168316
0.166188
-0.0819891
-0.0819891
0.166188
0.166188
0.166188
0.125056
-0.127408
0.273984
-0.0575524
0.179913
0.273984
0.273984
0.179913
0.179913
0.179913
-0.168848
-0.0816024
-0.0816024
0.270041
0.268381
0.268381
0.225755
0.225755
-0.0256745
0.0459599
0.0482267
-0.106653
0.25466
0.139957
0.142521
0.142521
0.43496
0.255012
0.25466
-0.175453
0.163135
0.241306
-0.123548
0.198897
0.197024
0.247696
0.247696
0.537829
0.445035
0.445035
-0.164401
0.0461827
0.0461827
0.0325882
0.0325882
0.0325882
-0.035605
0.118555
0.0901341
0.0998712
-0.0830463
-0.0792341
-0.0792341
-0.098445
0.0884949
-0.0490674
0.0884949
0.0884949
0.122223
-0.0254541
-0.00139632
0.00110792
-0.0193974
0.0812872
0.233654
0.17298
0.108339
0.108339
-0.189988
0.234406
0.234406
0.361323
0.236751
0.236751
0.105396
-0.00874781
-0.115314
-0.00928137
-0.11392
0.207488
-0.138293
0.207488
0.207488
0.0951869
0.207488
0.125759
0.215097
0.215097
-0.127106
-0.155015
0.197339
-0.178067
-0.0136095
-0.0136095
-0.00513851
-0.00513851
-0.00513851
-0.0136095
-0.0136095
-0.0752374
0.0715041
0.0715041
-0.0895074
-0.0895074
0.062684
0.294051
0.191224
0.191224
0.191224
0.122597
-0.00927137
-0.00927137
0.189454
0.189454
0.189454
-0.0051656
0.0944477
0.0944477
0.0944477
0.0206757
-0.0847281
-0.103953
-0.116803
0.166857
-0.210701
0.17325
0.0407978
0.0407978
0.0407978
0.256691
0.165427
0.240204
0.181308
0.163781
0.238466
0.2556
0.167126
-0.0176245
-0.0176245
0.167126
0.167126
0.254773
0.18119
0.18119
0.0756762
0.0756762
0.0756762
0.0756762
0.167126
0.167126
0.167126
0.167126
0.167126
0.167126
0.295706
0.0756762
0.0756762
-0.073842
0.0756762
0.0756762
-0.0238067
0.164782
0.164782
0.0334343
0.251116
0.251116
0.157124
0.157124
0.171437
0.189229
0.0138867
0.163759
-0.0854705
0.0347093
0.0347093
0.0204093
0.0246431
-0.0139195
-0.0147747
-0.0174084
-0.0293005
-0.0147747
0.0705146
0.0705146
-0.031055
-0.031055
-0.031055
-0.031055
-0.155639
-0.155639
0.183692
0.103937
0.229046
0.129207
0.129207
-0.185589
0.229046
0.229046
0.262632
0.179253
-0.066843
-0.066843
0.22188
-0.0223121
0.0932891
-0.238184
0.0259234
0.0259234
0.0259234
0.0313786
-0.0590791
-0.101681
0.0325103
0.0555503
0.0837542
0.00107057
0.0170667
0.0926248
-0.00318528
0.0170667
0.0170667
0.0952266
0.0952266
-0.0346581
-0.0346581
0.1627
0.161678
0.161678
0.0381443
0.0312409
0.0312409
0.0135958
0.17039
0.0243742
-0.0683629
-0.0788073
-0.0788073
0.00188363
-0.00837694
-0.00837694
-0.168645
0.181639
0.181639
0.181639
0.0234029
0.0234029
0.181639
0.181639
0.181639
0.0714061
0.0714061
-0.150586
-0.0994417
0.0166601
0.0019239
-0.134344
