3.4551
3.45197
3.45237
3.45118
3.45131
3.44847
3.44617
3.4462
3.44606
3.44353
3.44455
3.44
3.44321
3.44223
3.44147
3.44072
3.43965
3.43872
3.43873
3.43677
3.43521
3.43561
3.43561
3.43391
3.43551
3.43405
3.43259
3.43435
3.43266
3.42919
3.43466
3.43122
3.42947
3.42781
3.42798
3.42818
3.42645
3.42652
3.42466
3.42314
3.42295
3.42491
3.4214
3.4214
3.42157
3.42166
3.41801
3.41819
3.41819
3.41819
3.41638
3.41468
3.41502
3.41307
3.41091
3.41303
3.41335
3.40923
3.41128
3.40719
3.40752
3.40785
3.40591
3.40805
3.40581
3.40183
3.40215
3.40005
3.39999
3.40002
3.39814
3.40074
3.39612
3.3962
3.3921
3.39238
3.39234
3.39208
3.39023
3.39064
3.38354
3.38851
3.38381
3.38148
3.38424
3.38212
3.38462
3.37967
3.37757
3.37517
3.37547
3.37576
3.37321
3.37348
3.37134
3.36869
3.36619
3.36651
3.36684
3.3643
3.36192
3.36472
3.35968
3.35982
3.36047
3.35789
3.35789
3.35246
3.35566
3.35316
3.3589
3.34794
3.34794
3.33986
3.34266
3.34883
3.34321
3.338
3.338
3.338
3.33557
3.33916
3.33348
3.33062
3.32774
3.32815
3.32856
3.32521
3.32586
3.32057
3.32081
3.321
3.31414
3.31803
3.30934
3.31267
3.30916
3.30937
3.30312
3.30746
3.30472
3.30167
3.2985
3.29868
3.29507
3.29306
3.29037
3.29703
3.28684
3.28408
3.28459
3.27773
3.27407
3.28207
3.27923
3.27339
3.26522
3.26523
3.25909
3.26369
3.25969
3.26029
3.26084
3.25789
3.25874
3.2473
3.25182
3.24043
3.24914
3.23402
3.24228
3.24222
3.23534
3.23253
3.23722
3.22551
3.22525
3.22591
3.22345
3.21589
3.22383
3.21564
3.21355
3.20583
3.20131
3.20202
3.19453
3.19955
3.19234
3.18809
3.18848
3.18887
3.18162
3.17797
3.18242
3.17435
3.17145
3.1722
3.16778
3.15922
3.16002
3.16197
3.15329
3.14957
3.15462
3.14196
3.14283
3.13943
3.13949
3.12657
3.12709
3.12313
3.12408
3.11091
3.12204
3.11232
3.10531
3.10942
3.09914
3.10646
3.09249
3.09443
3.08943
3.09059
3.08189
3.07423
3.07426
3.06874
3.06987
3.06005
3.06214
3.05899
3.0434
3.04886
3.04457
3.03669
3.04304
3.03311
3.02503
3.02521
3.02091
3.01069
3.0174
3.0027
3.00938
3.00616
2.99583
2.99112
2.98668
2.98792
2.98468
2.97411
2.97037
2.96543
2.96111
2.95606
2.95863
2.94322
2.94455
2.94615
2.93512
2.93056
2.92814
2.9171
2.92322
2.92328
2.91419
2.91159
2.90706
2.90245
2.89739
2.89223
2.88829
2.87708
2.8726
2.86862
2.85242
2.86027
2.85551
2.85712
2.83528
2.83546
2.83145
2.82688
2.82382
2.81705
2.80663
2.80986
2.806
2.79968
2.79439
2.78463
2.78065
2.77539
2.76899
2.75836
2.75601
2.75294
2.74065
2.74086
2.74283
2.7321
2.72665
2.722
2.71793
2.70055
2.70913
2.69183
2.7013
2.68972
2.68327
2.68529
2.66928
2.66363
2.65818
2.63841
2.65025
2.63824
2.63347
2.63554
2.62271
2.61709
2.62209
2.603
2.59026
2.58632
2.58128
2.57158
2.5643
2.5614
2.55535
2.55779
2.55066
2.53962
2.54395
2.52436
2.51935
2.51352
2.51589
2.49933
2.49963
2.494
2.48879
2.47213
2.46609
2.47607
2.46349
2.45757
2.46212
2.44019
2.43548
2.42674
2.41802
2.41535
2.41132
2.39786
2.39032
2.38665
2.37612
2.37899
2.36643
2.35913
2.35008
2.34494
2.34654
2.34674
2.32759
2.33274
2.31347
2.30522
2.29913
2.2886
2.28503
2.28511
2.28004
2.2687
2.26262
2.25088
2.24481
2.23199
2.22592
2.21405
2.21687
2.21472
2.19916
2.19579
2.1799
2.17758
2.16984
2.17179
2.16789
2.14825
2.15138
2.14514
2.13183
2.13371
2.12221
2.11432
2.09707
2.10563
2.08571
2.08645
2.07433
2.06991
2.06151
2.04996
2.05293
2.05322
2.03357
2.02712
2.03169
2.01526
2.01503
1.99882
2.0026
1.97787
1.974
1.9664
1.97021
1.95533
1.95836
1.94787
1.93198
1.93416
1.91884
1.9235
1.90371
1.91206
1.8976
1.87724
1.88928
1.881
1.86627
1.86962
1.84773
1.8514
1.84305
1.84823
1.83512
1.81695
1.82063
1.80858
1.80249
1.80249
1.79101
1.77742
1.77742
1.77588
1.75757
1.76819
1.7392
1.73306
1.74353
1.72698
1.71318
1.71552
1.71895
1.70524
1.68888
1.69187
1.68415
1.67702
1.67248
1.65748
1.65766
1.65141
1.63078
1.63945
1.61707
1.61941
1.6133
1.60569
1.59799
1.59116
1.58801
1.58191
1.58193
1.57586
1.57029
1.55491
1.55519
1.55521
1.54499
1.53675
1.52816
1.52846
1.5224
1.51716
1.50168
1.50356
1.49564
1.48097
1.47462
1.48381
1.4768
1.46888
1.45495
1.44811
1.45695
1.4421
1.4421
1.42131
1.43018
1.40572
1.41531
1.40152
1.39104
1.38408
1.38851
1.37979
1.36421
1.36421
1.359
1.35206
1.35298
1.34402
1.33737
1.3304
1.3304
1.31535
1.32763
1.30751
1.29184
1.30356
1.30151
1.29514
1.28466
1.26826
1.27248
1.27526
1.27526
1.26625
1.24866
1.24866
1.24867
1.24168
1.2329
1.22234
1.22234
1.21544
1.20841
1.21299
1.21299
1.20392
1.19316
1.18439
1.18624
1.18624
1.1704
1.15977
1.15977
1.16039
1.15349
1.1446
1.13875
1.13746
1.13058
1.13951
1.12067
1.10414
1.12356
1.1147
1.1147
1.10395
1.08767
1.08767
1.08769
1.08769
1.08769
1.08063
1.07174
1.068
1.05167
1.05167
1.05167
1.05168
1.05168
1.04277
1.03569
1.02491
1.02491
1.01553
1.01553
1.00593
1.00593
1.00401
1.00661
1.00661
0.99503
0.99503
0.983032
0.983698
0.982941
0.962681
0.964627
0.964657
0.964657
0.953707
0.944241
0.937167
0.937167
0.937167
0.937188
0.926957
0.937188
0.916047
0.921992
0.921992
0.911833
0.911746
0.911746
0.90792
0.888213
0.878456
0.876434
0.895713
0.867311
0.874452
0.874452
0.872185
0.870207
0.870207
0.870207
0.848851
0.848851
0.848851
0.839241
0.839241
0.846405
0.846405
0.844325
0.836102
0.82228
0.829593
0.819992
0.817995
0.807565
0.817995
0.807565
0.803692
0.794008
0.803158
0.808514
0.807665
0.798058
0.786955
0.778233
0.765392
0.792865
0.769299
0.770257
0.770257
0.770257
0.750109
0.765936
0.761735
0.754873
0.75675
0.754873
0.750736
0.74029
0.754182
0.747122
0.747122
0.736648
0.736648
0.739743
0.72924
0.737912
0.728546
0.735921
0.735921
0.726995
0.717204
0.721483
0.726279
0.708466
0.715793
0.723082
0.709496
0.717059
0.701328
0.707972
0.69559
0.69559
0.693077
0.687301
0.704563
0.694766
0.694912
0.695114
0.6834
0.680399
0.680399
0.685236
0.664736
0.672133
0.665084
0.673826
0.674884
0.661755
0.659231
0.671642
0.660926
0.668438
0.648852
0.657168
0.66196
0.657667
0.638863
0.653108
0.648891
0.654279
0.643627
0.640266
0.641038
0.629426
0.642645
0.627892
0.629027
0.629454
0.62526
0.621121
0.622434
0.628767
0.630008
0.620643
0.615915
0.603323
0.607388
0.612607
0.596928
0.603208
0.599561
0.60799
0.608494
0.604329
0.598409
0.595598
0.588901
0.596065
0.583862
0.591971
0.593508
0.593369
0.591983
0.575178
0.578441
0.565717
0.569436
0.577021
0.561435
0.574055
0.581109
0.573614
0.582997
0.573663
0.573414
0.576229
0.561689
0.568458
0.58932
0.576887
0.572553
0.568845
0.56216
0.575285
0.567399
0.56926
0.568421
0.563831
0.567105
0.565695
0.566538
0.558264
0.560392
0.560663
0.575779
0.548366
0.571245
0.578419
0.555963
0.560738
0.571457
0.554458
0.569768
0.563595
0.567776
0.565471
0.554567
0.560758
0.566142
0.573353
0.562238
0.568203
0.570614
0.556237
0.559182
0.568835
0.565044
0.560945
0.55122
0.556211
0.571361
0.556735
0.562616
0.556801
0.55859
0.565821
0.564091
0.570456
0.550602
0.571175
0.552329
0.565277
0.555995
0.545533
0.57362
0.557688
0.561363
0.559367
0.559367
0.562001
0.549454
0.554527
0.553178
0.555033
0.55636
0.563637
0.552439
0.555393
0.561305
0.553717
0.560628
0.566032
0.558265
0.548469
0.541645
0.558716
0.568398
0.553801
0.553067
0.55542
0.550329
0.557271
0.545315
0.550469
0.553338
0.551585
0.552679
0.552679
0.558149
0.550807
0.552528
0.555646
0.545666
0.561359
0.542177
0.55894
0.543757
0.543757
0.551049
0.533622
0.547702
0.5388
0.5388
0.5388
0.5388
0.55151
0.540718
0.546008
0.546008
0.546008
0.551543
0.547566
0.541697
0.541777
0.54763
0.54763
0.54641
0.551939
0.550985
0.548429
0.548429
0.553957
0.531764
0.552242
0.544144
0.542689
0.548787
0.56081
0.537936
0.537936
0.537936
0.561381
0.561381
0.529128
0.540866
0.545748
0.544288
0.544302
0.544302
0.546851
0.537843
0.537843
0.548273
0.548273
0.547921
0.541728
0.541728
0.540551
0.532701
0.540761
0.548118
0.548118
0.548118
0.548118
0.548118
0.532625
0.525288
0.525288
0.525288
0.532996
0.543422
0.543422
0.538453
0.540809
0.541391
0.549805
0.543181
0.524595
0.549625
0.551765
0.551765
0.551765
0.525743
0.556831
