0
0
0
0
0
0.825831
0.834191
0.834191
0.834191
0.834191
0.834191
0.834191
0.834191
0.834191
0.834191
0.834191
0.834191
0.834191
0.836084
0.836084
0.809041
0.809041
0.793391
0.782483
0.782483
0.782483
0.780095
0.783276
0.788206
0.791797
0.795632
0.800349
0.803443
0.803443
0.809119
0.810047
0.809256
0.809256
0.804388
0.793599
0.788602
0.788602
0.788602
0.766461
0.75746
0.744468
0.744468
0.726999
0.726999
0.726999
0.726999
0.726999
0.726999
0.726999
0.726999
0.726999
0.712992
0.712992
0.712992
0.712992
0.712992
0.698545
0.698545
0.698545
0.675926
0.675926
0.675926
0.675926
0.675926
0.640319
0.640319
0.640319
0.640319
0.640319
0.640319
0.61619
0.612763
0.612763
0.612763
0.612763
0.612763
0.612763
0.612763
0.612763
0.612763
0.581926
0.581926
0.571342
0.571342
0.571342
0.571342
0.571342
0.571342
0.571342
0.571342
0.571342
0.571342
0.571342
0.571342
0.571342
0.571342
0.571342
0.571342
0.487875
0.487875
0.487875
0.487875
0.468973
0.464328
0.461819
0.453151
0.448478
0.448478
0.448478
0.430938
0.417627
0.412804
0.412804
0.394047
0.386278
0.375459
0.375459
0.35678
0.35678
0.342377
0.335713
0.328737
0.328737
0.328737
0.328737
0.328737
0.328737
0.328737
0.328737
0.328737
0.266669
0.261483
0.254446
0.254446
0.235329
0.235329
0.235329
0.235329
0.235329
0.182419
0.182419
0.182419
0.182419
0.182419
0.182419
0.182419
0.182419
-0.0502677
-0.0502677
-0.0502677
-0.0502677
-0.0502677
-0.0502677
-0.0502677
-0.0502677
-0.0502677
-0.14409
-0.14409
-0.14409
-0.16368
-0.16368
-0.16368
-0.16368
-0.16368
-0.16368
-0.16368
-0.16368
-0.216645
-0.216645
-0.216645
-0.216645
-0.216645
-0.216645
-0.216645
-0.216645
-0.216645
-0.216645
-0.219236
-0.219236
-0.219236
-0.219236
-0.219236
-0.219236
-0.193634
-0.193634
-0.193634
-0.193634
-0.193634
-0.193634
-0.193634
-0.175896
-0.178636
-0.178636
-0.178636
-0.178636
-0.178636
-0.178636
-0.178636
-0.178636
-0.178636
-0.140946
-0.135707
-0.135707
-0.12246
-0.12246
-0.0904773
-0.0904773
-0.0690204
-0.0690204
0.00266388
0.0368282
0.0368282
0.0368282
0.0368282
0.0368282
0.0368282
0.0368282
0.0368282
0.104274
0.104274
0.104274
0.104274
0.104274
0.104274
0.126808
0.126808
0.126808
0.126808
0.134119
0.134119
0.134119
0.135348
0.135348
0.135348
0.135348
0.135348
0.135348
0.135348
0.0977214
0.0977214
0.0977214
0.0977214
0.0692222
0.0692222
0.018812
0.018812
0.018812
-0.0651387
-0.0651387
-0.104201
-0.104201
-0.104201
-0.126714
-0.126714
-0.126714
-0.126714
-0.152428
-0.152428
-0.164541
-0.164541
-0.164541
-0.176704
-0.176704
-0.180208
-0.180208
-0.180208
-0.182349
-0.182349
-0.182699
-0.182699
-0.179605
-0.179605
-0.177821
-0.177821
-0.177821
-0.177821
-0.173213
-0.173213
-0.171697
-0.170866
-0.165422
-0.165422
-0.165422
-0.165422
-0.155246
-0.155246
-0.155246
-0.155246
-0.155246
-0.155246
-0.155246
-0.155246
-0.0915648
-0.0915648
-0.0915648
-0.0915648
-0.0200158
-0.0200158
-0.0200158
-0.0200158
0.122784
0.122784
0.122784
0.122784
0.141357
0.151861
0.151861
0.151861
0.151861
0.172589
0.172589
0.172589
0.178394
0.178394
0.178394
0.183896
0.183896
0.183896
0.186696
0.186696
0.186696
0.186696
0.186696
0.186696
0.186696
0.186696
0.186696
0.176337
0.176337
0.176337
0.176337
0.176337
0.162849
0.162849
0.162849
0.162849
0.162849
0.162849
0.162849
0.162849
0.162849
0.0783348
0.0783348
0.0508074
0.0431148
0.0431148
0.0431148
0.0431148
-0.0981017
-0.0981017
-0.0981017
-0.0981017
-0.0981017
-0.0981017
-0.146421
-0.157963
-0.157963
-0.169003
-0.169003
-0.169003
-0.169003
-0.169003
-0.169003
-0.169003
-0.19033
-0.192473
-0.192101
-0.192101
-0.195324
-0.19411
-0.194619
-0.194619
-0.193937
-0.193937
-0.193937
-0.18725
-0.18725
-0.18725
-0.182372
-0.182372
-0.172992
-0.172992
-0.172992
-0.159361
-0.159361
-0.150862
-0.150862
-0.150862
-0.122354
-0.10855
-0.10855
-0.071845
-0.071845
-0.071845
-0.071845
0.0622198
0.0622198
0.0622198
0.0991661
0.0991661
0.118102
0.139077
0.139077
0.162683
0.156372
0.156372
0.156372
0.156372
0.156372
0.156372
0.156372
0.17667
0.17667
0.17667
0.179669
0.179669
0.178639
0.178639
0.178639
0.178639
0.178639
0.178639
0.167456
0.167456
0.167456
0.167456
0.167456
0.167456
0.167456
0.167456
0.167456
0.167456
0.167456
0.167456
0.167456
0.167456
0.167456
0.167456
0.167456
0.167456
0.167456
0.167456
0.167456
0.167456
0.167456
0.167456
0.167456
0.167456
-0.154246
-0.154246
-0.154246
-0.181654
-0.181654
-0.181654
-0.192588
-0.192588
-0.192588
-0.192588
-0.192588
-0.213232
-0.215383
-0.215383
-0.215383
-0.22389
-0.22389
-0.22389
-0.22389
-0.22389
-0.231271
-0.231398
-0.229775
-0.229775
-0.229775
-0.222917
-0.222917
-0.215919
-0.215919
-0.215919
-0.20617
-0.20617
-0.196273
-0.196273
-0.196273
-0.187464
-0.187464
-0.1798
-0.1798
-0.156269
-0.156269
-0.156269
-0.140898
-0.140898
-0.140898
-0.140898
-0.140898
0.0467039
0.0467039
0.0987463
0.0987463
0.0987463
0.137695
0.137695
0.137695
0.137695
0.157848
0.166644
0.166644
0.166644
0.188202
0.188202
0.188202
0.188202
0.188202
0.188202
0.188202
0.188202
0.188202
0.188202
0.199925
0.198244
0.190036
0.190036
0.18952
0.18952
0.18952
0.180732
0.180732
0.170944
0.170944
0.170944
0.170944
0.147346
0.147346
0.147346
0.147346
0.147346
0.147346
0.147346
0.0637902
0.0637902
0.0637902
0.0637902
-0.091389
-0.091389
-0.091389
-0.091389
-0.091389
-0.091389
-0.091389
-0.091389
-0.091389
-0.091389
-0.183792
-0.183792
-0.183792
-0.183792
-0.193575
-0.193575
-0.193575
-0.193575
-0.198902
-0.198902
-0.198902
-0.198902
-0.198902
-0.198902
-0.198902
-0.198902
-0.198902
-0.198902
-0.198902
-0.198902
-0.186918
-0.186918
-0.186918
-0.186918
-0.186918
-0.162706
-0.151887
-0.143691
-0.134524
-0.134524
-0.134524
-0.134524
-0.10832
-0.10832
-0.021617
0.0570885
0.0482649
0.07645
0.07645
0.110424
0.110424
0.14178
0.14178
0.14178
0.160685
0.169734
0.169687
0.169687
0.178123
0.178123
0.192397
0.192397
0.196946
0.196946
0.196946
0.196946
0.196946
0.196946
0.196946
0.190802
0.190802
0.190802
0.190802
0.182655
0.184491
0.184491
0.184491
0.184491
0.172762
0.172762
0.161456
0.161456
0.161456
0.138796
0.138796
0.138796
0.138796
0.138796
0.138796
0.138796
0.0478341
0.0478341
0.0478341
-0.042755
-0.069651
-0.069651
-0.069651
-0.069651
-0.069651
-0.069651
-0.069651
-0.163036
