0
0
0
0.000502287
0.000502287
0.00130399
0.00130399
0.00130399
0.00382831
0.00382831
0.00382831
0.00783246
0.00950815
0.00950815
0.00950815
0.0155168
0.0155168
0.0155168
0.0229417
0.0229417
0.0229417
0.0313755
0.0313755
0.0376192
0.0376192
0.0376192
0.0376192
0.0376192
0.0555553
0.0555553
0.0635941
0.0676792
0.0676792
0.0676792
0.0808642
0.0808642
0.0808642
0.0946116
0.0946116
0.0946116
0.0946116
0.0946116
0.0946116
0.0946116
0.0946116
0.13465
0.13465
0.13465
0.13465
0.13465
0.13465
0.166942
0.166942
0.177514
0.177514
0.177514
0.177514
0.177514
0.177514
0.207704
0.207704
0.217215
0.222381
0.226343
0.226343
0.226343
0.226343
0.243554
0.243554
0.252272
0.252272
0.259861
0.259861
0.259861
0.259861
0.259861
0.259861
0.271145
0.27174
0.27174
0.27174
0.27174
0.27174
0.270291
0.269234
0.269169
0.269169
0.269169
0.269169
0.269169
0.269169
0.269169
0.238737
0.238737
0.224961
0.216879
0.216879
0.216879
0.183086
0.167023
0.153635
0.132992
0.122281
0.122281
0.122281
-0.0729975
-0.117341
-0.145886
-0.178683
-0.194474
-0.211911
-0.226376
-0.236039
-0.236039
-0.236039
-0.263984
-0.263984
-0.277478
-0.274778
-0.278524
-0.276832
-0.27024
-0.27024
-0.268687
-0.267799
-0.27019
-0.27019
-0.24893
-0.242856
-0.233117
-0.233117
-0.233117
-0.233117
-0.233117
-0.208272
-0.194487
-0.172982
-0.172982
-0.136526
-0.127076
-0.0934885
-0.100034
-0.0957689
-0.080896
-0.080896
-0.0563263
-0.046499
0.0210928
-0.0500271
-0.0703604
-0.0801612
-0.0641834
-0.0401986
-0.0401986
-0.051354
-0.0594265
-0.0594265
0.0480272
0.0480272
-0.0367235
-0.0519942
-0.0792795
-0.108703
-0.132565
-0.0866117
-0.0597163
-0.0962629
-0.0962629
-0.117601
-0.131699
-0.138163
-0.145672
-0.140768
-0.14157
-0.132885
-0.129508
-0.125155
-0.131327
-0.121839
-0.110618
-0.101416
-0.112049
-0.108508
-0.101369
-0.0994273
-0.0994273
-0.0994273
-0.0994273
-0.0810592
-0.0810592
-0.0669361
-0.0664954
-0.0545385
-0.0465289
-0.0469005
-0.0469005
-0.032247
-0.0245822
-0.0232633
-0.0232633
-0.0165226
-0.0276784
-0.0284109
-0.0284109
-0.0352181
-0.0464254
-0.0521832
-0.0521832
-0.0262315
-0.0500113
-0.0486074
-0.025012
-0.0508193
-0.0454251
-0.0377828
-0.0402286
-0.0567541
-0.045851
-0.0306666
-0.0533331
-0.0485587
-0.0353365
-0.0570899
-0.0552878
-0.0491864
-0.0482411
-0.0507999
-0.0497229
-0.047005
-0.047005
-0.0411016
-0.0438682
-0.0414682
-0.0428701
-0.0428701
-0.0428701
-0.0428701
-0.0346703
-0.0437381
-0.0424529
-0.0477889
-0.0477889
-0.0289721
-0.0294636
-0.0375862
-0.0327509
-0.028413
-0.0163392
-0.0163392
-0.0161216
-0.0286798
-0.0288481
-0.0280281
-0.0260395
-0.025211
-0.0101631
-0.0101631
-0.0101631
-0.0271838
-0.0236292
-0.0221471
-0.0199525
-0.0181203
-0.0171433
-0.00730772
-0.0152776
-0.0217538
-0.0123697
-0.0202368
-0.0354038
-0.0169045
-0.0217447
-0.0217447
-0.0237214
-0.00986731
-0.00818812
-0.0194621
-0.00932447
-0.0156766
-0.0295938
-0.0265505
-0.0256073
-0.0270047
-0.0279821
-0.0267998
-0.0268384
-0.016147
-0.0182267
-0.0151744
-0.0167845
-0.0201124
-0.0263205
-0.0208915
-0.0214284
-0.0194458
-0.018739
-0.0192392
-0.0185299
-0.0171963
-0.0171963
-0.0158228
-0.0100439
-0.0137081
-0.0206351
-0.00313277
-0.0123021
-0.016861
-0.023189
-0.0167694
-0.0124983
-0.0122095
-0.0110992
-0.00989563
-0.0130546
-0.0152774
-0.0119891
-0.00297284
-0.00329312
-0.00729807
-0.0106148
-0.0104222
-0.015229
-0.00499751
-0.0100802
-0.0182896
-0.0144256
-0.0123022
-0.0189784
-0.0142548
-0.0118179
-0.0115749
-0.0116505
-0.0107992
-0.0123021
-0.0144626
-0.0118526
-0.00243217
-0.00119404
-0.00356751
-0.00356751
-0.00784102
-0.00734453
-0.00512812
0.00186389
-0.0113089
-0.0109505
-0.00481191
-0.00471671
-0.00886987
-0.0114835
-0.0114448
-0.0114563
-0.00546446
-0.00546446
-0.00445634
-0.00383917
-0.00364035
-0.00351844
-0.00331124
-0.00279773
-0.00575997
-0.00575997
-0.00575997
-0.0030366
-0.00250402
-0.00204861
-0.0061168
-0.00373696
-0.0079247
-0.00754067
-0.00728361
-0.00697025
-0.00214037
-0.00195186
-0.00717242
-0.00679113
0.00152458
0.00134279
-0.0040761
0.0053273
-0.00467802
-0.00445918
-0.00704579
-0.00699611
-0.00662068
-0.00554186
-0.00270055
-0.00736558
-0.00450591
-0.00705758
-0.00685902
-0.00647962
-0.0100605
-0.0100605
-0.0100605
-0.00437482
0.000972428
-0.000897246
-0.000449546
-0.000353801
-0.000337124
-0.000206913
0.00265243
