-2.75309e-09
-2.72556e-09
-2.6983e-09
-2.67132e-09
-2.64461e-09
-2.61816e-09
-2.59198e-09
-2.56606e-09
-2.5404e-09
-2.51499e-09
-2.48984e-09
-2.46495e-09
-2.4403e-09
-2.41589e-09
-2.39173e-09
-2.36782e-09
-2.34414e-09
-2.3207e-09
-2.29749e-09
-2.27452e-09
-2.25177e-09
-2.22925e-09
-2.20696e-09
-2.18489e-09
-2.16304e-09
-2.14141e-09
-2.12e-09
-2.0988e-09
-2.07781e-09
-2.05703e-09
-2.03646e-09
-2.0161e-09
-1.99594e-09
-1.97598e-09
-1.95622e-09
-1.93665e-09
-1.91729e-09
-1.89811e-09
-1.87913e-09
-1.86034e-09
-1.84174e-09
-1.82332e-09
-1.80509e-09
-1.78704e-09
-1.76917e-09
-1.75148e-09
-1.73396e-09
-1.71662e-09
-1.69945e-09
-1.68246e-09
-1.66564e-09
-1.64898e-09
-1.63249e-09
-1.61616e-09
-1.6e-09
-1.584e-09
-1.56816e-09
-1.55248e-09
-1.53696e-09
-1.52159e-09
-1.50637e-09
-1.49131e-09
-1.47639e-09
-1.46163e-09
-1.44701e-09
-1.43254e-09
-1.41822e-09
-1.40404e-09
-1.39e-09
-1.3761e-09
-1.36233e-09
-1.34871e-09
-1.33522e-09
-1.32187e-09
-1.30865e-09
-1.29557e-09
-1.28261e-09
-1.26979e-09
-1.25709e-09
-1.24452e-09
-1.23207e-09
-1.21975e-09
-1.20755e-09
-1.19548e-09
-1.18352e-09
-1.17169e-09
-1.15997e-09
-1.14837e-09
-1.13689e-09
-1.12552e-09
-1.11426e-09
-1.10312e-09
-1.09209e-09
-1.08117e-09
-1.07036e-09
-1.05965e-09
-1.04906e-09
-1.03857e-09
-1.02818e-09
-1.0179e-09
-1.00772e-09
-9.97643e-10
-9.87666e-10
-9.7779e-10
-9.68012e-10
-9.58332e-10
-9.48748e-10
-9.39261e-10
-9.29868e-10
-9.20569e-10
-9.11364e-10
-9.0225e-10
-8.93228e-10
-8.84295e-10
-8.75452e-10
-8.66698e-10
-8.58031e-10
-8.49451e-10
-8.40956e-10
-8.32547e-10
-8.24221e-10
-8.15979e-10
-8.07819e-10
-7.99741e-10
-7.91743e-10
-7.83826e-10
-7.75988e-10
-7.68228e-10
-7.60546e-10
-7.5294e-10
-7.45411e-10
-7.37957e-10
-7.30577e-10
-7.23271e-10
-7.16039e-10
-7.08878e-10
-7.01789e-10
-6.94771e-10
-6.87824e-10
-6.80946e-10
-6.74136e-10
-6.67395e-10
-6.60721e-10
-6.54114e-10
-6.47572e-10
-6.41097e-10
-6.34686e-10
-6.28339e-10
-6.22055e-10
-6.15835e-10
-6.09677e-10
-6.0358e-10
-5.97544e-10
-5.91569e-10
-5.85653e-10
-5.79796e-10
-5.73998e-10
-5.68258e-10
-5.62576e-10
-5.5695e-10
-5.5138e-10
-5.45867e-10
-5.40408e-10
-5.35004e-10
-5.29654e-10
-5.24357e-10
-5.19114e-10
-5.13923e-10
-5.08783e-10
-5.03696e-10
-4.98659e-10
-4.93672e-10
-4.88735e-10
-4.83848e-10
-4.79009e-10
-4.74219e-10
-4.69477e-10
-4.64782e-10
-4.60135e-10
-4.55533e-10
-4.50978e-10
-4.46468e-10
-4.42003e-10
-4.37583e-10
-4.33208e-10
-4.28876e-10
-4.24587e-10
-4.20341e-10
-4.16137e-10
-4.11976e-10
-4.07856e-10
-4.03778e-10
-3.9974e-10
-3.95743e-10
-3.91785e-10
-3.87867e-10
-3.83989e-10
-3.80149e-10
-3.76347e-10
-3.72584e-10
-3.68858e-10
-3.65169e-10
-3.61518e-10
-3.57903e-10
-3.54324e-10
-3.5078e-10
-3.47273e-10
-3.438e-10
-3.40362e-10
-3.36958e-10
-3.33589e-10
-3.30253e-10
-3.2695e-10
-3.23681e-10
-3.20444e-10
-3.17239e-10
-3.14067e-10
-3.10926e-10
-3.07817e-10
-3.04739e-10
-3.01692e-10
-2.98675e-10
-2.95688e-10
-2.92731e-10
-2.89804e-10
-2.86906e-10
-2.84037e-10
-2.81196e-10
-2.78384e-10
-2.756e-10
-2.72844e-10
-2.70116e-10
-2.67415e-10
-2.64741e-10
-2.62093e-10
-2.59472e-10
-2.56878e-10
-2.54309e-10
-2.51766e-10
-2.49248e-10
-2.46756e-10
-2.44288e-10
-2.41845e-10
-2.39427e-10
-2.37032e-10
-2.34662e-10
-2.32315e-10
-2.29992e-10
-2.27692e-10
-2.25415e-10
-2.23161e-10
-2.2093e-10
-2.1872e-10
-2.16533e-10
-2.14368e-10
-2.12224e-10
-2.10102e-10
-2.08001e-10
-2.05921e-10
-2.03862e-10
-2.01823e-10
-1.99805e-10
-1.97807e-10
-1.95829e-10
-1.9387e-10
-1.91932e-10
-1.90012e-10
-1.88112e-10
-1.86231e-10
-1.84369e-10
-1.82525e-10
-1.807e-10
-1.78893e-10
-1.77104e-10
-1.75333e-10
-1.7358e-10
-1.71844e-10
-1.70125e-10
-1.68424e-10
-1.6674e-10
-1.65072e-10
-1.63422e-10
-1.61788e-10
-1.6017e-10
-1.58568e-10
-1.56982e-10
-1.55412e-10
-1.53858e-10
-1.5232e-10
-1.50797e-10
-1.49289e-10
-1.47796e-10
-1.46318e-10
-1.44855e-10
-1.43406e-10
-1.41972e-10
-1.40552e-10
-1.39147e-10
-1.37755e-10
-1.36378e-10
-1.35014e-10
-1.33664e-10
-1.32327e-10
-1.31004e-10
-1.29694e-10
-1.28397e-10
-1.27113e-10
-1.25842e-10
-1.24583e-10
-1.23338e-10
-1.22104e-10
-1.20883e-10
-1.19674e-10
-1.18478e-10
-1.17293e-10
-1.1612e-10
-1.14959e-10
-1.13809e-10
-1.12671e-10
-1.11544e-10
-1.10429e-10
-1.09325e-10
-1.08231e-10
-1.07149e-10
-1.06077e-10
-1.05017e-10
-1.03967e-10
-1.02927e-10
-1.01898e-10
-1.00879e-10
-9.98698e-11
-9.88711e-11
-9.78824e-11
-9.69036e-11
-9.59346e-11
-9.49752e-11
-9.40255e-11
-9.30852e-11
-9.21544e-11
-9.12328e-11
-9.03205e-11
-8.94173e-11
-8.85231e-11
-8.76379e-11
-8.67615e-11
-8.58939e-11
-8.5035e-11
-8.41846e-11
-8.33428e-11
-8.25093e-11
-8.16842e-11
-8.08674e-11
-8.00587e-11
-7.92581e-11
-7.84656e-11
-7.76809e-11
-7.69041e-11
-7.6135e-11
-7.53737e-11
-7.462e-11
-7.38738e-11
-7.3135e-11
-7.24037e-11
-7.16796e-11
-7.09628e-11
-7.02532e-11
-6.95507e-11
-6.88552e-11
-6.81666e-11
-6.7485e-11
-6.68101e-11
-6.6142e-11
-6.54806e-11
-6.48258e-11
-6.41775e-11
-6.35357e-11
-6.29004e-11
-6.22714e-11
-6.16487e-11
-6.10322e-11
-6.04218e-11
-5.98176e-11
-5.92195e-11
-5.86273e-11
-5.8041e-11
-5.74606e-11
-5.6886e-11
-5.63171e-11
-5.57539e-11
-5.51964e-11
-5.46444e-11
-5.4098e-11
-5.3557e-11
-5.30214e-11
-5.24912e-11
-5.19663e-11
-5.14466e-11
-5.09322e-11
-5.04229e-11
-4.99186e-11
-4.94194e-11
-4.89252e-11
-4.8436e-11
-4.79516e-11
-4.74721e-11
-4.69974e-11
-4.65274e-11
-4.60622e-11
-4.56015e-11
-4.51455e-11
-4.46941e-11
-4.42471e-11
-4.38046e-11
-4.33666e-11
-4.29329e-11
-4.25036e-11
-4.20786e-11
-4.16578e-11
-4.12412e-11
-4.08288e-11
-4.04205e-11
-4.00163e-11
-3.96161e-11
-3.922e-11
-3.88278e-11
-3.84395e-11
-3.80551e-11
-3.76746e-11
-3.72978e-11
-3.69248e-11
-3.65556e-11
-3.619e-11
-3.58281e-11
-3.54698e-11
-3.51151e-11
-3.4764e-11
-3.44164e-11
-3.40722e-11
-3.37315e-11
-3.33942e-11
-3.30602e-11
-3.27296e-11
-3.24023e-11
-3.20783e-11
-3.17575e-11
-3.14399e-11
-3.11255e-11
-3.08143e-11
-3.05061e-11
-3.02011e-11
-2.98991e-11
-2.96001e-11
-2.93041e-11
-2.9011e-11
-2.87209e-11
-2.84337e-11
-2.81494e-11
-2.78679e-11
-2.75892e-11
-2.73133e-11
-2.70402e-11
-2.67698e-11
-2.65021e-11
-2.62371e-11
-2.59747e-11
-2.57149e-11
-2.54578e-11
-2.52032e-11
-2.49512e-11
-2.47017e-11
-2.44547e-11
-2.42101e-11
-2.3968e-11
-2.37283e-11
-2.3491e-11
-2.32561e-11
-2.30236e-11
-2.27933e-11
-2.25654e-11
-2.23397e-11
-2.21164e-11
-2.18952e-11
-2.16762e-11
-2.14595e-11
-2.12449e-11
-2.10324e-11
-2.08221e-11
-2.06139e-11
-2.04077e-11
-2.02037e-11
-2.00016e-11
-1.98016e-11
-1.96036e-11
-1.94076e-11
-1.92135e-11
-1.90214e-11
-1.88311e-11
-1.86428e-11
-1.84564e-11
-1.82718e-11
-1.80891e-11
-1.79082e-11
-1.77291e-11
-1.75519e-11
-1.73763e-11
-1.72026e-11
-1.70305e-11
-1.68602e-11
-1.66916e-11
-1.65247e-11
-1.63595e-11
-1.61959e-11
-1.60339e-11
-1.58736e-11
-1.57148e-11
-1.55577e-11
-1.54021e-11
-1.52481e-11
-1.50956e-11
-1.49447e-11
-1.47952e-11
-1.46473e-11
-1.45008e-11
-1.43558e-11
-1.42122e-11
-1.40701e-11
-1.39294e-11
-1.37901e-11
-1.36522e-11
-1.35157e-11
-1.33805e-11
-1.32467e-11
-1.31143e-11
-1.29831e-11
-1.28533e-11
-1.27247e-11
-1.25975e-11
-1.24715e-11
-1.23468e-11
-1.22233e-11
-1.21011e-11
-1.19801e-11
-1.18603e-11
-1.17417e-11
-1.16243e-11
-1.1508e-11
-1.1393e-11
-1.1279e-11
-1.11662e-11
-1.10546e-11
-1.0944e-11
-1.08346e-11
-1.07262e-11
-1.0619e-11
-1.05128e-11
-1.04077e-11
-1.03036e-11
-1.02005e-11
-1.00985e-11
-9.99756e-12
-9.89758e-12
-9.7986e-12
-9.70062e-12
-9.60361e-12
-9.50758e-12
-9.4125e-12
-9.31838e-12
-9.22519e-12
-9.13294e-12
-9.04161e-12
-8.95119e-12
-8.86168e-12
-8.77306e-12
-8.68533e-12
-8.59848e-12
-8.5125e-12
-8.42737e-12
-8.3431e-12
-8.25967e-12
-8.17707e-12
-8.0953e-12
-8.01435e-12
-7.9342e-12
-7.85486e-12
-7.77631e-12
-7.69855e-12
-7.62156e-12
-7.54535e-12
-7.4699e-12
-7.3952e-12
-7.32124e-12
-7.24803e-12
-7.17555e-12
-7.1038e-12
-7.03276e-12
-6.96243e-12
-6.89281e-12
-6.82388e-12
-6.75564e-12
-6.68808e-12
-6.6212e-12
-6.55499e-12
-6.48944e-12
-6.42455e-12
-6.3603e-12
-6.2967e-12
-6.23373e-12
-6.17139e-12
-6.10968e-12
-6.04858e-12
-5.9881e-12
-5.92822e-12
-5.86893e-12
-5.81024e-12
-5.75214e-12
-5.69462e-12
-5.63767e-12
-5.5813e-12
-5.52548e-12
-5.47023e-12
-5.41553e-12
-5.36137e-12
-5.30776e-12
-5.25468e-12
-5.20213e-12
-5.15011e-12
-5.09861e-12
-5.04762e-12
-4.99715e-12
-4.94718e-12
-4.89771e-12
-4.84873e-12
-4.80024e-12
-4.75224e-12
-4.70472e-12
-4.65767e-12
-4.61109e-12
-4.56498e-12
-4.51933e-12
-4.47414e-12
-4.4294e-12
-4.3851e-12
-4.34125e-12
-4.29784e-12
-4.25486e-12
-4.21231e-12
-4.17019e-12
-4.12849e-12
-4.0872e-12
-4.04633e-12
-4.00587e-12
-3.96581e-12
-3.92615e-12
-3.88689e-12
-3.84802e-12
-3.80954e-12
-3.77145e-12
-3.73373e-12
-3.69639e-12
-3.65943e-12
-3.62284e-12
-3.58661e-12
-3.55074e-12
-3.51523e-12
-3.48008e-12
-3.44528e-12
-3.41083e-12
-3.37672e-12
-3.34295e-12
-3.30952e-12
-3.27643e-12
-3.24366e-12
-3.21123e-12
-3.17911e-12
-3.14732e-12
-3.11585e-12
-3.08469e-12
-3.05384e-12
-3.02331e-12
-2.99307e-12
-2.96314e-12
-2.93351e-12
-2.90418e-12
-2.87513e-12
-2.84638e-12
-2.81792e-12
-2.78974e-12
-2.76184e-12
-2.73422e-12
-2.70688e-12
-2.67981e-12
-2.65301e-12
-2.62648e-12
-2.60022e-12
-2.57422e-12
-2.54847e-12
-2.52299e-12
-2.49776e-12
-2.47278e-12
-2.44805e-12
-2.42357e-12
-2.39934e-12
-2.37534e-12
-2.35159e-12
-2.32808e-12
-2.30479e-12
-2.28175e-12
-2.25893e-12
-2.23634e-12
-2.21398e-12
-2.19184e-12
-2.16992e-12
-2.14822e-12
-2.12674e-12
-2.10547e-12
-2.08441e-12
-2.06357e-12
-2.04294e-12
-2.02251e-12
-2.00228e-12
-1.98226e-12
-1.96243e-12
-1.94281e-12
-1.92338e-12
-1.90415e-12
-1.88511e-12
-1.86626e-12
-1.84759e-12
-1.82912e-12
-1.81083e-12
-1.79272e-12
-1.77479e-12
-1.75704e-12
-1.73947e-12
-1.72208e-12
-1.70486e-12
-1.68781e-12
-1.67093e-12
-1.65422e-12
-1.63768e-12
-1.6213e-12
-1.60509e-12
-1.58904e-12
-1.57315e-12
-1.55742e-12
-1.54184e-12
-1.52642e-12
-1.51116e-12
-1.49605e-12
-1.48109e-12
-1.46628e-12
-1.45161e-12
-1.4371e-12
-1.42273e-12
-1.4085e-12
-1.39441e-12
-1.38047e-12
-1.36667e-12
-1.353e-12
-1.33947e-12
-1.32607e-12
-1.31281e-12
-1.29969e-12
-1.28669e-12
-1.27382e-12
-1.26108e-12
-1.24847e-12
-1.23599e-12
-1.22363e-12
-1.21139e-12
-1.19928e-12
-1.18729e-12
-1.17541e-12
-1.16366e-12
-1.15202e-12
-1.1405e-12
-1.1291e-12
-1.11781e-12
-1.10663e-12
-1.09556e-12
-1.08461e-12
-1.07376e-12
-1.06302e-12
-1.05239e-12
-1.04187e-12
-1.03145e-12
-1.02113e-12
-1.01092e-12
-1.00081e-12
-9.90806e-13
-9.80898e-13
-9.71089e-13
-9.61378e-13
-9.51764e-13
-9.42247e-13
-9.32824e-13
-9.23496e-13
-9.14261e-13
-9.05119e-13
-8.96067e-13
-8.87107e-13
-8.78236e-13
-8.69453e-13
-8.60759e-13
-8.52151e-13
-8.4363e-13
-8.35193e-13
-8.26841e-13
-8.18573e-13
-8.10387e-13
-8.02283e-13
-7.94261e-13
-7.86318e-13
-7.78455e-13
-7.7067e-13
-7.62964e-13
-7.55334e-13
-7.47781e-13
-7.40303e-13
-7.329e-13
-7.25571e-13
-7.18315e-13
-7.11132e-13
-7.04021e-13
-6.9698e-13
-6.90011e-13
-6.8311e-13
-6.76279e-13
-6.69517e-13
-6.62821e-13
-6.56193e-13
-6.49631e-13
-6.43135e-13
-6.36704e-13
-6.30337e-13
-6.24033e-13
-6.17793e-13
-6.11615e-13
-6.05499e-13
-5.99444e-13
-5.93449e-13
-5.87515e-13
-5.8164e-13
-5.75823e-13
-5.70065e-13
-5.64364e-13
-5.58721e-13
-5.53133e-13
-5.47602e-13
-5.42126e-13
-5.36705e-13
-5.31338e-13
-5.26024e-13
-5.20764e-13
-5.15557e-13
-5.10401e-13
-5.05297e-13
-5.00244e-13
-4.95242e-13
-4.90289e-13
-4.85386e-13
-4.80532e-13
-4.75727e-13
-4.7097e-13
-4.6626e-13
-4.61597e-13
-4.56981e-13
-4.52412e-13
-4.47888e-13
-4.43409e-13
-4.38975e-13
-4.34585e-13
-4.30239e-13
-4.25937e-13
-4.21677e-13
-4.1746e-13
-4.13286e-13
-4.09153e-13
-4.05061e-13
-4.01011e-13
