0.840826
0.834643
0.842924
0.834966
0.843077
0.842437
0.843012
0.844905
0.839694
0.847346
0.844883
0.839351
0.847348
0.851543
0.853218
0.851046
0.846826
0.840127
0.840674
0.848005
0.854311
0.841534
0.841543
0.84844
0.853678
0.848686
0.843087
0.848954
0.856038
0.855668
0.849228
0.838094
0.844595
0.850258
0.850293
0.848933
0.844738
0.857297
0.839911
0.845276
0.845309
0.851751
0.851635
0.851645
0.851885
0.862756
0.85169
0.852767
0.851937
0.851947
0.857364
0.852785
0.842122
0.857924
0.85353
0.857864
0.84759
0.857849
0.852707
0.853634
0.862571
0.853957
0.858712
0.854212
0.848748
0.849671
0.85868
0.854358
0.853793
0.854583
0.84955
0.854912
0.854248
0.863342
0.854779
0.855984
0.855044
0.855015
0.858746
0.850322
0.854715
0.854677
0.854985
0.850245
0.847498
0.858517
0.855565
0.847204
0.858966
0.854959
0.855017
0.85528
0.859498
0.859159
0.854547
0.858484
0.854714
0.854775
0.854748
0.850703
0.854093
0.856927
0.849956
0.856736
0.857126
0.853554
0.853565
0.852283
0.850411
0.852624
0.854185
0.852599
0.852923
0.848554
0.851479
0.859612
0.846396
0.851696
0.851707
0.851928
0.848261
0.852352
0.856489
0.853502
0.850596
0.850676
0.850968
0.847649
0.853519
0.852075
0.847439
0.852397
0.845943
0.849677
0.850048
0.8494
0.845897
0.850474
0.844934
0.844475
0.849284
0.847811
0.844544
0.84769
0.846077
0.846632
0.84463
0.846886
0.846285
0.844254
0.844358
0.843618
0.843559
0.844791
0.843786
0.842364
0.841106
0.839913
0.839208
0.841442
0.839559
0.838634
0.840015
0.837991
0.840411
0.836866
0.837762
0.834718
0.837683
0.833861
0.835957
0.836435
0.834585
0.834093
0.83519
0.832673
0.831647
0.832537
0.833435
0.82974
0.83229
0.829207
0.829939
0.827017
0.827284
0.826133
0.824901
0.825986
0.822851
0.823124
0.823284
0.823503
0.821748
0.819694
0.822156
0.820142
0.819206
0.818601
0.818301
0.816743
0.814243
0.814487
0.811063
0.811903
0.813783
0.809322
0.809679
0.808567
0.809602
0.804815
0.806655
0.80482
0.80526
0.800156
0.804561
0.802554
0.79733
0.801214
0.797707
0.803388
0.796113
0.796778
0.793385
0.795319
0.791602
0.787857
0.788369
0.788716
0.790465
0.786643
0.787352
0.78375
0.781553
0.784845
0.782068
0.780348
0.783293
0.780063
0.777737
0.778309
0.77489
0.771529
0.775427
0.768208
0.772185
0.770338
0.766875
0.768047
0.763237
0.763766
0.76101
0.757959
0.759087
0.759259
0.755932
0.75564
0.756473
0.748694
0.750445
0.751499
0.747002
0.740499
0.745151
0.740659
0.746719
0.746753
0.737551
0.739168
0.74665
0.741394
0.732091
0.733433
0.735274
0.730921
0.726938
0.728936
0.72002
0.725406
0.719279
0.721676
0.712739
0.714333
0.716593
0.710507
0.706902
0.708218
0.703666
0.704716
0.707179
0.700131
0.704199
0.693315
0.695523
0.6977
0.690815
0.686438
0.691286
0.685252
0.680084
0.681788
0.68089
0.676142
0.678523
0.6737
0.676802
0.666087
0.672683
0.662338
0.660471
0.665926
0.657586
0.660754
0.648137
0.653023
0.655576
0.644304
0.644098
0.649151
0.641429
0.64121
0.635947
0.63837
0.631985
0.628793
0.625131
0.630052
0.623841
0.629081
0.621574
0.616675
0.617445
0.618294
0.611973
0.608989
0.610381
0.607265
0.599843
0.602578
0.602047
0.592568
0.594523
0.597433
0.589736
0.577312
0.581514
0.589033
0.573377
0.579433
0.58214
0.577236
0.571564
0.567512
0.569365
0.564234
0.569012
0.562052
0.555354
0.5555
0.541527
0.542508
0.528047
0.543099
0.539086
0.532668
0.542599
0.546151
0.532671
0.534301
0.522298
0.524684
0.527551
0.50985
0.517312
0.513666
0.509285
0.506302
0.509333
0.50417
0.507207
0.492145
0.495314
0.490077
0.48905
0.483661
0.493075
0.47186
0.478846
0.469556
0.4839
0.476899
0.482735
0.468448
0.465328
0.470599
0.452995
0.467503
0.462502
0.453066
0.439524
0.453182
0.438816
0.434769
0.429502
0.449774
0.440029
0.435002
0.435871
0.44036
0.423848
0.429305
0.415915
0.423682
0.404617
0.41051
0.413658
0.409674
0.384808
0.406614
0.407795
0.40175
0.405261
0.385381
0.396197
0.381604
0.375446
0.393983
0.377217
0.391202
0.382521
0.36814
0.378481
0.371329
0.3675
0.363638
0.368317
0.366442
0.359362
0.376447
0.355357
0.353507
0.351607
0.344331
0.349665
0.349686
0.344678
0.326211
0.326233
0.324021
0.316238
0.342098
0.315312
0.318713
0.318499
0.324085
0.308882
0.319119
0.320229
0.306981
0.310228
0.286191
0.302255
0.310746
0.301499
0.29341
0.301069
0.298782
0.284597
0.299371
0.265922
0.281803
0.285048
0.263086
0.281216
0.282283
0.26505
0.268423
0.270513
0.271791
0.267813
0.261889
0.259764
0.261855
0.247702
0.260156
0.253285
0.253211
0.256467
0.244527
0.24252
0.258489
0.245886
0.230594
0.236152
0.246892
0.249995
0.239309
0.224588
0.225464
0.240639
0.230779
0.228529
0.214685
0.22995
0.210936
0.220028
0.199427
0.20763
0.214663
0.211568
0.204973
0.199244
0.199268
0.187202
0.194193
0.19662
0.183045
0.19095
0.198096
0.198119
0.187874
0.177237
0.165881
0.160303
0.189907
0.169239
0.17678
0.183325
0.179545
0.151309
0.167738
0.167762
0.14761
0.161781
0.161804
0.163789
0.164661
0.158221
0.164958
0.164982
0.165983
0.146179
0.149292
0.149316
0.12879
0.142557
0.158721
0.145311
0.145335
0.139837
0.146809
0.146833
0.141624
0.142621
0.136394
0.135579
0.143946
0.146756
0.132397
0.115602
0.104919
0.126989
0.12083
0.120855
0.128135
0.114941
0.114965
0.116733
0.116758
0.116782
0.117618
0.111468
0.118181
0.104806
0.10483
0.104855
0.106541
0.106565
0.100537
0.101311
0.108985
0.109009
0.0946808
0.0947054
0.0823771
0.082402
0.098044
0.0903779
0.0904026
0.0921608
0.0921855
0.0978861
0.091386
0.099952
0.0932076
0.0773058
0.0715288
0.0715539
0.0871872
0.0722117
0.0730506
0.070585
0.0706099
0.07188
0.0637609
0.0719298
0.0723169
0.071595
0.0716198
0.0635343
0.0646947
0.0647197
0.0727012
0.0488645
0.0353361
0.050766
0.0647048
0.0680971
0.0673196
0.0673444
0.0420135
0.058315
0.0583399
0.0583648
0.0599275
0.0599524
0.0599773
0.0437561
0.0437813
0.0429525
0.0429778
0.0585452
0.027148
0.0535187
0.0442654
0.0265524
0.0432497
0.0357026
0.0432999
0.0357532
0.0452179
0.0275973
0.0335164
0.0408912
0.0508833
0.0334018
0.0437584
0.0278304
-0.000691646
0.0426432
0.0421375
0.0252765
0.0252988
0.0253212
-0.00261844
0.0228302
0.0220902
0.0330515
0.014405
0.0330957
0.0213385
0.0136069
0.017266
0.0180284
0.0180505
0.023464
0.0234864
-0.00314453
-0.0104559
0.0175534
0.00786709
0.00713579
0.00715842
0.0287853
0.00473107
-0.0142434
0.0102381
0.0180227
0.0173115
0.00246332
0.0214925
0.0107608
-0.0183442
-0.000610467
0.0141112
0.0141333
-0.0130138
0.00718532
0.0196384
-0.005949
0.0106183
-0.0066721
-0.0129319
-0.0305233
-0.0305007
0.0155062
-0.0259635
-0.0271158
0.0015465
-0.0186734
-0.0429661
-0.000328965
-0.046099
-0.031643
-0.0337644
-0.0347557
-0.00597806
-0.0976704
-0.0690196
-0.0746824
-0.0324907
-0.0774177
-0.0985615
-0.0792845
-0.031302
-0.0675975
-0.0416645
-0.0436959
-0.0209992
-0.0734109
-0.0980642
-0.0764794
-0.100901
-0.0195969
-0.0341566
-0.0761941
-0.0791401
-0.106788
-0.0765775
-0.0555561
-0.0786569
-0.0756708
-0.0902072
-0.0410635
-0.0975408
-0.0968067
-0.0732947
-0.0876646
-0.15007
-0.0912493
-0.133454
-0.0754355
-0.113166
-0.143733
-0.144278
-0.149788
-0.153379
-0.126062
-0.109982
-0.0524741
-0.0247175
-0.0467322
-0.0539415
-0.0796983
-0.0843085
-0.0372795
-0.0849228
-0.133843
-0.126194
-0.0629076
-0.0197231
-0.0865405
-0.0328379
-0.0888537
-0.0726576
-0.032965
-0.110217
-0.0729114
-0.0565044
-0.0579339
-0.0540857
-0.0783674
-0.0377304
-0.0748336
-0.0734251
-0.0569697
-0.0546612
-0.113515
-0.0755658
-0.0600031
-0.100999
-0.0773201
-0.0485488
-0.0690444
-0.0620093
-0.0500609
-0.0501802
-0.0580265
-0.078418
-0.0624268
-0.0626383
-0.0386739
-0.0950589
-0.0724074
-0.0972874
-0.0378898
-0.0625182
-0.0624083
-0.0422991
-0.0602419
-0.048315
-0.0452408
-0.0129756
-0.0295032
-0.0577296
-0.0653575
-0.052842
-0.086774
-0.0148164
-0.051335
-0.0615492
-0.0641735
-0.0517375
-0.0644521
-0.0144192
-0.0276425
-0.0412422
-0.0279854
-0.066233
-0.0407647
-0.0559243
-0.0404306
-0.0404439
-0.0872466
-0.00882751
-0.0267791
-0.0246514
-0.0590802
-0.077172
-0.0573393
-0.0804825
-0.0120455
-0.0474592
-0.0118588
-0.0457066
-0.06034
-0.0736557
-0.037876
-0.0232289
-0.0434804
-0.0637371
-0.0372528
-0.053136
-0.0373429
-0.0382163
-0.0449308
-0.00351132
-0.0250613
-0.043632
-0.0581566
-0.0425211
-0.0425691
-0.0524509
-0.0790438
-0.00860813
-0.0443868
-0.0321415
-0.0589391
-0.0341771
-0.0251165
-0.0338791
-0.0338925
-0.0114355
-0.0557248
-0.0178844
-0.0220028
-0.0220269
-0.0220509
-0.022075
-0.0588214
-0.0562221
-0.0221918
-0.0221849
-0.022178
-0.0297187
-0.024506
-0.0178385
0.0107802
-0.041943
-0.0420005
-0.037921
-0.0474129
-0.00806494
-0.0388981
-0.0389553
-0.0491055
-0.0343491
-0.0460751
-0.0174607
-0.0228273
-0.00315427
-0.0550182
-0.0320196
-0.0320439
-0.0320681
-0.0216978
-0.0217018
-0.0544118
-0.0325206
-0.0465453
-0.0140628
0.002114
0.00214143
-0.0350179
-0.0508382
-0.0508627
-0.00295012
-0.00295394
-0.0206782
-0.0180045
-0.0180286
-0.0347771
-0.0319784
0.0167151
-0.00342372
-0.00342756
-0.00343141
-0.00343525
-0.0034391
-0.0350426
-0.0154775
-0.015471
-0.0154645
-0.00476229
-0.0360284
-0.0360847
-0.0332747
0.0137494
-0.0223166
-0.0417936
-0.0359395
-0.0262953
-0.00241494
-0.0430441
-0.0431002
-0.0431562
-0.0246604
-0.0144106
