0
0
0.796885
0.796885
0.796885
0.796885
0.796885
0.796885
0.796885
0.796885
0.869397
0.869397
0.869397
0.869397
0.869397
0.869397
0.869397
0.869397
0.869397
0.869397
0.869397
0.869397
0.869397
0.869397
0.869397
0.869397
0.869397
0.869397
0.869397
0.869397
0.869397
0.869397
0.869397
0.869397
0.869397
0.869397
0.869397
0.869397
0.869397
0.869397
0.869397
0.869397
0.869397
0.869397
0.869397
0.869397
0.869397
0.581699
0.581699
0.581699
0.539637
0.539637
0.539637
0.539637
0.539637
0.539637
0.539637
0.505127
0.505127
0.505127
0.492876
0.492876
0.480932
0.480932
0.471755
0.471755
0.471755
0.461079
0.457984
0.457984
0.455701
0.454977
0.45519
0.455246
0.455246
0.45198
0.45198
0.45198
0.45198
0.45198
0.449092
0.449458
0.449181
0.449181
0.449392
0.449124
0.450788
0.452185
0.451397
0.451682
0.452424
0.453474
0.453474
0.453474
0.453474
0.45508
0.453928
0.454131
0.454131
0.452839
0.452995
0.452106
0.452106
0.452106
0.448719
0.449664
0.448139
0.449192
0.448096
0.446771
0.446499
0.445219
0.445219
0.444414
0.444407
0.444407
0.442267
0.439731
0.437075
0.436652
0.435487
0.436075
0.431533
0.433036
0.43175
0.430285
0.430285
0.427527
0.426667
0.424526
0.424973
0.422087
0.422087
0.42044
0.42044
0.41619
0.414411
0.413882
0.41345
0.41234
0.411243
0.410229
0.410425
0.410425
0.410425
0.410425
0.404106
0.406034
0.404359
0.40332
0.40369
0.40122
0.401075
0.401075
0.399058
0.396644
0.398515
0.398305
0.398305
0.395425
0.393262
0.393514
0.391551
0.390384
0.389974
0.387354
0.385333
0.385333
0.383323
0.384668
0.384668
0.384668
0.382942
0.383078
0.383078
0.381827
0.381166
0.38066
0.380909
0.380526
0.378903
0.377638
0.377638
0.377638
0.376195
0.37588
0.37691
0.376379
0.376379
0.375464
0.374569
0.372717
0.372717
0.37167
0.373478
0.373478
0.373478
0.373478
0.373478
0.37089
0.371365
0.371184
0.371184
0.371363
0.370906
0.370906
0.370906
0.37035
0.370422
0.370422
0.370967
0.371618
0.371618
0.37046
0.37133
0.371846
0.371846
0.371846
0.373314
0.372997
0.373243
0.373243
0.373117
0.373576
0.375483
0.373587
0.376718
0.376718
0.377678
0.378671
0.378671
0.378873
0.379702
0.380842
0.381453
0.381453
0.381453
0.382209
0.381979
0.381979
0.381979
0.384025
0.384025
0.384769
0.384787
0.384787
0.38581
0.38581
0.38581
0.386029
0.385802
0.385802
0.386478
0.387051
0.386605
0.386605
0.388416
0.388416
0.390593
0.39203
0.39203
0.391392
0.391027
0.39068
0.39087
0.391442
0.391442
0.392647
0.393228
0.393228
0.393228
0.393228
0.393496
0.393838
0.393838
0.393825
0.395343
0.395725
0.395928
0.395915
0.395544
0.39606
0.396055
0.396055
0.396384
0.396384
0.396384
0.396497
0.396842
0.396273
0.396273
0.396273
0.397346
0.39693
0.397302
0.397302
0.39731
0.39731
0.39731
0.397569
0.397551
0.397387
0.397387
0.397379
0.39704
0.396912
0.397482
0.396909
0.396577
0.396806
0.397256
0.395933
0.39617
0.39617
0.396428
0.395846
0.395846
0.395846
0.396003
0.396003
0.394423
0.394423
0.394348
0.394829
0.394829
0.391283
0.395105
0.394775
0.394775
0.394775
0.392909
0.392909
0.393978
0.393978
0.393978
0.392977
0.392977
0.392977
0.388976
0.390445
0.390755
0.389427
0.389411
0.388251
0.388251
0.388217
0.387156
0.387261
0.387261
0.384063
0.383286
0.385005
0.384938
0.384384
0.384384
0.382633
0.383022
0.381629
0.380931
0.380931
0.380336
0.379239
0.378081
0.378081
0.378399
0.377603
0.377603
0.377603
0.374035
0.375453
0.375453
0.375453
0.375453
0.373926
0.372534
0.372534
0.37038
0.370353
0.371511
0.371503
0.370499
0.370295
0.366879
0.366987
0.366987
0.367507
0.365976
0.36486
0.362989
0.362244
0.361894
0.361894
0.360116
0.361203
0.361203
0.358975
0.357802
0.358549
0.358196
0.356677
0.35724
0.356677
0.356462
0.356462
0.355298
0.355298
0.35493
0.353227
0.353227
0.353065
0.353262
0.35187
0.351524
0.351524
0.350661
0.349338
0.349338
0.349338
0.34773
0.34773
0.34679
0.346224
0.3459
0.343657
0.343048
0.342294
0.341972
0.342202
0.342229
0.340462
0.340429
0.339907
0.338333
0.338333
0.33824
0.337666
0.337082
0.337082
0.33687
0.336088
0.332879
0.332879
0.333317
0.333494
0.333494
0.333494
0.332283
0.332283
0.332283
0.332283
0.33112
0.330886
0.330886
0.330886
0.327891
0.327271
0.326921
0.326921
0.326921
0.325523
0.325269
0.325238
0.325238
0.322905
0.323249
0.322955
0.322243
0.322237
0.321349
0.320799
0.320799
0.317587
0.319726
0.31993
0.318847
0.3205
0.318693
0.318693
0.318651
0.3181
0.3181
0.31731
0.314682
0.314682
0.314123
0.313912
0.312736
0.312991
0.312991
0.312991
0.311851
0.30977
0.30977
0.307737
0.307737
0.307737
0.308101
0.305597
0.305597
0.306171
0.305384
0.301608
0.302992
0.302301
0.300992
0.302463
0.302463
0.302463
0.299935
0.297054
0.297054
0.297054
0.296028
0.296028
0.296028
0.295497
0.294715
0.295431
0.292261
0.292941
0.292941
0.291194
0.291194
0.291194
0.290077
0.289243
0.288462
0.288462
0.287892
0.282965
0.285493
0.283851
0.28491
0.282431
0.282583
0.28259
0.28259
0.28178
0.28178
0.28178
0.279723
0.27934
0.279128
0.278399
0.277878
0.27645
0.275425
0.278014
0.275396
0.275396
0.27307
0.27307
0.271508
0.270939
0.270939
0.269486
0.269486
0.26952
0.267654
0.266113
0.265572
0.26581
0.26498
0.264386
0.264672
0.263772
0.262099
0.262958
0.261585
0.260756
0.26018
0.260471
0.259171
0.259171
0.258623
0.256634
0.256786
0.257686
0.257686
0.25573
0.252958
0.252958
0.254506
0.254125
0.254125
0.251988
0.253486
0.253486
0.251741
0.248822
0.250697
0.248411
0.248809
0.244315
0.247634
0.245369
0.245369
0.245399
0.247296
0.247296
0.24487
0.24429
0.24429
0.243951
0.243951
0.244311
0.244311
0.243951
0.243951
0.241445
0.239502
0.239502
0.241648
0.241124
0.241124
0.240208
0.240208
0.240208
0.238824
0.238246
0.237654
0.237281
0.237281
0.236604
0.236669
0.235918
0.235671
0.235671
0.235151
0.235415
0.235415
0.234329
0.234329
0.233658
0.233413
0.233177
0.232805
0.231548
0.23326
0.231843
0.232089
0.230465
0.230465
0.230146
0.230377
0.230377
0.231261
0.231261
0.228656
0.227784
0.227784
0.227954
0.226792
0.226792
0.226792
0.226495
0.226495
0.226215
0.225637
0.225637
0.223356
0.222779
0.223022
0.221627
0.222128
0.222376
0.219429
0.220111
0.220111
0.22112
0.22117
0.219014
0.219014
0.219536
0.219536
0.218656
0.217837
0.218389
0.217504
0.21605
0.216592
0.216314
0.21439
0.214319
0.214894
0.214319
0.214319
0.214095
0.214657
0.213168
0.209699
0.211997
0.211433
0.210233
0.210199
0.208948
0.207586
0.20928
0.20928
0.207423
0.205068
0.205068
0.207556
0.207556
0.204869
0.205724
0.203951
0.203685
0.202656
0.202656
0.2026
0.202862
0.202862
0.202862
0.201707
0.201707
0.200601
0.200855
0.200855
0.199837
0.199826
0.198114
0.198114
0.198155
0.197303
0.195479
0.197303
0.197303
0.197303
0.196032
0.195506
0.195506
0.195756
0.195709
0.193502
0.194585
0.191477
0.191636
0.191652
0.189495
0.190032
0.189306
0.189306
0.189306
0.189613
0.189182
0.188869
0.18675
0.18675
0.186854
0.18675
0.184993
0.181586
0.184629
0.183764
0.183019
0.183286
0.183019
0.182913
0.181507
0.179836
0.180062
0.179824
0.177925
0.178589
0.177143
0.176033
0.177609
0.177609
0.177609
0.177999
0.176387
0.176387
0.175859
0.176889
0.176889
0.176889
0.176022
0.175249
0.172615
0.173235
0.171987
0.172266
0.172266
0.17009
0.17169
0.172141
0.172141
0.171095
0.171095
0.171095
0.167977
0.167643
0.167149
0.167149
0.164633
0.163894
0.166813
0.164062
0.165677
0.164497
0.164497
0.163226
0.163226
0.162072
0.161952
0.161952
0.160592
0.160897
0.15897
0.15843
0.15843
0.156967
0.159316
0.159316
0.158481
0.157959
0.157959
0.158262
0.157039
0.157039
0.155655
0.155655
0.153084
0.153051
0.15161
0.15359
0.15359
0.153875
0.153184
0.151415
0.148255
0.147191
0.146691
0.149503
0.147814
0.148695
0.146106
0.147004
0.146036
0.141284
0.143043
0.142155
0.142155
0.141089
0.141796
0.141796
0.143988
0.143192
0.143192
0.14227
0.138873
0.140792
0.140792
0.13821
0.138402
0.135925
0.138542
0.137981
0.137981
0.139042
0.139042
0.139042
0.137885
0.13804
0.13804
0.138122
0.137892
0.137892
0.135187
0.135187
0.13468
0.133844
0.133355
0.133355
0.133355
0.131824
0.13194
0.13139
0.129654
0.130712
0.130525
0.130525
0.129694
0.129213
0.129213
0.126515
0.128102
0.128102
0.127568
0.128102
0.128102
0.124818
0.127911
0.127911
0.124491
0.128627
0.126693
0.126693
0.127911
0.127911
0.127911
0.127439
0.127431
0.127431
0.127791
0.127791
0.126548
0.126548
0.125657
0.125657
0.125657
0.125153
0.124761
0.124835
0.124835
0.124565
0.122633
0.122499
0.121898
0.120991
0.121521
0.122674
0.123031
0.123924
0.122383
0.122441
0.119923
0.119923
0.121622
0.121109
0.121109
0.119343
0.118313
0.118313
0.119378
0.119378
0.119035
0.119035
0.117959
0.117465
0.114179
0.116654
0.116654
0.116654
0.112703
0.112649
0.112649
0.111931
0.113856
0.113856
0.113344
0.112459
0.112459
0.112068
0.110555
0.111383
0.106656
0.108157
0.107807
0.110121
0.109507
0.109507
0.109339
0.108656
0.108656
0.109078
0.108025
0.107248
0.107248
0.107694
0.106167
0.107798
0.106618
0.105192
0.105085
0.105153
0.104462
0.103805
0.10347
0.105531
0.106436
0.104579
0.104325
0.10408
0.103786
0.100448
0.101479
0.102619
0.104158
0.10193
0.10215
0.10211
0.103874
0.103874
0.103874
0.103874
0.103874
0.103667
0.10352
0.10352
0.103372
0.104139
0.100945
0.100752
0.100418
0.100194
0.100194
0.100194
0.101035
0.100173
0.100173
0.0994577
0.0980837
0.0976145
0.0954474
0.0964365
0.0960867
0.0960867
0.0958421
0.0954688
0.0958421
0.0945235
0.0941015
0.0941015
0.0934923
0.0934923
0.0932409
0.0937321
0.0912274
0.0921954
0.0912386
0.0898184
0.0907677
0.0909249
0.0900906
0.0900906
0.0874234
0.0867791
0.0867791
0.0874934
0.0872248
0.0872248
0.0872248
0.0872248
0.0858689
0.0867909
0.0853803
0.0831154
0.0853803
0.0853803
0.0853803
0.0852727
0.0852008
0.085093
0.0855355
0.084624
0.084624
0.084624
0.0837148
0.0837148
0.0837148
0.0841524
0.0841524
0.0815288
0.0830539
0.0833483
0.0835683
0.0837513
0.0837269
0.0837757
0.081391
0.0819034
0.0831031
0.0839218
0.0835562
0.0841525
0.0838731
0.0819034
0.0819034
0.0830908
0.0830908
0.0830908
0.0830908
0.0818909
0.0818909
0.0814787
0.0814035
0.0804959
0.0803817
0.0794625
0.0803055
0.0796164
0.0796164
0.0801147
0.0799617
0.0799617
0.0791923
0.0787919
0.0787919
0.0787142
0.0787142
0.0791021
0.0786234
0.078779
0.078779
0.078779
0.078779
0.0781809
0.0781809
0.0793211
0.0793211
0.0783894
0.0788954
0.0788954
0.0783894
0.0781939
0.0785195
0.0768115
0.0781939
0.0784675
0.0762113
0.0776833
0.0776833
0.0776833
0.0776833
0.0771958
0.0771958
0.0771429
0.0772618
0.0781809
0.0786883
0.0786883
0.0786883
0.0790118
0.0786753
0.0785455
0.0785455
0.0766252
0.0761041
0.0762649
0.077209
0.0748195
0.0748195
0.0743406
0.0748195
0.0748195
0.0734569
0.0767051
0.0767051
0.0746147
0.0762113
0.0762113
0.0762113
0.0740105
0.0764119
0.0764119
0.0759162
0.0759162
0.0759162
0.0745189
0.0754172
0.0744641
0.0744641
0.0728011
0.0754172
0.0749422
0.0749966
0.0754172
0.0728291
0.0728851
0.0723371
0.0723371
0.0723371
0.0718417
0.0718417
0.0723371
0.0711136
0.0726468
0.0740656
0.0740656
0.0740656
0.0740656
0.0730949
0.0730949
0.0735818
0.0736788
0.074162
0.074162
0.0733874
0.0728992
0.0733874
0.0689573
0.0697957
0.0736789
0.0717137
0.0736789
0.0735541
0.0735541
0.0737342
0.073067
0.073067
0.0723089
0.0722524
0.0716568
0.0718275
0.0707396
0.0697664
0.0697664
0.0688239
0.0693409
0.0693409
0.0694732
0.0700437
0.0700437
0.0700437
0.0693409
0.0687349
0.0691346
0.0685566
0.0684821
0.0691346
0.0687349
0.0685566
0.0686458
0.0686458
0.0686458
0.0679736
0.0679736
0.0652781
0.0670364
0.0647444
0.0658074
0.0658074
0.0647917
0.0657298
0.0657298
0.0647917
0.0647917
0.0647917
0.0651842
0.0648232
0.0653405
0.0638717
0.0658849
0.0653405
0.0653405
0.0658849
0.0658849
0.0658849
0.0623355
0.0644126
0.0644126
0.063181
0.0613787
0.0613787
0.0613122
0.0613122
0.0622044
0.0607101
0.0597615
0.0596247
0.0590573
0.0611623
0.0600511
0.0600511
0.0586063
0.0580289
0.0591781
0.06
0.0602715
0.0576761
0.056406
0.0576938
0.0568564
0.0543796
0.0543796
0.0568564
0.0558606
0.0558606
0.0574101
0.0565686
0.0565686
0.0567846
0.0567846
0.0567846
0.0552915
0.0566947
0.0568564
0.0580289
0.0578351
0.0586933
0.0586933
0.0584668
0.0581693
0.057888
0.0581693
0.0581693
0.0575699
0.0573034
0.0567487
0.0555859
0.0550325
0.0551066
0.0546977
0.0544359
0.054735
0.054735
0.0539463
0.0542105
0.0542105
0.0536238
0.0530306
0.0530306
0.0528185
0.0516068
0.0515079
0.0506287
0.0523528
0.0512298
0.052138
0.0512298
0.0512298
0.0518436
0.0512298
0.0513293
0.0501223
0.0501223
0.048382
0.0488647
0.0482341
0.045692
0.0477451
0.0477451
0.0480221
0.0480221
0.0480221
0.0477451
0.0477451
0.0496313
0.0488438
0.0488438
0.0492391
0.0492391
0.0481282
0.0449717
0.047937
0.0479157
0.0479157
0.048213
0.0487601
0.0487601
0.0465767
0.0465767
0.0465767
0.0448125
0.0441704
0.0441704
0.0441704
0.0439852
0.0444238
0.043869
0.0437526
0.0425945
0.0427141
0.0423783
0.0435422
0.0435422
0.0435422
0.0430709
0.0442165
0.0440084
0.0433307
0.0424745
0.0426902
0.0426184
0.0410823
0.0414532
0.0414532
0.0410823
0.0410823
0.0404818
0.0416986
0.0416986
0.0418208
0.0418208
0.0418208
0.0418208
0.0410823
0.0410823
0.0410823
0.0410823
0.0410823
0.0410823
0.0409081
0.0418208
0.0418208
0.0412063
0.0418208
0.0418208
0.0393312
0.0411568
0.0411568
0.0422577
0.0417231
0.0417231
0.0443318
0.0443318
0.0445385
0.0469042
0.0453107
0.0448581
0.0440779
0.0446986
0.0446986
0.0427857
0.045848
0.0471645
0.0479796
0.0479157
0.0485924
0.0479796
0.0480009
0.0480009
0.0486554
0.0486554
0.0486554
0.0486554
0.0489898
0.0489898
0.0481494
0.048802
0.0468606
0.0475309
0.0475309
0.0477237
0.0468388
0.0468388
0.0466861
0.0460036
0.0464451
0.0464451
0.0455354
0.0453557
0.0437059
0.0441242
0.0429048
0.0429048
0.0429048
0.0431183
0.0429048
0.0440779
0.0440316
0.0426423
0.0433307
0.0431892
0.0438225
0.0444926
0.0420398
0.0438225
0.0438225
0.0431892
0.0431892
0.0423783
0.0423783
0.0416006
0.0414286
0.0414286
0.040683
0.0398723
0.039949
0.0388876
0.0394348
0.0391491
0.0387299
0.0375799
0.0375799
0.0377965
0.0374166
0.0374166
0.0380923
0.0367007
0.0367007
0.0367007
0.0369501
0.0369501
0.0367007
0.0367007
0.0367007
0.0364496
0.0364496
0.0369777
0.034788
0.0352252
0.0341665
0.0348173
