0
4.33029e-07
2.58128e-06
7.37889e-06
1.72938e-05
3.31208e-05
5.55759e-05
8.61586e-05
0.000125167
0.00017439
0.000235589
0.000310646
0.000400583
0.000505762
0.000627095
0.000765537
0.000921948
0.00109866
0.00129484
0.00151439
0.0017559
0.00201935
0.00230777
0.00262127
0.00295774
0.00332071
0.00371255
0.00412784
0.00457436
0.00504543
0.00554621
0.00607285
0.00662921
0.00721565
0.00782002
0.00846751
0.00913326
0.00982741
0.0105482
0.0113012
0.0120587
0.0128513
0.0136825
0.0145271
0.0154016
0.016289
0.0171817
0.0181399
0.0190453
0.0200399
0.0210177
0.0219972
0.0229846
0.0240063
0.0250206
0.025957
0.0270516
0.0280938
0.0291099
0.0301205
0.0311136
0.0321014
0.0330832
0.0341108
0.0350519
0.0360327
0.0369071
0.0377625
0.0385902
0.039458
0.040294
0.0409389
0.0419712
0.0424097
0.0432011
0.0439299
0.0446262
0.0450535
0.0454869
0.0459954
0.0463219
0.0473454
0.047381
0.0475905
0.047688
0.0477176
0.0479089
0.0480385
0.0482001
0.0480906
0.0480216
0.0477743
0.0475308
0.0473303
0.0473253
0.0467336
0.0470702
0.0459621
0.0460128
0.0446788
0.0441723
0.0440285
0.0432495
0.0434085
0.0414777
0.0422766
0.0405295
0.0406561
0.039078
0.0389104
0.0373591
0.0372671
0.035487
0.0355606
0.0357189
0.0345548
0.0321949
0.0314369
0.0318642
0.0303412
0.0306416
0.0300178
0.0279069
0.0268077
0.0262767
0.0252982
0.0239697
0.0245045
0.0224069
0.0229457
0.0202593
0.0194039
0.0176564
0.0194303
0.0165542
0.0169158
0.0136663
0.0118242
0.0125595
0.0101213
0.0124197
0.00954284
0.00981255
0.00586662
0.00552884
0.00410276
0.00381199
0.00387239
0.00387239
0.00387239
0.00118344
0.00235996
0.00255778
0.00267208
0.00420777
0.0054008
0.00553979
0.00726057
0.00637855
0.00913898
0.00792715
0.0107796
0.0113197
0.0113197
0.010602
0.0119799
0.0113193
0.0132956
0.0118869
0.0145186
0.0121463
0.0146698
0.0162546
0.0135575
0.0135575
0.0158782
0.0148875
0.0146666
0.0171162
0.0182063
0.0174455
0.016801
0.0163854
0.0147426
0.0170989
0.0166236
0.0193568
0.0181269
0.0186545
0.0175559
0.0164147
0.016864
0.0167596
0.0171977
0.0183349
0.0171445
0.0184745
0.0173854
0.0177328
0.0167754
0.0167304
0.0167971
0.0173733
0.0176729
0.017734
0.016756
0.0172148
0.0150665
0.0177774
0.014583
0.0174177
0.0155071
0.0166661
0.0153914
0.0164753
0.0160021
0.0146665
0.0151111
0.0148682
0.0150917
0.0153628
0.0137469
0.0144272
0.0141222
0.014477
0.0146106
0.0134371
0.0136088
0.012473
0.0140998
0.0119991
0.0128488
0.0122323
0.0119866
0.0124603
0.0118227
0.0117233
0.0117757
0.0115409
0.0109588
0.0106478
0.00896191
0.0104183
0.0102853
0.0100131
0.00957439
0.00960834
0.00881641
0.00892203
0.00851058
0.008358
0.00859637
0.00803232
0.00767974
0.00730558
0.00785191
0.00675923
0.00670406
0.00704292
0.00649828
0.00659992
0.00534403
0.00599838
0.00500887
0.00495323
0.00485151
0.00491982
0.00448868
0.00448079
0.00400525
0.00436061
0.00360732
0.00412667
0.00298659
0.00332958
0.002898
0.0028397
0.00262842
0.00252634
0.00221616
0.0022726
0.00217015
0.00189926
0.00171211
0.00158722
0.00143077
0.0012943
0.0010858
0.00102999
0.000872128
0.000831225
0.000374543
0.000517228
0.000404806
0.000360182
0.000330253
0.000193886
0.00014798
4.37927e-05
-0
-3.57407e-05
-0.000127755
-8.19071e-05
-0.000186227
-0.000155473
-0.000266885
-0.000274349
-0.000295907
-0.000324902
-0.000229811
-0.000118572
-0.00017882
-1.15535e-06
-2.85053e-05
-0.000110259
-0.000109721
-0.000136191
-0.000129515
-0.000113676
-3.00746e-05
-8.86164e-05
-0.000153375
-0.000131075
-9.02576e-05
-4.73224e-05
-0
5.23301e-05
0.000126831
0.000178912
0.000231198
0.000357237
0.00044299
0.000498004
0.000707754
0.000704138
0.000856839
0.000952347
0.00112933
0.00120196
0.00141794
0.00161931
0.001645
0.00173041
0.00203778
0.00226161
0.00279646
0.00277372
0.00300729
0.00292577
0.00325094
0.00388088
0.00395337
0.00419494
0.00409042
0.00489292
0.00495209
0.0050039
0.00509772
0.00563627
0.00620606
0.00652273
0.00665552
0.00655914
0.00738777
0.00782779
0.00837649
0.00895044
0.00855897
0.00926872
0.00920592
0.00976346
0.0102476
0.0104757
0.0104543
0.0114518
0.0122422
0.0125381
0.012606
0.0128857
0.013575
0.0138037
0.0141434
0.0146974
0.0153764
0.0161803
0.0164287
0.0171045
0.0175995
0.017509
0.0179885
0.019752
0.0190385
0.0195748
0.0205648
0.0197065
0.0222325
0.021411
0.0224691
0.0223936
0.0228252
0.0232426
0.0241238
0.0249435
0.0253821
0.0257664
0.0261567
0.0266662
0.026548
0.0273795
0.027883
0.0289665
0.0300904
0.0292695
0.0306085
0.0302328
0.0320405
0.0319988
0.0329533
0.0329817
0.0333903
0.0329871
0.0336766
0.0346081
0.0358492
0.0370784
0.0367645
0.0372878
0.03748
0.0389398
0.0385082
0.0393329
0.0393216
0.0399053
0.040536
0.0406844
0.0417989
0.0425836
0.043287
0.0438229
0.0429247
0.0429247
0.0429247
0.0429247
0.0429247
0.0438407
0.0438407
0.0445642
0.045206
0.0453805
0.0465914
0.0509668
0.0461072
0.0470517
0.046088
0.0451721
0.0456806
0.0456806
0.0453692
0.0464098
0.0475873
0.048908
0.048908
0.05071
0.0504
0.0514832
0.0512587
0.0514743
0.0517729
0.0525388
0.0520179
0.0526246
0.053307
0.0525681
0.0524719
0.0518694
0.0519726
0.0519726
0.0519799
0.0519799
0.0511415
0.0516627
0.051569
0.0503757
0.0503221
0.0489837
0.0497383
0.0481635
0.0484082
0.0472735
0.0462124
0.0461763
0.0459206
0.0444606
0.0436258
0.0428992
0.04065
0.0402688
0.0400252
0.0370689
0.0368052
0.0362475
0.033256
0.0317047
0.0314338
0.0291773
0.000161279
0.000159306
0.000143209
0.000115769
0.000106393
8.71143e-05
7.66407e-05
6.07997e-05
5.47206e-05
5.2595e-05
3.94337e-05
5.74016e-05
6.11286e-05
1.6889e-06
7.00852e-06
-0
-4.27612e-05
-9.0517e-05
-0.000182037
-0.000279077
-0.000372998
-0.000534234
-0.000684708
-0.000969543
-0.00100462
-0.00136213
-0.00150425
-0.00186476
-0.00203667
-0.00224877
-0.00262726
-0.00282159
-0.0030881
-0.00314589
-0.00350552
-0.0041605
-0.0044182
-0.00483584
-0.00494866
-0.005043
-0.00538124
-0.00555718
-0.00623502
-0.00634393
-0.00669199
-0.00739907
-0.00810169
-0.00844978
-0.00871811
-0.00892183
-0.00908416
-0.00942611
-0.0098787
-0.0104703
-0.0102787
-0.0106808
-0.011087
-0.011187
-0.0118548
-0.01185
-0.0125466
-0.0127803
-0.0129962
-0.0130637
-0.0137371
-0.0138024
-0.0142948
-0.0142948
-0.0142948
-0.0142948
-0.0142948
-0.0142948
-0.0149387
-0.0152123
-0.0152939
-0.0152939
-0.0152939
-0.0152939
-0.0152939
-0.0152939
-0.0152939
-0.0152939
-0.0152939
-0.0152939
-0.0152939
-0.0152939
-0.0152939
-0.0152939
-0.0152939
-0.0152939
-0.0149148
-0.0149148
-0.0149148
-0.0158305
-0.0158305
-0.0158305
-0.0158305
-0.0158305
-0.0158305
-0.0158305
-0.0158305
-0.0158305
-0.0158305
-0.0158305
-0.0158305
-0.0158305
-0.0158305
-0.0158305
-0.0158305
-0.0158305
-0.0154804
-0.0159404
-0.0159404
-0.0159404
-0.0159404
-0.0173534
-0.0173534
-0.0173534
-0.0173105
-0.0180998
-0.0182474
-0.0182474
-0.0182474
-0.0182474
-0.0176309
-0.0176309
-0.0176309
-0.0186859
-0.0186859
-0.0186859
-0.0186859
-0.0189447
-0.0193693
-0.0193698
-0.0207618
-0.0200611
-0.0204187
-0.0204187
-0.0204187
-0.0204187
-0.0207941
-0.0204873
-0.0204873
-0.0204873
-0.0204873
-0.0194917
-0.0194917
-0.0194917
-0.0194917
-0.0194917
-0.0204813
-0.0195022
-0.0193007
-0.0191579
-0.0191579
-0.0201561
-0.0210975
-0.0211202
-0.0217201
-0.0217201
-0.0209321
-0.0209229
-0.0208098
-0.0206132
-0.0208057
-0.0213843
-0.0221473
-0.0234156
-0.0224133
-0.0222995
-0.0229946
-0.0226503
-0.0214619
-0.0219948
-0.0219948
-0.0219948
-0.0219948
-0.0219948
-0.0219948
-0.0219948
-0.0219948
-0.0219948
-0.0219948
-0.0219948
-0.0219948
-0.0219948
-0.0219948
-0.0219948
-0.0219948
-0.0219948
-0.0219948
-0.0219948
-0.0219948
-0.0219948
-0.0219948
-0.0219948
-0.0219948
-0.0219948
-0.0219948
-0.0219948
-0.0219948
-0.0219948
-0.0219948
-0.0219948
-0.0219948
-0.0219948
-0.0219948
-0.0219948
-0.0219948
-0.0219948
-0.0219948
-0.0219948
-0.0219948
-0.0219948
-0.0219948
-0.0219948
-0.0219948
-0.0219948
-0.0219948
-0.0219948
-0.0219948
-0.0219948
-0.0219948
-0.0219948
-0.0219948
-0.0219948
-0.0219948
-0.0219948
-0.0219948
-0.0219948
-0.0219948
-0.0219948
-0.0219948
-0.0219948
-0.0219948
-0.0219948
-0.0219948
-0.0219948
-0.0219948
-0.0219948
-0.0219948
-0.0219948
-0.0219948
-0.014554
-0.0153615
-0.0162018
-0.01999
-0.0203314
-0.0211529
-0.020771
-0.0192505
-0.0188103
-0.0186822
-0.0189359
-0.0190606
-0.0194359
-0.019631
-0.019159
-0.0186098
-0.017418
-0.0174491
-0.0170161
-0.0159701
-0.0153274
-0.0158573
-0.015391
-0.0152337
-0.0153542
-0.0151622
-0.0150178
-0.0149652
-0.0146067
-0.0143356
-0.0137022
-0.0142219
-0.0138015
-0.012951
-0.0129938
-0.0127611
-0.0111652
-0.0117955
-0.0120109
-0.0120008
-0.0123045
-0.0117594
-0.0109767
-0.0108694
-0.0107996
-0.00988516
-0.00897146
-0.00941217
-0.00922548
-0.0091729
-0.00933767
-0.00903658
-0.00890693
-0.00906929
-0.00847411
-0.00826337
-0.00839872
-0.00800118
-0.00752055
-0.0079576
-0.00762188
-0.00764521
-0.0074333
-0.00724576
-0.00708074
-0.00623541
-0.00635341
-0.00635485
-0.00603334
-0.00579374
-0.00557327
-0.00536315
-0.00520557
-0.00500719
-0.00478256
-0.00448899
-0.00431769
-0.00408776
-0.00380765
-0.00354093
-0.00334276
-0.00317419
-0.00298322
-0.00273369
-0.00259143
-0.00233894
-0.00204507
-0.00180513
-0.00154931
-0.0012634
-0.00106575
-0.00080147
-0.000532083
-0.00026982
-0
0.000272402
0.000531515
0.000787766
0.00105668
0.00129461
0.00156214
0.0018709
0.00219714
0.00246625
0.0027265
0.00305721
0.00332206
0.00356906
0.0038652
0.00431255
0.00450005
0.00476465
0.00502999
0.00525321
0.0055645
0.0059362
0.00639828
0.00659729
0.00691028
0.0072749
0.00751437
0.00777326
0.00807372
0.00852055
0.00893082
0.00907767
0.00928659
0.00963124
0.0101447
0.010549
0.0104498
0.0110409
0.0111602
0.0112563
0.0118012
0.0121308
0.0123546
0.0126227
0.0130508
0.0002996
0.000296605
0.000295231
0.000286636
0.000286984
0.000292499
0.000289281
0.000289281
0.000289281
0.000284802
0.000287946
0.000286024
0.000286024
0.000286024
0.000286024
0.000284512
0.000283363
0.000270264
0.000268467
0.000253935
0.000242549
0.000236079
0.000234039
0.000243411
0.000250283
0.000257221
0.000265866
0.0002759
0.000276154
0.000276394
0.000277858
0.000277283
0.000276779
0.000272272
0.000272012
0.000270114
0.0002673
0.000265852
0.000264151
0.000262681
0.000261818
0.000254884
0.000254748
0.000254272
0.000248892
0.000241747
0.000241081
0.000240519
0.000238339
0.000238858
0.000232762
0.000230366
0.000228354
0.000228123
0.000226488
0.000226488
0.000220884
0.00021568
0.000210294
0.000204396
0.000206694
0.000202573
0.00019867
0.000192811
0.000194602
0.000188267
0.000185684
0.00018785
0.00018535
0.000185123
0.000175022
0.000175797
0.000173507
0.000170558
0.000170558
0.000170558
0.000160184
0.000159881
0.000159881
0.000155953
0.000149177
0.000146407
0.000148659
0.000146377
0.000145881
0.000145881
0.000136418
0.000136418
0.00013552
0.000125762
0.000125762
0.000125762
0.00012563
0.000122935
0.000120057
0.000120057
0.000117719
0.000117719
0.000112886
0.000112886
0.00010829
0.000104923
9.97385e-05
9.78676e-05
9.61688e-05
9.5419e-05
9.41905e-05
9.42884e-05
9.45221e-05
9.35196e-05
9.07715e-05
8.91141e-05
8.61247e-05
8.50416e-05
8.59604e-05
8.23448e-05
8.23448e-05
7.56605e-05
7.44152e-05
7.18608e-05
7.12947e-05
7.01902e-05
7.00025e-05
7.047e-05
6.82323e-05
6.60871e-05
6.4109e-05
6.27751e-05
5.72699e-05
5.68673e-05
5.68673e-05
5.50424e-05
5.41052e-05
4.83995e-05
4.93793e-05
4.93793e-05
4.73719e-05
