0
0
0
0
0
0
0
0
0
0
0
0
0
0
0
0
0
0
0
0
0
1.53163
1.53163
1.45668
1.45668
1.45668
1.33647
1.33647
1.33647
1.33647
1.16503
1.16503
1.0659
1.0659
0.993848
0.993848
0.993848
0.993848
0.993848
0.826008
0.794187
0.794187
0.794187
0.712157
0.684861
0.651458
0.651458
0.651458
0.600155
0.578739
0.570227
0.556577
0.550332
0.550332
0.550332
0.551586
0.559843
0.566819
0.566819
0.566992
0.566992
0.566992
0.566992
0.527866
0.516155
0.516155
0.516155
0.486422
0.477955
0.464969
0.457368
0.447524
0.441757
0.433326
0.427203
0.427203
0.427203
0.427203
0.427203
0.427203
0.427203
0.427203
0.427203
0.427203
0.427203
0.427203
0.363893
0.363893
0.354323
0.350009
0.350009
0.350009
0.350009
0.350009
0.331816
0.331816
0.331816
0.331816
0.319738
0.318152
0.314704
0.312916
0.312916
0.312916
0.305196
0.305196
0.305196
0.300221
0.300221
0.291604
0.287487
0.2837
0.2837
0.270132
0.270132
0.270132
0.270132
0.239626
0.233496
0.222316
0.21887
0.21887
0.208018
0.202207
0.198273
0.198273
0.198273
0.198273
0.184535
0.183058
0.183058
0.178669
0.174362
0.174362
0.174362
0.174362
0.174362
0.174362
0.167045
0.167045
0.163807
0.163807
0.163807
0.159201
0.159201
0.159201
0.159201
0.153888
0.152784
0.151987
0.151644
0.151644
0.151644
0.14862
0.14862
0.147503
0.147503
0.14577
0.14577
0.143669
0.144201
0.144201
0.144201
0.142026
0.142026
0.142026
0.142026
0.142026
0.142026
0.137855
0.13674
0.13674
0.137016
0.135594
0.135594
0.135013
0.133707
0.13344
0.133179
0.133179
0.133179
0.133179
0.130447
0.130447
0.130447
0.130447
0.127615
0.127615
0.127615
0.127615
0.127679
0.127679
0.127679
0.127512
0.127512
0.127512
0.127512
0.12463
0.12463
0.125576
0.124769
0.124769
0.125308
0.12184
0.124179
0.124409
0.123263
0.123263
0.123478
0.123478
0.123726
0.123726
0.123784
0.123924
0.122549
0.123866
0.122224
0.121605
0.121605
0.123313
0.123313
0.123313
0.123313
0.123313
0.121387
0.123156
0.122333
0.122683
0.123586
0.122441
0.12445
0.12445
0.12445
0.12445
0.12445
0.123553
0.123553
0.124851
0.124851
0.125698
0.125267
0.125267
0.12586
0.12586
0.12586
0.12586
0.12586
0.12586
0.126184
0.126184
0.126184
0.126184
0.128444
0.128444
0.127503
0.128126
0.129921
0.129921
0.129921
0.129449
0.129992
0.129992
0.129434
0.129434
0.129434
0.130376
0.130376
0.131963
0.132934
0.131739
0.131234
0.131234
0.134453
0.134141
0.132696
0.133959
0.1336
0.135601
0.135601
0.135601
0.135601
0.13536
0.137818
0.137818
0.137818
0.137818
0.137818
0.137818
0.139971
0.139971
0.139971
0.141702
0.142191
0.142191
0.142191
0.143093
0.143093
0.143093
0.143093
0.143093
0.143093
0.143093
0.147897
0.147897
0.148956
0.148956
0.148956
0.148956
0.151381
0.151381
0.151381
0.15329
0.153164
0.153164
0.153164
0.15627
0.15627
0.15627
0.15627
0.15627
0.15627
0.15627
0.161763
0.160763
0.160763
0.160763
0.160763
0.160763
0.164311
0.164311
0.164899
0.164899
0.168105
0.169411
0.167989
0.167989
0.167989
0.167989
0.167989
0.167989
0.173293
0.173293
0.173293
0.175272
0.175703
0.175703
0.175703
0.175703
0.179381
0.179381
0.179461
0.181451
0.181451
0.181451
0.181451
0.185043
0.185043
0.18589
0.18589
0.18589
0.189074
0.189074
0.189074
0.189074
0.189074
0.189074
0.194007
0.194007
0.194007
0.1956
0.197804
0.19783
0.19783
0.19783
0.19783
0.19783
0.202227
0.202227
0.203675
0.204655
0.205138
0.205138
0.205138
0.207728
0.207728
0.208185
0.209543
0.211424
0.211708
0.212214
0.212411
0.213728
0.212843
0.215359
0.215359
0.217035
0.217035
0.216903
0.218935
0.220755
0.220519
0.220519
0.2221
0.2221
0.224686
0.224686
0.224686
0.226445
0.226445
0.22833
0.228728
0.228728
0.230448
0.230448
0.230448
0.228879
0.228879
0.23186
0.23186
0.23186
0.232945
0.23509
0.23509
0.23509
0.23813
0.23813
0.240556
0.242121
0.245465
0.245465
0.245465
0.2504
0.252397
0.252397
0.255411
0.257551
0.257551
0.258682
0.258962
0.261752
0.262915
0.26321
0.26321
0.265095
0.266313
0.266313
0.266313
0.270178
0.270178
0.270178
0.272337
0.272138
0.273365
0.273365
0.273365
0.275829
0.275829
0.277654
0.277654
0.277654
0.280477
0.281454
0.281454
0.283524
0.283524
0.286602
0.287331
0.287597
0.290257
0.29152
0.293038
0.293038
0.295852
0.295852
0.295852
0.299223
0.300537
0.300544
0.300544
0.302914
0.302914
0.305878
0.305878
0.307342
0.307342
0.310956
0.311972
0.311972
0.314678
0.315414
0.315414
0.315414
0.315414
0.319144
0.320376
0.320376
0.32304
0.323649
0.324456
0.326059
0.32728
0.32728
0.32728
0.32728
0.332139
0.334545
0.334545
0.334545
0.337548
0.337548
0.337548
0.340174
0.341811
0.341811
0.345646
0.346118
0.346722
0.346722
0.351298
0.351298
0.351298
0.355476
0.355476
0.355476
0.359007
0.360238
0.360238
0.362387
0.363486
0.363486
0.363486
0.363486
0.363486
0.363486
0.363486
0.363486
0.363486
0.363486
0.376916
0.378474
0.378474
0.378474
0.378474
0.378474
0.378474
0.385328
0.387385
0.387385
0.387385
0.387385
0.39178
0.392116
0.392116
0.394619
0.396533
0.396533
0.396533
0.396533
0.396533
0.402289
0.402393
0.402393
0.402393
0.406154
0.406154
0.406154
0.411964
0.410622
0.410622
0.410622
0.410622
0.417449
0.417449
0.42059
0.422104
0.422104
0.423168
0.426347
0.426947
0.428159
0.429563
0.431956
0.431956
0.434133
0.43566
0.43566
0.43566
0.43566
0.43566
0.44003
0.44003
0.44003
0.445389
0.445389
0.447426
0.448708
0.449555
0.450415
0.451325
0.451325
0.451325
0.451325
0.451325
0.451325
0.451325
0.451325
0.451325
0.463033
0.463033
0.463033
0.463033
0.463033
0.463033
0.463033
0.463033
0.472911
0.472911
0.472911
0.475993
0.475993
0.475993
0.480225
0.480225
0.483579
0.485145
0.485145
0.485145
0.485145
0.489241
0.489241
0.489241
0.489241
0.489241
0.495265
0.495265
0.495265
0.495265
0.495265
0.495265
0.495265
0.495265
0.495265
0.495265
0.495265
0.495265
0.495265
0.495265
0.495265
0.495265
0.495265
0.495265
0.495265
0.495265
0.519649
0.519649
0.519649
0.519649
0.519649
0.519649
0.519649
0.519649
0.519649
0.519649
0.519649
0.519649
0.519649
0.519649
0.519649
0.519649
0.519649
0.519649
0.519649
0.519649
0.519649
0.519649
0.519649
0.519649
0.519649
0.519649
0.519649
0.519649
0.519649
0.519649
0.519649
0.519649
0.519649
0.519649
0.519649
0.519649
0.519649
0.519649
0.519649
0.519649
0.519649
0.519649
0.519649
0.519649
0.519649
0.519649
0.519649
0.519649
0.519649
0.519649
0.519649
0.519649
0.519649
0.519649
0.519649
0.519649
0.519649
0.519649
0.519649
0.519649
0.519649
0.519649
0.519649
0.519649
0.519649
0.519649
0.519649
0.519649
0.519649
0.519649
0.519649
0.519649
0.519649
0.519649
0.519649
0.519649
0.519649
0.519649
0.519649
0.519649
0.519649
0.519649
0.519649
0.519649
0.519649
0.519649
0.519649
0.519649
0.519649
0.519649
0.519649
0.519649
0.519649
0.519649
0.519649
0.519649
0.519649
0.519649
0.519649
0.519649
0.519649
0.519649
0.519649
0.519649
0.519649
0.519649
0.519649
0.519649
0.519649
0.519649
0.519649
0.519649
0.519649
0.519649
0.519649
0.519649
0.519649
0.519649
0.519649
0.519649
0.519649
0.519649
0.519649
0.519649
0.519649
0.519649
0.519649
0.519649
0.519649
0.519649
0.519649
0.519649
0.519649
0.519649
0.519649
0.519649
0.519649
0.519649
0.519649
0.519649
0.519649
0.519649
0.519649
0.519649
0.519649
0.519649
0.519649
0.519649
0.519649
0.519649
0.519649
0.519649
0.519649
0.519649
0.519649
0.519649
0.519649
0.519649
0.519649
0.519649
0.519649
0.519649
0.519649
0.519649
0.519649
0.519649
0.519649
0.519649
0.519649
0.519649
0.519649
0.519649
0.519649
0.519649
0.519649
0.519649
0.519649
0.519649
0.519649
0.519649
0.519649
0.519649
0.519649
0.519649
0.519649
0.519649
0.519649
0.519649
0.519649
0.519649
0.519649
0.519649
0.519649
0.519649
0.519649
0.519649
0.519649
0.519649
0.519649
0.519649
0.519649
0.519649
0.519649
0.519649
0.519649
0.519649
0.519649
0.519649
0.519649
0.519649
0.519649
0.519649
0.519649
0.519649
0.519649
0.519649
0.519649
0.519649
0.519649
0.519649
0.519649
0.519649
0.519649
0.519649
0.519649
0.519649
0.519649
0.519649
0.519649
0.519649
0.519649
0.519649
0.519649
0.519649
0.519649
0.519649
0.519649
0.519649
0.519649
0.519649
0.519649
0.519649
0.519649
0.519649
0.519649
0.519649
0.519649
0.519649
0.519649
0.519649
0.519649
0.519649
0.519649
0.519649
0.519649
0.519649
0.519649
0.519649
0.519649
0.519649
0.519649
0.519649
0.519649
0.519649
0.519649
0.519649
0.519649
0.519649
0.519649
0.519649
0.519649
0.775918
0.775918
0.775918
0.775918
0.775918
0.775918
0.775918
0.775918
0.775918
0.775918
0.779483
0.779483
0.779483
0.779483
0.779483
0.779483
0.779483
0.779483
0.779483
0.779483
0.779483
0.782754
0.782754
0.782754
0.782754
0.782754
0.782754
0.782754
0.782754
0.782754
0.782754
0.78489
0.78489
0.78489
0.78489
0.78489
0.78489
0.78489
0.78489
0.78489
0.78489
0.78489
0.788636
0.788636
0.788636
0.788636
0.788636
0.788636
0.788636
0.788636
0.788636
0.788636
0.788636
0.788636
0.788636
0.788636
0.788636
0.788636
0.788636
0.788636
0.788636
0.792141
0.792141
0.792141
0.792141
0.792141
0.792141
0.792108
0.792108
0.792108
0.792108
0.792108
0.792108
0.792108
0.792108
0.792108
0.794084
0.794212
0.794212
0.794212
0.794212
0.794212
0.794212
0.795487
0.795487
0.795487
0.795487
0.795487
0.795487
0.795487
0.795487
0.795487
0.795487
0.795487
0.796118
0.796118
0.796118
0.796118
0.796118
0.796118
0.796118
0.796118
0.796118
0.796118
0.796118
0.796118
0.796118
0.796118
0.795998
0.795998
0.795998
0.795998
0.795432
0.795432
0.795432
0.795432
0.795432
0.795432
0.795432
0.795432
0.795432
0.795432
0.794811
0.794811
0.79436
0.79436
0.79436
0.794292
0.794292
0.794292
0.794746
0.794746
0.794746
0.794746
0.794746
0.794746
0.794746
0.794839
0.794839
0.794839
0.794839
0.794839
0.794839
0.794683
0.794683
0.794683
0.794683
0.794652
0.794785
0.794785
0.794785
0.794641
0.7935
0.7935
0.7935
0.7935
0.7935
0.793565
0.793565
0.793565
0.793565
0.793134
0.792831
0.792831
0.792831
0.792831
0.792547
0.792547
0.792547
0.792547
0.792547
0.792547
0.792547
0.792547
0.792547
0.792547
0.792547
0.792547
0.792547
0.792547
0.792547
0.792547
0.792547
0.791494
0.789906
0.789906
0.789906
0.789906
0.789906
0.789417
0.789486
0.789486
0.789486
0.789486
0.788223
0.788223
0.788223
0.788223
0.787466
0.78633
0.78633
0.78633
0.78633
0.78633
0.785695
0.785695
0.785695
0.785695
0.785695
0.785695
0.785695
0.785695
0.785695
0.785351
0.785351
0.785351
0.785351
0.784489
0.784489
0.784489
0.784489
0.784489
0.784489
0.784489
0.784489
0.781297
0.783182
0.781615
0.781045
0.781045
0.781045
0.779043
0.779043
0.779043
0.779213
0.779213
0.777071
0.777071
0.777071
0.776531
0.777064
0.777064
0.777136
0.777136
0.776027
0.776027
0.776027
0.776027
0.776027
0.776027
0.776027
0.776027
0.776027
0.776027
0.776027
0.776027
0.773118
0.773118
0.773118
0.773118
0.772482
0.772482
0.77191
0.77191
0.77191
0.77191
0.77191
0.77191
0.769311
0.769834
0.769931
0.769931
0.769931
0.769931
0.769931
0.769931
0.769931
0.766812
0.766812
0.766812
0.766812
0.764721
0.764721
0.764721
0.764721
0.764654
0.764654
0.764654
0.764654
0.764654
0.762647
0.762647
0.760651
0.760651
0.760651
0.760651
0.760651
0.760651
0.759534
0.759534
0.758684
0.758684
0.757594
0.757627
0.757627
0.756725
0.756725
0.756786
0.755641
0.755581
0.755581
0.753659
0.753659
0.753659
0.754639
0.753497
0.752624
0.752624
0.752624
0.752624
0.752454
0.751583
0.751522
0.751522
0.75031
0.75031
0.75031
0.748292
0.748292
0.747977
0.747977
0.747977
0.748292
0.747184
0.746041
0.746041
0.745168
0.744272
0.744272
0.744272
0.743177
0.742107
0.742604
0.742604
0.741682
0.741682
0.741682
0.739295
0.739517
0.739517
0.739517
0.739517
0.737541
0.738031
0.736993
0.736078
0.736078
0.737094
0.737094
0.735535
0.735809
0.734241
0.734241
0.734005
0.734005
0.733489
0.733489
0.73184
0.73184
0.73184
0.73184
0.73184
0.731915
0.731839
0.729983
0.729434
0.729434
0.729434
0.727959
0.727732
0.728836
0.728836
0.728836
0.728562
0.727808
0.727808
0.726842
0.727808
0.726663
0.727634
0.727806
0.726507
0.726507
0.726463
0.725922
0.726529
0.725479
0.725422
0.726054
0.724674
0.72523
0.724641
0.724641
0.723389
0.723389
0.723389
0.723471
0.721993
0.721993
0.722319
0.72144
0.72144
0.72144
0.71942
0.719366
0.719366
0.7181
0.7181
0.716128
0.716128
0.716128
0.714127
0.714127
0.712648
0.712284
0.712223
0.711043
0.711043
0.710218
0.709794
0.709794
0.708233
0.707114
0.706305
0.706305
0.706305
0.706305
0.705645
0.705094
0.705094
0.703068
0.704655
0.704655
0.703303
0.703303
0.702729
0.702729
0.701626
0.703153
0.703153
0.703153
0.701047
0.701047
0.700976
0.700785
0.700785
0.700785
0.700785
0.700785
0.700785
0.696761
0.695814
0.695877
0.695487
0.694898
0.694898
0.692792
0.692792
0.692695
0.691299
0.68987
0.689692
0.688579
0.68771
0.688579
0.688579
0.686687
0.686687
0.686687
0.686687
0.686687
0.686687
0.686687
0.684611
0.684611
0.683534
0.683534
0.683534
0.683534
0.682303
0.681008
0.681024
0.681169
0.680506
0.680506
0.680657
0.679511
0.679407
0.678265
0.678265
0.678265
0.676134
0.675701
0.675701
0.67413
0.67413
0.67413
0.67413
0.671156
0.672153
0.670183
0.669023
0.668109
0.668109
0.668109
0.666153
0.665139
0.665613
0.664372
0.664372
0.66311
0.662623
0.661168
0.661532
0.660459
0.659882
0.659067
0.658223
0.657868
0.657719
0.657719
0.655761
0.655761
0.655761
0.655761
0.653751
0.653687
0.65218
0.651746
0.651746
0.650653
0.65112
0.65112
0.649584
0.649584
0.647701
0.647531
0.646624
0.646485
0.645025
0.643497
0.643497
0.642986
0.642986
0.642986
0.641359
0.63947
0.63947
0.637602
0.636196
0.637452
0.636893
0.636034
0.637378
0.635239
0.634155
0.632071
0.633276
0.631471
0.632726
0.632726
0.629681
0.630108
0.630108
0.630108
0.628578
0.628148
0.626402
0.625863
0.626977
0.624255
0.624255
0.624336
0.621314
0.623068
0.623068
0.621573
0.621573
0.621573
0.621573
0.621573
0.618939
0.618939
0.618939
0.615073
0.613247
0.613247
0.610072
0.610072
0.609228
0.609553
0.609553
0.606092
0.608711
0.608711
0.60461
0.603985
0.604768
0.606807
0.602869
0.602793
0.602767
0.602767
0.60132
0.600811
0.600811
0.600811
0.596693
0.596693
0.596693
0.596693
0.596693
0.596693
0.593516
0.592663
0.591499
0.589621
0.589561
0.589561
0.589561
0.589561
0.589561
0.589561
0.589561
0.589561
0.589561
0.589561
0.589561
0.589561
0.589561
0.578469
0.578469
0.578469
0.578469
0.578469
0.578469
0.574234
0.574232
0.574643
0.574643
0.574643
0.574112
0.57395
0.57395
0.573918
0.573918
0.573918
0.572019
0.570912
0.570912
0.570912
0.567858
0.567858
0.565397
0.563652
0.563652
0.562084
0.561583
0.561583
0.561583
0.561583
0.561583
0.561583
0.555391
0.554431
0.554431
0.554431
0.554431
0.550517
0.549412
0.549412
0.549412
0.549412
0.549412
0.547354
0.546807
0.546807
0.546807
0.543357
0.543357
0.543357
0.543357
0.543357
0.543357
0.543357
0.543357
0.543357
0.543357
0.543357
0.543357
0.543357
0.543357
0.543357
0.543357
0.527669
0.527669
0.527669
0.527669
0.527669
0.527669
0.527669
0.527669
0.527669
0.527669
0.527669
0.527669
0.527669
0.513153
0.513153
0.513153
0.513153
0.513153
0.508403
0.508403
0.508403
0.50486
0.50486
0.50486
0.50486
0.50486
0.501781
0.501781
0.500602
0.500602
0.500602
0.495158
0.495158
0.495158
0.495158
0.495158
0.490341
0.489629
0.489629
0.489629
0.489629
0.489629
0.489629
0.489629
0.489629
0.489629
0.489629
0.489629
0.489629
0.489629
0.473864
0.473864
0.473864
0.470111
0.466139
0.466139
0.466139
0.466139
0.462451
0.462998
0.460561
0.460561
0.457763
0.457763
0.454838
0.453859
0.452871
0.453344
0.453344
0.453344
0.453344
0.453344
0.453344
0.453344
0.443619
0.442463
0.441978
0.439415
0.439415
0.437733
0.43632
0.43632
0.4341
0.4376
0.4376
0.43167
0.431173
0.431173
0.431173
0.426727
0.42511
0.42511
0.42511
0.422567
0.422567
0.425494
0.425494
0.425494
0.425494
0.416278
0.416278
0.416734
0.412627
0.410572
0.410572
0.410572
0.410572
0.408502
0.408502
0.408502
0.407476
0.40924
0.40924
0.40924
0.40924
0.398338
0.398338
0.394738
0.392753
0.392753
0.390191
0.389141
0.389141
0.389141
0.389141
0.389141
0.389141
0.389141
0.385444
0.385444
0.379836
0.377594
0.374686
0.374686
0.378086
0.373778
0.368566
0.368566
0.367868
0.368618
0.368618
0.368618
0.368618
0.368618
0.368618
0.368618
0.358862
0.357194
0.357194
0.352252
0.352252
0.352252
0.347801
0.348741
0.348741
0.343508
0.345496
0.345496
0.343333
0.343333
0.336622
0.336622
0.336622
0.334414
0.33624
0.334368
0.334368
0.334368
0.328192
0.328192
0.328152
0.328152
0.323495
0.323495
0.324062
0.318632
0.318632
0.314876
0.314876
0.314876
0.314876
0.313248
0.313248
0.310595
0.310595
0.308062
0.308062
0.308062
0.308062
0.308062
0.308062
0.301276
0.29589
0.294376
0.294376
0.294376
0.294376
0.294376
0.294376
0.294376
0.294376
0.282771
0.282771
0.281715
0.280822
0.275859
0.275859
0.272288
0.271034
0.272116
0.272909
0.267475
0.267475
0.267475
0.267475
0.267475
0.261374
0.261374
0.260424
0.260424
0.260424
0.260424
0.260424
0.260424
0.250485
0.250485
0.250485
0.250485
0.250485
0.250485
0.243955
0.241998
0.241998
0.236017
0.236017
0.236017
0.238417
0.238417
0.234886
0.234338
0.234338
0.234338
0.234338
0.224509
0.224509
0.224509
0.224509
0.226698
0.229503
0.229503
0.224908
0.222183
0.221143
0.219907
0.222128
0.221133
0.221133
0.221133
0.221133
0.217968
0.215378
0.215378
0.215378
0.211042
0.210306
0.20863
0.20863
0.20863
0.207502
0.203425
0.203425
0.203425
0.203425
0.203425
0.203425
0.203425
0.195766
0.195766
0.193422
0.192317
0.191487
0.189618
0.189618
0.189618
0.189618
0.189618
0.189618
0.179227
0.179227
0.179227
0.179227
0.179716
0.179716
0.177988
0.177494
0.176808
0.176369
0.176369
0.175045
0.175045
0.175045
0.175045
0.175045
0.175045
0.172562
0.172562
0.17226
0.17226
0.170234
0.170234
0.170234
0.170234
0.170234
0.163944
0.163944
0.163944
0.158848
0.158848
0.158848
0.149659
0.149659
0.146775
0.146775
0.143214
0.142771
0.140226
0.138866
0.138313
0.137165
0.136299
0.136299
0.136299
0.136299
0.129481
0.129481
0.129481
0.131739
0.131188
0.131188
0.130384
0.129859
0.129859
0.12869
0.128158
0.123305
0.123305
0.126095
0.126095
0.123528
0.120957
0.120797
0.119779
0.115679
0.117395
0.117395
0.113919
0.113452
0.111062
0.110583
0.110657
0.109582
0.109582
0.108233
0.104384
0.104413
0.104413
0.105975
0.10183
0.104647
0.103943
0.104511
0.104511
0.104511
0.102758
0.102758
0.102917
0.102917
0.10057
0.10057
0.100183
0.100183
