-4.108955877279300561e-01
-7.522014043152771556e-01
9.457012632304351296e-01
-7.926799316883992308e-01
4.554860042047310653e-01
1.802394411838453836e-01
-6.565138911416790179e-02
-5.469182125928269134e-01
1.151506083184113516e+00
2.234976102310364254e+00
7.496459823867842598e-01
3.788307187159152267e-01
-1.770085536640431112e-02
1.788526213437364953e+00
3.459163795109920780e-01
4.466937222294655729e-01
7.545769100299981602e-01
1.525076845206169596e+00
6.800743387352512492e-01
1.971988171016558766e-01
3.742616436437598004e-01
-7.181188484475957701e-01
-7.274364586518063946e-01
6.559974636369980683e-01
1.693605358130665151e+00
2.199396891239509877e+00
-5.790950081260035631e-01
2.170301033077191910e+00
1.684244537248267948e+00
2.060703638167468377e+00
-3.590006057655520388e-01
2.372183360026117072e+00
1.390890832780280695e+00
1.530393306679121102e+00
2.771282302744636716e+00
-6.354034213365049588e-01
9.125572457386963432e-01
8.497446422904442187e-01
2.769136291119860260e+00
6.379507767714756028e-01
1.463061638534353781e+00
1.253421785726678062e+00
8.602442634489022577e-01
1.774796070785657820e+00
-3.657561896840358928e-01
-3.867880232532937557e-01
2.723901029456569312e+00
2.052509067455882352e+00
1.965269413655472475e+00
1.865321763402972399e+00
1.050546103805782838e+00
1.363328726199485752e+00
1.794313441527285891e+00
2.166931300911375757e+00
-6.677477354679974830e-01
1.251262520011773960e+00
-6.440256167713573898e-01
7.026442106133050647e-01
2.875777990470766987e-01
9.163108114434725948e-01
