2.511795687874497141e+00
9.713448225969452121e-01
2.010550920191253255e+00
4.966599385304522052e-01
5.429351612058008758e-02
-4.224823153406005449e-01
3.746708289341595943e-01
-5.658521129570697195e-01
2.483185548951340138e+00
2.688176149289388306e+00
-2.501980700219051945e-01
1.108610384772802382e+00
1.083119468099931204e+00
2.277880346023739122e+00
6.151741867754290105e-01
1.010359685939185237e+00
7.906889677248061243e-01
2.595332195174463230e+00
-4.892210811303784879e-01
8.893809334409641387e-03
-3.806286757695072631e-01
2.508450545514416596e+00
8.914965602845825732e-02
-5.761932373756314396e-01
7.407279849210191003e-03
-6.631879923502861374e-01
2.102755564549035228e+00
2.703782047599040617e+00
-2.951321120361131145e-01
1.532154512696498605e+00
-6.914812030400253606e-01
-3.913196537260255070e-01
4.202846772619370785e-01
2.222728652076463973e+00
1.632026785438122074e+00
9.935286258228097633e-01
5.405028734724337536e-02
1.076492163165433169e+00
-4.771448212439461378e-01
1.706047349930293278e+00
-5.393076669135760115e-01
-1.729713949350408786e-01
-6.418409964064044626e-01
1.789799062593519841e+00
-6.208659158149602009e-01
2.797488697459769469e+00
-2.975124577090857425e-01
-2.012710498737229070e-01
-4.705972035710371815e-01
1.573831271651610075e+00
3.752669264422403561e-01
1.089559429758198084e+00
2.062019674720096951e+00
6.656988263794776373e-01
1.976149854362327263e+00
2.829175083086874487e-01
2.598370276593505501e+00
-3.102300027539284244e-02
4.182139231020873815e-01
-7.051432935250052658e-01
