-1.025391397361030688e-02
6.356215554192079509e-02
-3.500780852292206813e-01
-3.122422143715684051e-01
-7.622314603586007875e-01
-3.294391321994222244e-01
2.317411111916705124e-01
2.117396588423332560e-01
-6.499598730871825047e-01
-4.739510929660343264e-01
1.488522918989250154e-01
2.279677400843351798e-01
-2.342441647680479910e-01
-7.822841518794432236e-02
1.931488220470733985e-02
-6.109044611473253283e-01
-2.147507287855111580e-01
-6.892076517609999620e-01
-5.124822819333370028e-01
-8.078423593208089448e-01
-2.603071431797856494e-01
-7.836765910222853737e-01
-8.620946419713101383e-01
-8.861878757477199553e-01
-1.290080104961333074e-02
-2.961722031736246930e-02
-4.809309456927266524e-01
2.129829454437330849e-01
-7.247412990173556224e-01
2.892710457166207672e-01
-3.222864598477630516e-01
-2.468140238269196374e-01
-9.076680860775161452e-01
3.565285148231311929e-02
-7.075509927196899085e-01
-3.034294391851196648e-01
-5.650853648062791335e-01
-5.764995927514648955e-02
-7.174796878358036256e-01
-9.069818852848489099e-01
-8.188072843133048506e-01
-4.439601162361792586e-01
-4.478647981146695045e-01
-8.350954742357263871e-01
-9.566905434095895888e-01
-4.641513886070013362e-01
-3.925248681302366816e-01
-8.976190846731157968e-02
2.114090261036949414e-01
-7.345618409809976379e-01
-8.108391231225791085e-01
2.480816834167016705e-01
-3.961263276140266631e-01
-3.325827477840672675e-01
8.637550923840420225e-02
-2.513367242346630226e-01
-8.864444766853198931e-01
-3.341359458631985024e-01
-2.828716500494643515e-01
-9.002500148524865686e-01
