1e+10
1e+10
23.7487
23.7355
22.8277
22.8277
20.9212
19.8984
20.4822
20.4822
23.3565
23.3565
30.4925
35.5247
35.5247
37.3252
36.6698
36.6698
34.2016
29.6156
29.6156
26.9445
26.1626
26.1626
28.4896
33.7308
33.7308
37.8975
43.0499
43.0499
43.0499
44.59
44.5085
42.9659
40.8527
38.5563
38.5563
36.3606
34.226
34.226
33.2598
33.2598
32.5388
32.5388
32.6887
32.6887
32.8254
32.7374
32.7374
32.569
32.7325
33.1646
33.1646
33.7504
35.1591
35.1591
36.2494
37.5867
38.2144
38.2144
38.4604
38.3623
38.3623
37.8197
37.0116
37.0116
36.5061
35.5304
35.5304
34.9284
33.9414
33.9414
33.3643
32.7609
32.7609
32.4747
32.4747
32.2836
32.1937
32.1937
32.1898
32.4984
32.4984
32.8836
33.3817
33.6978
33.6978
33.7789
33.7671
33.7671
33.6949
33.5072
33.5072
33.0763
32.624
32.624
32.1979
32.1979
31.6186
31.0652
31.0652
30.6565
30.0367
30.0367
29.6658
29.1177
29.1177
28.6941
28.2876
28.2876
28.1945
28.1661
28.1661
28.0688
28.0559
28.0559
28.0186
27.8277
27.8277
27.5835
27.3158
27.3158
27.0235
26.504
26.504
26.0608
25.5204
25.5204
25.2143
24.9967
24.9967
24.8381
24.5694
24.5694
24.3619
23.9608
23.9608
23.7623
23.5557
23.5557
23.4236
23.2156
23.2156
23.078
22.6603
22.6603
22.385
22.385
22.1852
21.9947
21.9947
22.0326
21.9451
21.9451
21.8419
21.5791
21.5791
21.3478
21.0043
21.0043
20.7546
20.3018
20.3018
19.9461
19.4505
19.4505
19.0039
18.4377
18.4377
18.2731
18.1479
18.1479
18.0263
17.8412
17.8412
17.7344
17.6603
17.6603
17.6397
17.4721
17.4721
17.3839
17.2562
17.2562
17.1544
16.8993
16.8993
16.6616
16.3582
16.3582
16.0988
15.7636
15.7636
15.4959
15.1975
15.1975
15.0798
14.908
14.908
14.8388
14.6937
14.6937
14.6199
14.4906
14.4234
14.4234
14.3628
14.2405
14.2405
14.1547
13.9876
13.9876
13.8494
13.608
13.608
13.3997
13.1536
13.1536
12.9669
12.7128
12.7128
12.5325
12.3209
12.3209
12.1515
11.9821
11.9821
11.7021
11.508
11.508
11.453
11.3628
11.3628
11.2211
11.1292
11.1292
11.1599
11.1419
11.1419
11.1579
11.0968
11.0968
10.9368
10.6907
10.6907
10.5714
10.4812
10.4812
10.3841
10.2155
10.2155
10.0697
9.88146
9.88146
9.69515
9.48539
9.48539
9.41738
9.34669
9.34669
9.26275
9.1671
9.1671
9.11246
8.94001
8.94001
8.80052
8.70206
8.70206
8.57292
8.44943
8.44943
8.58724
8.76209
8.76209
8.67797
8.67556
8.67556
8.71164
8.52468
8.52468
8.32511
8.46904
8.46904
8.56914
8.63652
8.63652
8.59416
8.56491
8.56491
8.50661
8.49726
8.49726
8.47078
8.43714
8.43714
8.48262
8.52671
8.52671
8.48093
8.33586
8.33586
8.21528
8.14254
8.14254
8.07463
7.99249
7.99249
7.87145
7.73775
7.73775
7.58707
7.43624
7.43624
7.36934
7.30226
7.30226
7.17823
6.99901
6.99901
6.87582
6.91158
6.91158
6.98858
7.06389
7.06389
7.16196
7.24577
7.24577
7.12188
7.03007
7.03007
6.97502
6.9698
6.9698
7.05077
7.20141
7.20141
7.25345
7.0904
7.0904
6.85011
6.78281
6.78281
6.92582
7.0332
7.0332
7.01667
6.80215
6.80215
6.62501
6.51165
6.51165
6.47669
6.68941
6.68941
6.94738
6.9288
6.9288
6.91183
6.68703
6.68703
6.50522
6.55705
6.55705
6.75375
6.93621
6.93621
6.9573
6.96327
6.96327
6.92298
6.72182
6.72182
6.57991
6.60058
6.60058
6.83642
6.95438
6.95438
6.9251
6.94181
6.94181
6.97518
6.86501
6.86501
6.70435
6.62503
6.62503
6.62432
6.69159
6.69159
6.7198
6.77228
6.77228
6.84924
6.6361
6.6361
6.52741
6.4951
6.4951
6.52245
6.619
6.619
6.70492
6.79235
6.79235
6.88469
6.8795
6.8795
6.87863
6.86675
6.86675
6.80924
6.93128
6.93128
7.07501
7.13463
7.13463
7.15264
7.0498
7.0498
6.9842
7.15704
7.15704
7.24333
7.31996
7.31996
7.38055
7.53443
7.53443
7.58428
7.41708
7.41708
7.26942
7.27162
7.27162
7.33194
7.45053
7.45053
7.46299
7.44199
7.44199
7.52457
7.43037
7.43037
7.36965
7.28365
7.28365
7.48911
7.48911
7.47866
7.44165
7.38169
7.38169
7.27375
7.51099
7.51099
7.69208
7.61099
7.61099
7.34724
7.20857
7.20857
7.18268
7.18202
7.18202
7.42726
7.54242
7.54242
7.59217
7.5699
7.5699
7.45337
7.46568
7.46568
7.50243
7.44319
7.44319
7.45426
7.40804
7.40804
7.52146
7.6472
7.6472
7.49569
7.27786
7.27786
7.29741
7.21226
7.21226
7.24407
7.40619
7.40619
7.40488
7.40594
7.40594
7.42889
7.42208
7.42208
7.54409
7.61563
7.61563
7.64725
7.62618
7.62618
7.40767
7.19101
7.19101
7.19787
7.29776
7.29776
7.4026
