1e+10
1e+10
0.298764
0.298671
0.289217
0.289217
0.281126
0.275301
0.272904
0.272904
0.27278
0.27278
0.275577
0.290633
0.290633
0.295416
0.30124
0.30124
0.305299
0.318197
0.318197
0.33335
0.353877
0.353877
0.372987
0.391524
0.391524
0.404721
0.418069
0.418069
0.418069
0.42154
0.426865
0.426367
0.42519
0.424504
0.424504
0.423679
0.423027
0.423027
0.423415
0.423415
0.423362
0.423362
0.423915
0.423915
0.422885
0.422087
0.422087
0.421767
0.424842
0.42784
0.42784
0.430135
0.434489
0.434489
0.437473
0.439863
0.440595
0.440595
0.439985
0.438551
0.438551
0.436508
0.43467
0.43467
0.435182
0.433718
0.433718
0.432219
0.427659
0.427659
0.425104
0.42141
0.42141
0.41965
0.41965
0.417451
0.414818
0.414818
0.412897
0.411636
0.411636
0.411398
0.410605
0.409553
0.409553
0.407422
0.40487
0.40487
0.402612
0.400568
0.400568
0.397698
0.394427
0.394427
0.391373
0.391373
0.387023
0.382977
0.382977
0.379924
0.374599
0.374599
0.371427
0.367357
0.367357
0.362934
0.358
0.358
0.355856
0.352258
0.352258
0.348959
0.346195
0.346195
0.344563
0.341164
0.341164
0.337939
0.334893
0.334893
0.332386
0.327627
0.327627
0.323685
0.318623
0.318623
0.315814
0.313071
0.313071
0.310888
0.307702
0.307702
0.305645
0.301876
0.301876
0.2999
0.296619
0.296619
0.293888
0.29
0.29
0.287015
0.282149
0.282149
0.278298
0.278298
0.274235
0.270783
0.270783
0.270385
0.269006
0.269006
0.26838
0.265845
0.265845
0.263897
0.260458
0.260458
0.258036
0.253126
0.253126
0.249194
0.243345
0.243345
0.238091
0.231743
0.231743
0.229287
0.226965
0.226965
0.225341
0.223006
0.223006
0.22172
0.220485
0.220485
0.219401
0.216461
0.216461
0.21465
0.212268
0.212268
0.210364
0.206814
0.206814
0.204104
0.201326
0.201326
0.199312
0.19633
0.19633
0.194009
0.191274
0.191274
0.190236
0.187854
0.187854
0.185604
0.182573
0.182573
0.180844
0.178122
0.176119
0.176119
0.174388
0.171995
0.171995
0.170074
0.167662
0.167662
0.166901
0.164874
0.164874
0.163549
0.16138
0.16138
0.159521
0.157081
0.157081
0.154395
0.149887
0.149887
0.147283
0.144704
0.144704
0.142051
0.139523
0.139523
0.137992
0.135577
0.135577
0.132368
0.128937
0.128937
0.128353
0.127562
0.127562
0.127509
0.126105
0.126105
0.124068
0.120467
0.120467
0.118491
0.118564
0.118564
0.118343
0.117179
0.117179
0.115114
0.113422
0.113422
0.112059
0.110255
0.110255
0.109344
0.106877
0.106877
0.10361
0.100668
0.100668
0.0991449
0.0962151
0.0962151
0.0937176
0.0915182
0.0915182
0.0894094
0.0886576
0.0886576
0.0893303
0.0904174
0.0904174
0.0888519
0.0872655
0.0872655
0.0870539
0.0846794
0.0846794
0.0822976
0.0815979
0.0815979
0.0814707
0.0809362
0.0809362
0.0803975
0.0798331
0.0798331
0.0790531
0.0789278
0.0789278
0.0788385
0.078296
0.078296
0.0777318
0.0765374
0.0765374
0.0763181
0.0745097
0.0745097
0.0720172
0.0709013
0.0709013
0.0701776
0.0689824
0.0689824
0.0685318
0.0674839
0.0674839
0.0664625
0.06498
0.06498
0.0622723
0.0589797
0.0589797
0.0573011
0.0554583
0.0554583
0.0549537
0.0533058
0.0533058
0.0518397
0.0503544
0.0503544
0.0496424
0.0486376
0.0486376
0.0476049
0.0461975
0.0461975
0.0457688
0.0440994
0.0440994
0.0435654
0.0433999
0.0433999
0.0449099
0.0437465
0.0437465
0.0427172
0.0421141
0.0421141
0.0406201
0.0407
0.0407
0.0389655
0.0385287
0.0385287
0.0375727
0.036916
0.036916
0.0378474
0.0385003
0.0385003
0.0395762
0.0377514
0.0377514
0.0366697
0.0356089
0.0356089
0.0362877
0.0380628
0.0380628
0.037564
0.0358464
0.0358464
0.0359791
0.0358384
0.0358384
0.0363997
0.0359782
0.0359782
0.0363457
0.0364724
0.0364724
0.0345648
0.0318458
0.0318458
0.0314153
0.0322526
0.0322526
0.033517
0.0333646
0.0333646
0.0323497
0.0308879
0.0308879
0.0303463
0.0315257
0.0315257
0.030999
0.0309851
0.0309851
0.0321805
0.0299235
0.0299235
0.026423
0.026479
0.026479
0.0257314
0.0254561
0.0254561
0.0258009
0.0258799
0.0258799
0.0270757
0.0261117
0.0261117
0.0261
0.0243622
0.0243622
0.0223012
0.0219084
0.0219084
0.0227269
0.0220834
0.0220834
0.0217835
0.01975
0.01975
0.0172475
0.017168
0.017168
0.0170782
0.0170142
0.0170142
0.0172706
0.01835
0.01835
0.017649
0.016905
0.016905
0.0156526
0.0169713
0.0169713
0.0161146
0.0155587
0.0155587
0.0144178
0.0154795
0.0154795
0.0175213
0.0191572
0.0191572
0.0163663
0.0149675
0.0149675
0.0164244
0.0164244
0.0163864
0.01655
0.0173806
0.0173806
0.0178148
0.0174766
0.0174766
0.0177972
0.0175929
0.0175929
0.0162128
0.0142089
0.0142089
0.0140157
0.0166781
0.0166781
0.01627
0.0153456
0.0153456
0.0176591
0.0199093
0.0199093
0.0168054
0.0133258
0.0133258
0.012891
0.0143834
0.0143834
0.0163441
0.0169786
0.0169786
0.014932
0.0135653
0.0135653
0.0142437
0.0150817
0.0150817
0.0176857
0.0169957
0.0169957
0.0122774
0.0117113
0.0117113
0.0139991
0.0148153
0.0148153
0.0168339
0.0180798
0.0180798
0.0146763
0.0112987
0.0112987
0.013212
0.013803
0.013803
0.0130719
0.0133878
0.0133878
0.0148795
0.0120561
0.0120561
0.0099412
