0
0
1.72911
1.72918
1.73696
1.73696
1.74365
1.74848
1.75048
1.75048
1.75059
1.75059
1.74826
1.73579
1.73579
1.73185
1.72708
1.72708
1.72377
1.71329
1.71329
1.70109
1.68477
1.68477
1.66977
1.6554
1.6554
1.64528
1.63514
1.63514
1.63514
1.63251
1.6285
1.62887
1.62976
1.63028
1.63028
1.6309
1.63139
1.63139
1.6311
1.6311
1.63114
1.63114
1.63072
1.63072
1.6315
1.6321
1.6321
1.63234
1.63002
1.62777
1.62777
1.62604
1.62278
1.62278
1.62055
1.61876
1.61822
1.61822
1.61867
1.61974
1.61974
1.62127
1.62264
1.62264
1.62226
1.62336
1.62336
1.62448
1.6279
1.6279
1.62982
1.63261
1.63261
1.63394
1.63394
1.6356
1.6376
1.6376
1.63906
1.64001
1.64001
1.6402
1.6408
1.6416
1.6416
1.64322
1.64517
1.64517
1.64689
1.64846
1.64846
1.65066
1.65317
1.65317
1.65552
1.65552
1.65888
1.66201
1.66201
1.66437
1.66851
1.66851
1.67099
1.67417
1.67417
1.67764
1.68152
1.68152
1.68321
1.68605
1.68605
1.68866
1.69085
1.69085
1.69215
1.69485
1.69485
1.69742
1.69986
1.69986
1.70187
1.70568
1.70568
1.70886
1.71294
1.71294
1.71522
1.71744
1.71744
1.71921
1.72181
1.72181
1.72348
1.72656
1.72656
1.72818
1.73087
1.73087
1.73311
1.73631
1.73631
1.73877
1.7428
1.7428
1.74599
1.74599
1.74937
1.75225
1.75225
1.75258
1.75374
1.75374
1.75426
1.75638
1.75638
1.75801
1.7609
1.7609
1.76294
1.76708
1.76708
1.77041
1.77537
1.77537
1.77984
1.78527
1.78527
1.78738
1.78937
1.78937
1.79077
1.79278
1.79278
1.79389
1.79495
1.79495
1.79589
1.79843
1.79843
1.8
1.80207
1.80207
1.80372
1.80681
1.80681
1.80917
1.8116
1.8116
1.81336
1.81598
1.81598
1.81801
1.82042
1.82042
1.82133
1.82343
1.82343
1.82542
1.8281
1.8281
1.82963
1.83205
1.83383
1.83383
1.83537
1.8375
1.8375
1.83921
1.84137
1.84137
1.84205
1.84386
1.84386
1.84505
1.847
1.847
1.84867
1.85086
1.85086
1.85329
1.85736
1.85736
1.85972
1.86206
1.86206
1.86447
1.86677
1.86677
1.86817
1.87037
1.87037
1.8733
1.87645
1.87645
1.87698
1.87771
1.87771
1.87776
1.87905
1.87905
1.88092
1.88424
1.88424
1.88607
1.886
1.886
1.88621
1.88728
1.88728
1.88919
1.89076
1.89076
1.89202
1.8937
1.8937
1.89455
1.89684
1.89684
1.89989
1.90264
1.90264
1.90406
1.90681
1.90681
1.90915
1.91122
1.91122
1.9132
1.91391
1.91391
1.91328
1.91225
1.91225
1.91373
1.91522
1.91522
1.91542
1.91767
1.91767
1.91992
1.92058
1.92058
1.9207
1.92121
1.92121
1.92172
1.92225
1.92225
1.92299
1.92311
1.92311
1.9232
1.92371
1.92371
1.92425
1.92538
1.92538
1.92559
1.92731
1.92731
1.92968
1.93075
1.93075
1.93144
1.93258
1.93258
1.93301
1.93401
1.93401
1.93499
1.93641
1.93641
1.939
1.94216
1.94216
1.94378
1.94555
1.94555
1.94604
1.94763
1.94763
1.94905
1.95048
1.95048
1.95117
1.95214
1.95214
1.95314
1.95451
1.95451
1.95492
1.95654
1.95654
1.95706
1.95722
1.95722
1.95576
1.95689
1.95689
1.95789
1.95847
1.95847
1.95992
1.95985
1.95985
1.96154
1.96196
1.96196
1.96289
1.96353
1.96353
1.96263
1.96199
1.96199
1.96094
1.96272
1.96272
1.96377
1.96481
1.96481
1.96415
1.96242
1.96242
1.9629
1.96458
1.96458
1.96445
1.96459
1.96459
1.96404
1.96445
1.96445
1.96409
1.96397
1.96397
1.96583
1.96849
1.96849
1.96891
1.96809
1.96809
1.96685
1.967
1.967
1.968
1.96943
1.96943
1.96996
1.9688
1.9688
1.96932
1.96933
1.96933
1.96816
1.97037
1.97037
1.97381
1.97375
1.97375
1.97449
1.97476
1.97476
1.97442
1.97434
1.97434
1.97317
1.97411
1.97411
1.97413
1.97583
1.97583
1.97786
1.97825
1.97825
1.97744
1.97808
1.97808
1.97837
1.98038
1.98038
1.98285
1.98293
1.98293
1.98302
1.98308
1.98308
1.98283
1.98176
1.98176
1.98245
1.98319
1.98319
1.98443
1.98312
1.98312
1.98397
1.98452
1.98452
1.98565
1.9846
1.9846
1.98258
1.98096
1.98096
1.98372
1.98511
1.98511
1.98367
1.98367
1.9837
1.98354
1.98272
1.98272
1.98229
1.98262
1.98262
1.98231
1.98251
1.98251
1.98387
1.98586
1.98586
1.98605
1.98341
1.98341
1.98382
1.98473
1.98473
1.98244
1.98022
1.98022
1.98329
1.98673
1.98673
1.98716
1.98569
1.98569
1.98374
1.98312
1.98312
1.98514
1.9865
1.9865
1.98582
1.98499
1.98499
1.98242
1.9831
1.9831
1.98777
1.98833
1.98833
1.98607
1.98526
1.98526
1.98326
1.98203
1.98203
1.9854
1.98874
1.98874
1.98685
1.98626
1.98626
1.98698
1.98667
1.98667
1.98519
1.98799
1.98799
1.99009
