0
0
-0.152253
-0.152202
-0.147624
-0.147624
-0.143797
-0.141455
-0.140991
-0.140991
-0.141875
-0.141875
-0.144482
-0.153188
-0.153188
-0.155563
-0.157999
-0.157999
-0.159047
-0.164202
-0.164202
-0.170667
-0.179737
-0.179737
-0.188515
-0.197
-0.197
-0.203138
-0.209538
-0.209538
-0.209538
-0.211176
-0.213722
-0.21351
-0.213018
-0.212863
-0.212863
-0.212693
-0.212744
-0.212744
-0.213285
-0.213285
-0.213767
-0.213767
-0.214355
-0.214355
-0.214121
-0.213783
-0.213783
-0.21343
-0.214671
-0.215785
-0.215785
-0.216604
-0.218401
-0.218401
-0.219603
-0.220561
-0.220834
-0.220834
-0.220515
-0.219865
-0.219865
-0.218869
-0.217985
-0.217985
-0.218347
-0.217711
-0.217711
-0.217165
-0.215178
-0.215178
-0.213931
-0.212121
-0.212121
-0.211222
-0.211222
-0.210134
-0.208836
-0.208836
-0.207846
-0.207247
-0.207247
-0.207143
-0.206765
-0.206198
-0.206198
-0.205208
-0.203855
-0.203855
-0.202613
-0.201598
-0.201598
-0.200171
-0.198603
-0.198603
-0.197131
-0.197131
-0.195052
-0.193172
-0.193172
-0.191757
-0.18927
-0.18927
-0.187844
-0.185838
-0.185838
-0.183637
-0.1812
-0.1812
-0.18024
-0.178622
-0.178622
-0.177087
-0.175688
-0.175688
-0.174932
-0.173243
-0.173243
-0.171596
-0.170003
-0.170003
-0.168774
-0.166455
-0.166455
-0.164544
-0.162137
-0.162137
-0.160837
-0.1596
-0.1596
-0.158595
-0.157119
-0.157119
-0.156086
-0.154143
-0.154143
-0.153075
-0.151457
-0.151457
-0.150126
-0.148211
-0.148211
-0.146738
-0.144397
-0.144397
-0.142551
-0.142551
-0.140668
-0.139003
-0.139003
-0.138796
-0.138001
-0.138001
-0.137636
-0.136316
-0.136316
-0.135343
-0.133634
-0.133634
-0.132457
-0.130079
-0.130079
-0.128156
-0.125282
-0.125282
-0.122675
-0.119525
-0.119525
-0.118353
-0.117146
-0.117146
-0.116216
-0.114997
-0.114997
-0.114367
-0.113747
-0.113747
-0.113243
-0.111786
-0.111786
-0.110881
-0.109702
-0.109702
-0.108758
-0.106971
-0.106971
-0.105592
-0.104198
-0.104198
-0.103187
-0.101675
-0.101675
-0.100472
-0.0991253
-0.0991253
-0.098613
-0.0974672
-0.0974672
-0.096332
-0.0947196
-0.0947196
-0.0938762
-0.0925258
-0.0915268
-0.0915268
-0.0906356
-0.0894314
-0.0894314
-0.088462
-0.0872368
-0.0872368
-0.0868217
-0.0857356
-0.0857356
-0.0849916
-0.0838268
-0.0838268
-0.0828476
-0.0816192
-0.0816192
-0.0802757
-0.0781153
-0.0781153
-0.0767523
-0.0755911
-0.0755911
-0.0743606
-0.0731138
-0.0731138
-0.0723811
-0.0711836
-0.0711836
-0.0694965
-0.0677246
-0.0677246
-0.0674531
-0.0670007
-0.0670007
-0.0668952
-0.0660888
-0.0660888
-0.0650604
-0.0631932
-0.0631932
-0.0620185
-0.0619868
-0.0619868
-0.0617983
-0.0611426
-0.0611426
-0.0601935
-0.0593029
-0.0593029
-0.0585941
-0.0576673
-0.0576673
-0.0572886
-0.0560957
-0.0560957
-0.0543791
-0.0530198
-0.0530198
-0.0523437
-0.0508738
-0.0508738
-0.0495905
-0.0485031
-0.0485031
-0.0474317
-0.0470491
-0.0470491
-0.0473636
-0.0478848
-0.0478848
-0.0470741
-0.0462598
-0.0462598
-0.0461863
-0.0448474
-0.0448474
-0.0434785
-0.042994
-0.042994
-0.0429685
-0.0427727
-0.0427727
-0.0425305
-0.0422138
-0.0422138
-0.0417026
-0.0416342
-0.0416342
-0.0415738
-0.0411799
-0.0411799
-0.0408611
-0.0402189
-0.0402189
-0.0400677
-0.0392222
-0.0392222
-0.0378732
-0.0370639
-0.0370639
-0.0366822
-0.0360131
-0.0360131
-0.0357492
-0.0353215
-0.0353215
-0.0348929
-0.0342661
-0.0342661
-0.0329466
-0.0313111
-0.0313111
-0.0303662
-0.0293205
-0.0293205
-0.0289869
-0.0279928
-0.0279928
-0.0270136
-0.0263407
-0.0263407
-0.0261438
-0.0255034
-0.0255034
-0.024776
-0.0239686
-0.0239686
-0.0237135
-0.0228005
-0.0228005
-0.0223597
-0.0223804
-0.0223804
-0.0233337
-0.0226687
-0.0226687
-0.0218615
-0.0215825
-0.0215825
-0.0212534
-0.0214836
-0.0214836
-0.0205115
-0.0203078
-0.0203078
-0.0196726
-0.0190628
-0.0190628
-0.0196702
-0.0199717
-0.0199717
-0.0206684
-0.0198922
-0.0198922
-0.0193915
-0.0188193
-0.0188193
-0.0192566
-0.0202115
-0.0202115
-0.020006
-0.0189233
-0.0189233
-0.0188728
-0.0186667
-0.0186667
-0.0190918
-0.019011
-0.019011
-0.0192339
-0.0192935
-0.0192935
-0.0181716
-0.0168399
-0.0168399
-0.0166712
-0.0171217
-0.0171217
-0.0177605
-0.0177119
-0.0177119
-0.0169633
-0.0160563
-0.0160563
-0.0156664
-0.0162171
-0.0162171
-0.0158965
-0.0158324
-0.0158324
-0.016505
-0.015486
-0.015486
-0.0137436
-0.0134619
-0.0134619
-0.0131139
-0.0128349
-0.0128349
-0.0130384
-0.0132097
-0.0132097
-0.0138774
-0.0130243
-0.0130243
-0.0125565
-0.0115029
-0.0115029
-0.010553
-0.0105209
-0.0105209
-0.0110421
-0.0107713
-0.0107713
-0.0107131
-0.00981671
-0.00981671
-0.00847669
-0.00845858
-0.00845858
-0.00863932
-0.00877463
-0.00877463
-0.0090018
-0.0095406
-0.0095406
-0.00908071
-0.00814583
-0.00814583
-0.00747476
-0.00845491
-0.00845491
-0.00815094
-0.00785196
-0.00785196
-0.00732552
-0.00759787
-0.00759787
-0.00818735
-0.00842363
-0.00842363
-0.00684912
-0.00629848
-0.00629848
-0.00746461
-0.00746461
-0.007755
-0.008161
-0.00873442
-0.00873442
-0.00884474
-0.0083679
-0.0083679
-0.00795849
-0.00756861
-0.00756861
-0.0072913
-0.00679539
-0.00679539
-0.0069979
-0.00854727
-0.00854727
-0.00838352
-0.00749541
-0.00749541
-0.00801703
-0.00927134
-0.00927134
-0.00791247
-0.00657453
-0.00657453
-0.00665831
-0.00735637
-0.00735637
-0.00812045
-0.00791682
-0.00791682
-0.0062515
-0.00599219
-0.00599219
-0.00653967
-0.00712702
-0.00712702
-0.00855842
-0.00866736
-0.00866736
-0.0062342
-0.005182
-0.005182
-0.00580376
-0.00621089
-0.00621089
-0.00709366
-0.00795618
-0.00795618
-0.00693415
-0.00582756
-0.00582756
-0.00651806
-0.00676046
-0.00676046
-0.00624062
-0.00601195
-0.00601195
-0.00690859
-0.00590091
-0.00590091
-0.00477258
