0
0
0.037848
0.0378468
0.0354234
0.0354234
0.0297635
0.0306092
0.0319312
0.0319312
0.0348611
0.0348611
0.0405945
0.0439712
0.0439712
0.0411848
0.040582
0.040582
0.0362081
0.0323873
0.0323873
0.0283767
0.0321813
0.0321813
0.030692
0.0289382
0.0289382
0.0263668
0.0252781
0.0252781
0.0252781
0.023207
0.0215244
0.0192924
0.0193446
0.0184201
0.0184201
0.0207653
0.0214663
0.0214663
0.01953
0.01953
0.0168196
0.0168196
0.017467
0.017467
0.0163094
0.0124109
0.0124109
0.0170452
0.0116578
0.0113994
0.0113994
0.0128706
0.0125615
0.0125615
0.0109133
0.0119269
0.0126994
0.0126994
0.00886817
0.00479829
0.00479829
0.00474358
0.0108094
0.0108094
0.00332763
0.0105069
0.0105069
0.01057
0.00374829
0.00374829
0.00780217
0.00932742
0.00932742
0.00845863
0.00845863
0.00797975
0.00888795
0.00888795
0.0120677
0.0126349
0.0126349
0.0142216
0.0139905
0.0168309
0.0168309
0.0120247
0.0132077
0.0132077
0.0128584
0.00968041
0.00968041
0.010013
0.00775789
0.00775789
0.00475974
0.00475974
0.00355989
0.00419163
0.00419163
0.00311282
-8.71783e-05
-8.71783e-05
-0.000664416
-0.000482672
-0.000482672
0.00353726
0.00323735
0.00323735
0.000595769
-0.00186332
-0.00186332
-0.000584401
0.00383765
0.00383765
0.00358767
0.00252068
0.00252068
0.000922169
0.00638001
0.00638001
0.00762695
0.00712112
0.00712112
0.00543913
0.00587788
0.00587788
0.00516699
-0.000704576
-0.000704576
-0.000812474
-0.00038047
-0.00038047
-0.000588697
-0.00141709
-0.00141709
0.001322
0.00087906
0.00087906
0.00245056
0.00364358
0.00364358
0.00363874
0.00316106
0.00316106
0.00444603
0.00444603
0.00217998
0.00130896
0.00130896
0.00275244
0.00587493
0.00587493
0.00600835
0.00601869
0.00601869
0.00624051
0.00567728
0.00567728
0.00633469
0.00735411
0.00735411
0.0082525
0.00935267
0.00935267
0.00826435
0.00996322
0.00996322
0.00961434
0.0102533
0.0102533
0.0122338
0.00851071
0.00851071
0.00192019
-0.000637054
-0.000637054
-0.00197828
-0.00213343
-0.00213343
-0.00363834
5.99612e-05
5.99612e-05
0.00306399
0.00702538
0.00702538
0.0124498
0.0155429
0.0155429
0.0179832
0.0197266
0.0197266
0.0209441
0.0225147
0.0225147
0.0184041
0.0113653
0.0113653
0.00973197
0.00857874
0.00857874
0.00330672
-0.00200073
-0.00319548
-0.00319548
-0.00484816
-0.00293525
-0.00293525
0.000744159
0.00411713
0.00411713
0.00471689
0.00730681
0.00730681
0.0106223
0.0130028
0.0130028
0.0149289
0.0150942
0.0150942
0.0152375
0.0170215
0.0170215
0.0198112
0.014826
0.014826
0.0103006
0.0061815
0.0061815
0.00167046
-0.00259485
-0.00259485
-0.00616649
-0.00934529
-0.00934529
-0.00812743
-0.00655384
-0.00655384
-0.0031639
0.000885835
0.000885835
0.00429114
0.00685709
0.00685709
0.00628251
0.00713674
0.00713674
0.00979331
0.0119053
0.0119053
0.0120451
0.0121433
0.0121433
0.0125537
0.0143049
0.0143049
0.0150171
0.0145857
0.0145857
0.0147491
0.00721695
0.00721695
0.00273484
0.00194999
0.00194999
0.00118129
-0.00123108
-0.00123108
-0.00735391
-0.00766149
-0.00766149
-0.00968447
-0.00669494
-0.00669494
-0.00883535
-0.0108139
-0.0108139
-0.00571031
-0.00524696
-0.00524696
-0.00472681
-0.00539104
-0.00539104
-0.00151278
0.000340361
0.000340361
0.00469619
0.0102619
0.0102619
0.0105436
0.00720377
0.00720377
0.00440708
0.00239816
0.00239816
0.00431048
0.00534674
0.00534674
0.00698883
0.00767552
0.00767552
0.0137113
0.0179778
0.0179778
0.0192507
0.0200248
0.0200248
0.0204375
0.0169477
0.0169477
0.0134876
0.00831467
0.00831467
0.00497407
0.000834042
0.000834042
-8.55182e-05
-0.00134162
-0.00134162
-0.00376813
-0.00376678
-0.00376678
-0.00301919
-0.00376568
-0.00376568
-0.00566775
-0.00265617
-0.00265617
0.000919066
0.00109026
0.00109026
0.00227836
-0.00169399
-0.00169399
-0.00577324
-0.00844791
-0.00844791
-0.00508328
0.00164027
0.00164027
0.00808311
0.00808188
0.00808188
0.00192336
-0.00335995
-0.00335995
-0.00637705
-0.00351911
-0.00351911
0.00632257
0.00936161
0.00936161
0.00745298
0.00435187
0.00435187
0.00220013
0.00128643
0.00128643
-0.00150928
0.0018529
0.0018529
0.00527231
0.00516143
0.00516143
0.00130816
0.00427126
0.00427126
0.0036289
0.00395716
0.00395716
0.00422453
0.00604965
0.00604965
0.00771052
0.00514603
0.00514603
0.00405471
0.00306263
0.00306263
0.000154611
0.00209959
0.00209959
0.00389846
0.00528706
0.00528706
0.0112767
0.0114269
0.0114269
0.00985924
0.0112341
0.0112341
0.00946004
0.00552456
0.00552456
0.00547581
0.00675644
0.00675644
0.0114481
0.0170597
0.0170597
0.0132494
0.0091764
0.0091764
0.00991961
0.00714238
0.00714238
0.00644898
0.0100132
0.0100132
0.0144417
0.00884843
0.00884843
0.00476672
0.00314534
0.00314534
0.00171718
0.000604978
0.000604978
0.00172527
0.000599828
0.000599828
-0.00233658
-0.00656985
-0.00656985
-0.00418911
-0.00200347
-0.00200347
0.00253379
0.00550196
0.00550196
-0.00230764
-0.00821685
-0.00821685
-0.00676239
-0.0052385
-0.0052385
-0.00102289
0.00496035
0.00496035
0.00402698
0.00381565
0.00381565
0.00221279
0.00205784
0.00205784
0.000757147
0.00860643
0.00860643
0.00721639
0.00721639
0.00399532
-0.0018776
-0.00773153
-0.00773153
-0.00611867
-0.00684936
-0.00684936
0.00262133
0.00542415
0.00542415
0.0021576
-0.00215136
-0.00215136
-0.00699526
-0.00678382
-0.00678382
-0.00193497
0.000795329
0.000795329
-0.00027876
-0.000479337
-0.000479337
-0.00545348
-0.00718734
-0.00718734
-0.00386765
0.00171945
0.00171945
0.00569079
0.00574626
0.00574626
0.00145865
-0.00358944
-0.00358944
-0.00402925
-0.00254997
-0.00254997
-0.00317349
-0.00160156
-0.00160156
0.00195848
0.00599053
0.00599053
0.010809
0.0061088
0.0061088
0.00183566
0.00269531
0.00269531
0.0025429
-0.00325891
-0.00325891
-0.00736219
-0.00271054
-0.00271054
0.00174589
0.00790589
0.00790589
0.00865796
0.00418378
0.00418378
-0.00400194
