0
0
0.00244379
0.0021734
0.00345966
0.00345966
0.00626449
0.0228459
0.0363756
0.0363756
0.0496078
0.0496078
0.0566465
0.0686354
0.0686354
0.0649173
0.0602355
0.0602355
0.049198
0.0388735
0.0388735
0.0279168
0.0196456
0.0196456
0.0140317
0.00801312
0.00801312
0.00176991
0.00312677
0.00312677
0.00312677
-0.000788604
-0.000792769
0.00561688
0.0131252
0.0192531
0.0192531
0.0245903
0.0298277
0.0298277
0.0353347
0.0353347
0.0389245
0.0389245
0.0410509
0.0410509
0.043919
0.0449473
0.0449473
0.0428527
0.0429433
0.040587
0.040587
0.0378161
0.036068
0.036068
0.0327294
0.0305474
0.0287986
0.0287986
0.0277208
0.0274372
0.0274372
0.0229431
0.0224557
0.0224557
0.0243427
0.0260751
0.0260751
0.0290998
0.0304185
0.0304185
0.0281394
0.0254689
0.0254689
0.021634
0.021634
0.0205963
0.0205142
0.0205142
0.0198386
0.0225193
0.0225193
0.025595
0.028767
0.0282187
0.0282187
0.0285272
0.0236732
0.0236732
0.0166992
0.0131865
0.0131865
0.0107921
0.0104018
0.0104018
0.00894017
0.00894017
0.00833133
0.0114699
0.0114699
0.0126938
0.0140319
0.0140319
0.0158034
0.0127573
0.0127573
0.011073
0.00721747
0.00721747
0.0095448
0.0151743
0.0151743
0.0196123
0.0199857
0.0199857
0.0214717
0.0197094
0.0197094
0.0160751
0.0118054
0.0118054
0.0104857
0.00842367
0.00842367
0.00612345
0.00873332
0.00873332
0.0105845
0.0135099
0.0135099
0.0165417
0.0198995
0.0198995
0.0185908
0.0136484
0.0136484
0.0101137
0.00942863
0.00942863
0.0106066
0.0105977
0.0105977
0.011232
0.0132373
0.0132373
0.017463
0.017463
0.0227594
0.0249126
0.0249126
0.0252327
0.0202641
0.0202641
0.0155953
0.0109436
0.0109436
0.00836541
0.0049466
0.0049466
0.0059165
0.00850236
0.00850236
0.010091
0.0120385
0.0120385
0.0113331
0.0114772
0.0114772
0.0138797
0.0121084
0.0121084
0.00747758
0.00312335
0.00312335
0.000141855
-0.00172217
-0.00172217
-0.000450472
3.923e-05
3.923e-05
9.77556e-05
0.00224293
0.00224293
0.00370011
0.00457414
0.00457414
0.00553797
0.00666926
0.00666926
0.00719422
0.00669366
0.00669366
0.00520463
0.00804593
0.00804593
0.00523618
0.00292855
0.00292855
0.00317586
0.000913628
0.000913628
0.00180056
0.00422749
0.00579924
0.00579924
0.00586193
0.00605348
0.00605348
0.0068829
0.00667058
0.00667058
0.00347026
-0.000300703
-0.000300703
-0.00463231
-0.00708883
-0.00708883
-0.00830861
-0.00843329
-0.00843329
-0.00789189
0.000276782
0.000276782
0.00426312
0.010412
0.010412
0.0120267
0.0110535
0.0110535
0.0137606
0.0171328
0.0171328
0.0128805
0.00885171
0.00885171
0.00946328
0.00753445
0.00753445
0.00381558
0.000490082
0.000490082
0.00155735
0.00104699
0.00104699
-0.00641179
-0.00895303
-0.00895303
-0.0102486
-0.011485
-0.011485
-0.00717747
-0.0078443
-0.0078443
-0.00815814
-0.00739353
-0.00739353
-0.00162147
0.00384966
0.00384966
0.0033358
0.00341998
0.00341998
0.00783768
0.0121268
0.0121268
0.0177097
0.022089
0.022089
0.0212807
0.0155628
0.0155628
0.012622
0.0094066
0.0094066
0.00889907
0.011685
0.011685
0.0123996
0.00489995
0.00489995
-0.00309785
-0.00735028
-0.00735028
-0.00431315
0.000160308
0.000160308
0.00512554
0.0100232
0.0100232
0.00834235
0.0097613
0.0097613
0.0094533
0.0080459
0.0080459
0.0043112
-0.000398251
-0.000398251
-0.000233437
0.00539055
0.00539055
0.0109255
0.00915236
0.00915236
0.0101251
0.00976564
0.00976564
0.0121415
0.0117704
0.0117704
0.0120554
0.0115006
0.0115006
0.00632166
0.00287111
0.00287111
-0.00128386
-0.00339172
-0.00339172
-0.00731669
-0.00751691
-0.00751691
-0.00738345
-0.00460197
-0.00460197
-0.00131127
-0.00122032
-0.00122032
-0.0039385
-0.00761769
-0.00761769
-0.01123
-0.0115383
-0.0115383
-0.012952
-0.011575
-0.011575
-0.00694322
-0.00917446
-0.00917446
-0.00780303
-0.0016161
-0.0016161
0.00483133
0.00401526
0.00401526
-0.00228914
-0.0030559
-0.0030559
-0.0050389
-0.00222151
-0.00222151
0.000202168
-0.00254243
-0.00254243
-0.0063428
0.00260284
0.00260284
0.00916296
0.00738826
0.00738826
0.00720706
0.00775531
0.00775531
0.00388078
0.00337037
0.00337037
0.00469171
0.00674685
0.00674685
0.0115034
0.0117322
0.0117322
0.00828395
0.00968186
0.00968186
0.00729036
0.00741688
0.00741688
0.0102855
0.0158146
0.0158146
0.0166207
0.0137019
0.0137019
0.00952681
0.0133509
0.0133509
0.0202525
0.0212224
0.0212224
0.0228667
0.022947
0.022947
0.0239091
0.0204113
0.0204113
0.0131453
0.0121987
0.0121987
0.0133274
0.0155667
0.0155667
0.0168488
0.0180831
0.0180831
0.0151459
0.0174175
0.0174175
0.0172675
0.0170677
0.0170677
0.0155896
0.0165532
0.0165532
0.0138274
0.0142727
0.0142727
0.015589
0.00681599
0.00681599
0.00153253
0.00366728
0.00366728
0.00475085
0.00636789
0.00636789
0.0077647
0.00441895
0.00441895
-5.53725e-05
-0.00294357
-0.00294357
-0.00568282
-0.000244235
-0.000244235
0.000976288
0.00172723
0.00172723
0.00199238
0.00170849
0.00170849
0.00219988
0.00289698
0.00289698
-0.00206638
-0.00874783
-0.00874783
-0.0121892
-0.0121892
-0.00865353
-0.00400181
0.00155487
0.00155487
0.00704625
0.00121459
0.00121459
-0.00460781
-0.0129884
-0.0129884
-0.013436
-0.00465685
-0.00465685
0.00610913
0.00683064
0.00683064
0.00272792
0.000419616
0.000419616
-0.00226104
-0.00323575
-0.00323575
-0.00690872
-0.00566397
-0.00566397
-0.0005643
0.00220995
0.00220995
0.00167934
0.00239278
0.00239278
0.00251076
0.000108314
0.000108314
-0.00515166
-0.00987896
-0.00987896
-0.0105738
-0.00523145
-0.00523145
-0.00065478
-0.00249992
-0.00249992
-0.00399982
-0.00400296
-0.00400296
-0.0049362
-0.00321745
-0.00321745
0.000893399
0.00670196
0.00670196
0.00946135
0.00916895
0.00916895
0.00401251
-0.00249804
-0.00249804
-0.00178093
-0.00249633
-0.00249633
-0.00531279
